% time-domain current integration by openEMS v0.0.36-16-g7d7688a @Mon Jan  6 15:30:51 2025
% start-coordinates: (-0.00252587,0.000702916,-2.6092e-05) m -> [39,70,22]
% stop-coordinates: (0.00179194,0.000702916,2.2079e-05) m -> [44,70,23]
% t/s	current
3.51657732743e-14	0
1.07009448074e-10	1.33067956654e-09
2.13983730374e-10	2.75810352335e-09
3.20958012675e-10	4.05218525401e-09
4.27932294975e-10	3.74194364383e-09
5.34906577276e-10	5.36546806984e-10
6.41880859576e-10	-6.24684926009e-09
7.48855141876e-10	-1.60694781925e-08
8.55829424177e-10	-2.54592933402e-08
9.62803706477e-10	-2.79569096762e-08
1.06977798878e-09	-1.58586601628e-08
1.17675227108e-09	1.65023177345e-08
1.28372655338e-09	6.68959856398e-08
1.39070083568e-09	1.2072726463e-07
1.49767511798e-09	1.50062831494e-07
1.60464940028e-09	1.20151753435e-07
1.71162368258e-09	4.78599737619e-09
1.81859796488e-09	-1.93314136254e-07
1.92557224718e-09	-4.24731723569e-07
2.03254652948e-09	-5.91514549342e-07
2.13952081178e-09	-5.7052932334e-07
2.24649509408e-09	-2.64414950379e-07
2.35346937638e-09	3.33879853542e-07
2.46044365868e-09	1.09063228138e-06
2.56741794098e-09	1.72935813225e-06
2.67439222328e-09	1.90102343822e-06
2.78136650559e-09	1.3221606423e-06
2.88834078789e-09	-6.14806197063e-08
2.99531507019e-09	-1.95893289856e-06
3.10228935249e-09	-3.74155706595e-06
3.20926363479e-09	-4.61481477032e-06
3.31623791709e-09	-3.92472566091e-06
3.42321219939e-09	-1.49335562583e-06
3.53018648169e-09	2.1686682885e-06
3.63716076399e-09	5.9059943851e-06
3.74413504629e-09	8.26280847832e-06
3.85110932859e-09	8.03770126367e-06
3.95808361089e-09	4.84021848024e-06
4.06505789319e-09	-6.02238856118e-07
4.17203217549e-09	-6.56786096442e-06
4.27900645779e-09	-1.09059537863e-05
4.38598074009e-09	-1.18561938507e-05
4.49295502239e-09	-8.79437175172e-06
4.59992930469e-09	-2.57468695963e-06
4.70690358699e-09	4.71235125588e-06
4.81387786929e-09	1.05024637378e-05
4.92085215159e-09	1.27439789139e-05
5.02782643389e-09	1.07003197627e-05
5.13480071619e-09	5.22866912434e-06
5.2417749985e-09	-1.5836253624e-06
5.3487492808e-09	-7.2669599831e-06
5.4557235631e-09	-9.93819503492e-06
5.5626978454e-09	-8.98485086509e-06
5.6696721277e-09	-5.19661989529e-06
5.77664641e-09	-3.25269525092e-07
5.8836206923e-09	3.70190741705e-06
5.9905949746e-09	5.55960014026e-06
6.0975692569e-09	4.97085193274e-06
6.2045435392e-09	2.67114614871e-06
6.3115178215e-09	-4.07762570376e-08
6.4184921038e-09	-1.9275030354e-06
6.5254663861e-09	-2.32742581829e-06
6.6324406684e-09	-1.35422260428e-06
6.7394149507e-09	2.64132040684e-07
6.846389233e-09	1.59244655151e-06
6.9533635153e-09	1.93625419342e-06
7.0603377976e-09	1.13313080874e-06
7.1673120799e-09	-4.19546637431e-07
7.2742863622e-09	-1.98351676772e-06
7.3812606445e-09	-2.8270369512e-06
7.4882349268e-09	-2.54281371781e-06
7.59520920911e-09	-1.20782465274e-06
7.70218349141e-09	6.6620555117e-07
7.80915777371e-09	2.35455422626e-06
7.91613205601e-09	3.21259426528e-06
8.02310633831e-09	2.92172239824e-06
8.13008062061e-09	1.59797855304e-06
8.23705490291e-09	-2.67274117505e-07
8.34402918521e-09	-2.00149975171e-06
8.45100346751e-09	-3.00047099699e-06
8.55797774981e-09	-2.94026699521e-06
8.66495203211e-09	-1.87899809134e-06
8.77192631441e-09	-2.19330516416e-07
8.87890059671e-09	1.44689556691e-06
8.98587487901e-09	2.55146028394e-06
9.09284916131e-09	2.74353715213e-06
9.19982344361e-09	1.99918144972e-06
9.30679772591e-09	6.13812574102e-07
9.41377200821e-09	-9.13639382816e-07
9.52074629051e-09	-2.05987385016e-06
9.62772057281e-09	-2.45530122811e-06
9.73469485511e-09	-2.00260205929e-06
9.84166913741e-09	-8.95523555755e-07
9.94864341972e-09	4.60474240072e-07
1.0055617702e-08	1.59540741151e-06
1.01625919843e-08	2.13715770769e-06
1.02695662666e-08	1.93189816855e-06
1.03765405489e-08	1.08532560716e-06
1.04835148312e-08	-8.54646060588e-08
1.05904891135e-08	-1.16947865081e-06
1.06974633958e-08	-1.80513393389e-06
1.08044376781e-08	-1.79977939752e-06
1.09114119604e-08	-1.18662694604e-06
1.10183862427e-08	-2.02318844345e-07
1.1125360525e-08	8.02816771284e-07
1.12323348073e-08	1.48856497617e-06
1.13393090896e-08	1.63911897744e-06
1.14462833719e-08	1.2298233969e-06
1.15532576542e-08	4.26172164225e-07
1.16602319365e-08	-4.81352799397e-07
1.17672062188e-08	-1.18136529181e-06
1.18741805011e-08	-1.44777982314e-06
1.19811547834e-08	-1.21186951674e-06
1.20881290657e-08	-5.77838022764e-07
1.2195103348e-08	2.20892701464e-07
1.23020776303e-08	9.06698460312e-07
1.24090519126e-08	1.2536658005e-06
1.25160261949e-08	1.16127205274e-06
1.26230004772e-08	6.8215877036e-07
1.27299747595e-08	-3.06157810215e-09
1.28369490418e-08	-6.5307068553e-07
1.29439233241e-08	-1.05021092622e-06
1.30508976064e-08	-1.07282676254e-06
1.31578718887e-08	-7.31584577807e-07
1.3264846171e-08	-1.5945569487e-07
1.33718204533e-08	4.39202949565e-07
1.34787947356e-08	8.61049670675e-07
1.35857690179e-08	9.72366024143e-07
1.36927433002e-08	7.50766673718e-07
1.37997175825e-08	2.87310797376e-07
1.39066918648e-08	-2.49768532967e-07
1.40136661471e-08	-6.75616547596e-07
1.41206404294e-08	-8.51942900226e-07
1.42276147117e-08	-7.31456452741e-07
1.4334588994e-08	-3.6932351577e-07
1.44415632763e-08	1.00427534733e-07
1.45485375586e-08	5.14001897045e-07
1.46555118409e-08	7.34573745831e-07
1.47624861232e-08	6.97135078553e-07
1.48694604055e-08	4.26941852538e-07
1.49764346878e-08	2.65533177668e-08
1.50834089701e-08	-3.62539452681e-07
1.51903832524e-08	-6.09574158261e-07
1.52973575347e-08	-6.38125641217e-07
1.5404331817e-08	-4.49241525757e-07
1.55113060993e-08	-1.17298810665e-07
1.56182803816e-08	2.38684805254e-07
1.57252546639e-08	4.97391908993e-07
1.58322289462e-08	5.76278864628e-07
1.59392032285e-08	4.57502551399e-07
1.60461775108e-08	1.90815626411e-07
1.61531517931e-08	-1.26544605905e-07
1.62601260754e-08	-3.84999822245e-07
1.63671003577e-08	-5.00204748732e-07
1.647407464e-08	-4.40286186176e-07
1.65810489223e-08	-2.34020873791e-07
1.66880232046e-08	4.18175254424e-08
1.67949974869e-08	2.90743344067e-07
1.69019717692e-08	4.30058975098e-07
1.70089460515e-08	4.18106679945e-07
1.71159203338e-08	2.66319290176e-07
1.72228946161e-08	3.27589937399e-08
1.73298688984e-08	-1.99759071506e-07
1.74368431807e-08	-3.52806438286e-07
1.7543817463e-08	-3.7862383806e-07
1.76507917453e-08	-2.74716285276e-07
1.77577660276e-08	-8.2494963749e-08
1.78647403099e-08	1.288542677e-07
1.79717145922e-08	2.87064978011e-07
1.80786888745e-08	3.41343508126e-07
1.81856631569e-08	2.78455758007e-07
1.82926374392e-08	1.25350169355e-07
1.83996117215e-08	-6.18912281425e-08
1.85065860038e-08	-2.18407308239e-07
1.86135602861e-08	-2.92882930353e-07
1.87205345684e-08	-2.64189196741e-07
1.88275088507e-08	-1.47057278355e-07
1.8934483133e-08	1.46633851728e-08
1.90414574153e-08	1.64207875741e-07
1.91484316976e-08	2.51705898791e-07
1.92554059799e-08	2.50663816814e-07
1.93623802622e-08	1.65760127402e-07
1.94693545445e-08	2.97478859324e-08
1.95763288268e-08	-1.08970525048e-07
1.96833031091e-08	-2.03450724712e-07
1.97902773914e-08	-2.23962842938e-07
1.98972516737e-08	-1.67210501445e-07
2.0004225956e-08	-5.61170843127e-08
2.01112002383e-08	6.91648480711e-08
2.02181745206e-08	1.65664118867e-07
2.03251488029e-08	2.02216824619e-07
2.04321230852e-08	1.69422122553e-07
2.05390973675e-08	8.17354006699e-08
2.06460716498e-08	-2.85655303855e-08
2.07530459321e-08	-1.23150030618e-07
2.08600202144e-08	-1.70867338056e-07
2.09669944967e-08	-1.57904423759e-07
2.1073968779e-08	-9.15996025697e-08
2.11809430613e-08	3.05475467144e-09
2.12879173436e-08	9.27377854509e-08
2.13948916259e-08	1.47418575125e-07
2.15018659082e-08	1.50358516748e-07
2.16088401905e-08	1.03094990322e-07
2.17158144728e-08	2.40278943409e-08
2.18227887551e-08	-5.85953969789e-08
2.19297630374e-08	-1.16724180543e-07
2.20367373197e-08	-1.31934726255e-07
2.2143711602e-08	-1.0119496352e-07
2.22506858843e-08	-3.71224864182e-08
2.23576601666e-08	3.70279735762e-08
2.24646344489e-08	9.57388337497e-08
2.25716087312e-08	1.1995430782e-07
2.26785830135e-08	1.03183303679e-07
2.27855572958e-08	5.30926413944e-08
2.28925315781e-08	-1.17831051583e-08
2.29995058604e-08	-6.88290953121e-08
2.31064801427e-08	-9.91738318135e-08
2.3213454425e-08	-9.38830595487e-08
2.33204287073e-08	-5.64844064854e-08
2.34274029896e-08	-1.16718257281e-09
2.35343772719e-08	5.25178869282e-08
2.36413515542e-08	8.65398632754e-08
2.37483258365e-08	9.03730565938e-08
2.38553001188e-08	6.42026307673e-08
2.39622744011e-08	1.83290200795e-08
2.40692486834e-08	-3.08082448441e-08
2.41762229657e-08	-6.646303774e-08
2.4283197248e-08	-7.72590240672e-08
2.43901715303e-08	-6.07744965464e-08
2.44971458126e-08	-2.3900696533e-08
2.46041200949e-08	1.991857701e-08
2.47110943772e-08	5.55561143756e-08
2.48180686595e-08	7.13847185807e-08
2.49250429418e-08	6.30319476613e-08
2.50320172241e-08	3.4496057566e-08
2.51389915064e-08	-3.60354457385e-09
2.52459657887e-08	-3.79395679317e-08
