% time-domain voltage integration by openEMS v0.0.36-16-g7d7688a @Mon Jan  6 15:30:51 2025
% start-coordinates: (0.000603382,0.000200316,2.2079e-05) m -> [42,68,23]
% stop-coordinates: (0.000603382,0.00216797,2.2079e-05) m -> [42,74,23]
% t/s	voltage
0	-0
1.069742823e-10	1.71542914984e-07
2.13948564601e-10	2.13487261647e-07
3.20922846901e-10	1.45390838924e-07
4.27897129202e-10	-9.26871486229e-08
5.34871411502e-10	-5.23316504797e-07
6.41845693803e-10	-1.06045482084e-06
7.48819976103e-10	-1.43244989204e-06
8.55794258404e-10	-1.2378369405e-06
9.62768540704e-10	-7.62583027836e-08
1.069742823e-09	2.19107290889e-06
1.1767171053e-09	5.10393260811e-06
1.28369138761e-09	7.43539573023e-06
1.39066566991e-09	7.32598982722e-06
1.49763995221e-09	2.95556492347e-06
1.60461423451e-09	-6.32224998753e-06
1.71158851681e-09	-1.87758972743e-05
1.81856279911e-09	-2.96870823604e-05
1.92553708141e-09	-3.2148304399e-05
2.03251136371e-09	-1.95911097762e-05
2.13948564601e-09	1.0350415323e-05
2.24645992831e-09	5.21818960806e-05
2.35343421061e-09	9.12654386411e-05
2.46040849291e-09	0.000106875468191
2.56738277521e-09	8.00240932222e-05
2.67435705751e-09	4.00078897655e-06
2.78133133981e-09	-0.000106865549242
2.88830562211e-09	-0.000215639474845
2.99527990441e-09	-0.000272071050858
3.10225418671e-09	-0.000232010886975
3.20922846901e-09	-8.05370800663e-05
3.31620275131e-09	0.000151646618178
3.42317703361e-09	0.000388825672417
3.53015131591e-09	0.000532449845196
3.63712559822e-09	0.000499814635987
3.74409988052e-09	0.00026464581606
3.85107416282e-09	-0.000119291289593
3.95804844512e-09	-0.000526146486663
4.06502272742e-09	-0.000799643647042
4.17199700972e-09	-0.000814828505099
4.27897129202e-09	-0.000534718863491
4.38594557432e-09	-3.56433738489e-05
4.49291985662e-09	0.000513434035383
4.59989413892e-09	0.000912628107471
4.70686842122e-09	0.00100979432318
4.81384270352e-09	0.000762919065892
4.92081698582e-09	0.000258807529463
5.02779126812e-09	-0.000320700110024
5.13476555042e-09	-0.000770726437622
5.24173983272e-09	-0.000942705715715
5.34871411502e-09	-0.000797773500381
5.45568839732e-09	-0.000413445595768
5.56266267962e-09	5.5935124692e-05
5.66963696192e-09	0.000444818622782
5.77661124422e-09	0.000638739140413
5.88358552652e-09	0.000608457881754
5.99055980883e-09	0.000406096376537
6.09753409113e-09	0.000130821612402
6.20450837343e-09	-0.000116725299449
6.31148265573e-09	-0.000270633276159
6.41845693803e-09	-0.000313867642035
6.52543122033e-09	-0.000269735228358
6.63240550263e-09	-0.00018003632249
6.73937978493e-09	-8.29132022773e-05
6.84635406723e-09	-2.76253558695e-07
6.95332834953e-09	6.23856994935e-05
7.06030263183e-09	0.000107782957457
7.16727691413e-09	0.000137443108542
7.27425119643e-09	0.000147238039062
7.38122547873e-09	0.000129790148094
7.48819976103e-09	8.12871749076e-05
7.59517404333e-09	7.83865698395e-06
7.70214832563e-09	-7.29460584807e-05
7.80912260793e-09	-0.00013666097675
7.91609689023e-09	-0.000161196087902
8.02307117253e-09	-0.000136054713948
8.13004545483e-09	-6.75862474964e-05
8.23701973713e-09	2.23277232863e-05
8.34399401944e-09	0.000103759842204
8.45096830174e-09	0.000149451055222
8.55794258404e-09	0.000144581304085
8.66491686634e-09	9.19209187487e-05
8.77189114864e-09	1.0558758845e-05
8.87886543094e-09	-7.11390971446e-05
8.98583971324e-09	-0.000125619144455
9.09281399554e-09	-0.000135593567393
9.19978827784e-09	-9.95697400867e-05
9.30676256014e-09	-3.17158840062e-05
9.41373684244e-09	4.36389882452e-05
9.52071112474e-09	0.000100722591924
9.62768540704e-09	0.000121186917568
9.73465968934e-09	9.98031327981e-05
9.84163397164e-09	4.57839678347e-05
9.94860825394e-09	-2.10525744251e-05
1.00555825362e-08	-7.75137195888e-05
1.01625568185e-08	-0.000105057305518
1.02695311008e-08	-9.58015471042e-05
1.03765053831e-08	-5.46646219846e-05
1.04834796654e-08	2.91013309095e-06
1.05904539477e-08	5.66874750803e-05
1.069742823e-08	8.87043388502e-05
1.08044025123e-08	8.92175835361e-05
1.09113767946e-08	5.95972774136e-05
1.10183510769e-08	1.1312468132e-05
1.11253253592e-08	-3.84284628581e-05
1.12322996415e-08	-7.27691599423e-05
1.13392739238e-08	-8.08735617284e-05
1.14462482061e-08	-6.12881544839e-05
1.15532224884e-08	-2.19763637688e-05
1.16601967707e-08	2.28309351087e-05
1.1767171053e-08	5.77422715651e-05
1.18741453354e-08	7.14592838449e-05
1.19811196177e-08	6.03889320701e-05
1.20880939e-08	2.94799983749e-05
1.21950681823e-08	-9.86706118056e-06
1.23020424646e-08	-4.39596926753e-05
1.24090167469e-08	-6.15501703578e-05
1.25159910292e-08	-5.75089893573e-05
1.26229653115e-08	-3.42567711868e-05
1.27299395938e-08	-5.80139953854e-07
1.28369138761e-08	3.16458676934e-05
1.29438881584e-08	5.16162681379e-05
1.30508624407e-08	5.31906266588e-05
1.3157836723e-08	3.6736916627e-05
1.32648110053e-08	8.68970187184e-06
1.33717852876e-08	-2.0918820951e-05
1.34787595699e-08	-4.20201038196e-05
1.35857338522e-08	-4.79087325402e-05
1.36927081345e-08	-3.73411185137e-05
1.37996824168e-08	-1.46881308183e-05
1.39066566991e-08	1.18144774888e-05
1.40136309814e-08	3.30342545567e-05
1.41206052637e-08	4.20677074544e-05
1.4227579546e-08	3.64625027487e-05
1.43345538283e-08	1.88258280787e-05
1.44415281106e-08	-4.30181398769e-06
1.45485023929e-08	-2.48470084898e-05
1.46554766752e-08	-3.60023884696e-05
1.47624509575e-08	-3.44619500083e-05
1.48694252398e-08	-2.13667548223e-05
1.49763995221e-08	-1.70070200056e-06
1.50833738044e-08	1.75777612412e-05
1.51903480867e-08	2.99816913412e-05
1.5297322369e-08	3.16605169246e-05
1.54042966513e-08	2.25724762686e-05
1.55112709336e-08	6.31097231008e-06
1.56182452159e-08	-1.12853761038e-05
1.57252194982e-08	-2.42126793637e-05
1.58321937805e-08	-2.83368221972e-05
1.59391680628e-08	-2.26960441978e-05
1.60461423451e-08	-9.67144740116e-06
1.61531166274e-08	5.98015810738e-06
1.62600909097e-08	1.88485593071e-05
1.6367065192e-08	2.47264138125e-05
1.64740394743e-08	2.19724903445e-05
1.65810137566e-08	1.19374694805e-05
1.66879880389e-08	-1.63531441899e-06
1.67949623212e-08	-1.39929067018e-05
1.69019366035e-08	-2.10237868714e-05
1.70089108858e-08	-2.06157619687e-05
1.71158851681e-08	-1.32702646169e-05
1.72228594504e-08	-1.80537240624e-06
1.73298337327e-08	9.70835947101e-06
1.7436808015e-08	1.73825103502e-05
1.75437822973e-08	1.8815339331e-05
1.76507565796e-08	1.38282211992e-05
1.77577308619e-08	4.41813094199e-06
1.78647051442e-08	-6.02308222142e-06
1.79716794265e-08	-1.39208478913e-05
1.80786537088e-08	-1.67346357784e-05
1.81856279911e-08	-1.37632113137e-05
1.82926022734e-08	-6.29197404578e-06
1.83995765557e-08	2.93717086208e-06
1.8506550838e-08	1.07239457066e-05
1.86135251203e-08	1.45110585663e-05
1.87204994026e-08	1.32155594201e-05
1.88274736849e-08	7.52334472054e-06
1.89344479672e-08	-4.29579770866e-07
1.90414222495e-08	-7.8485860513e-06
1.91483965318e-08	-1.22560858244e-05
1.92553708141e-08	-1.23119885984e-05
1.93623450964e-08	-8.21005238549e-06
1.94693193787e-08	-1.53775994249e-06
1.9576293661e-08	5.3270330227e-06
1.96832679433e-08	1.00587255361e-05
1.97902422256e-08	1.11642171419e-05
1.98972165079e-08	8.44815576784e-06
2.00041907902e-08	3.01369522049e-06
2.01111650725e-08	-3.17227085134e-06
2.02181393548e-08	-7.98502480848e-06
2.03251136371e-08	-9.8675773188e-06
2.04320879194e-08	-8.32807734241e-06
2.05390622017e-08	-4.05333054232e-06
2.0646036484e-08	1.38052423893e-06
2.07530107663e-08	6.08273109037e-06
2.08599850486e-08	8.50223113957e-06
2.09669593309e-08	7.9340885577e-06
2.10739336132e-08	4.71594108831e-06
2.11809078955e-08	6.39284660764e-08
2.12878821778e-08	-4.38254650703e-06
2.13948564601e-08	-7.13243866812e-06
2.15018307424e-08	-7.34092043331e-06
2.16088050247e-08	-5.06163627279e-06
2.1715779307e-08	-1.18549474593e-06
2.18227535893e-08	2.9010240894e-06
2.19297278716e-08	5.80880740131e-06
2.20367021539e-08	6.61407756297e-06
2.21436764362e-08	5.14785324413e-06
2.22506507185e-08	2.01593930171e-06
2.23576250008e-08	-1.64305410522e-06
2.24645992831e-08	-4.56886834854e-06
2.25715735654e-08	-5.80963592256e-06
2.26785478477e-08	-5.02897967181e-06
2.278552213e-08	-2.58943852316e-06
2.28924964123e-08	6.04823362949e-07
2.29994706946e-08	3.43877727005e-06
2.31064449769e-08	4.97356515439e-06
2.32134192592e-08	4.75484063145e-06
2.33203935415e-08	2.94220095043e-06
2.34273678238e-08	2.25257334563e-07
2.35343421061e-08	-2.43494582719e-06
2.36413163884e-08	-4.14329383602e-06
2.37482906707e-08	-4.36983367536e-06
2.3855264953e-08	-3.11058309421e-06
2.39622392353e-08	-8.63061686118e-07
2.40692135176e-08	1.56587101685e-06
2.41761877999e-08	3.34755182507e-06
2.42831620822e-08	3.91223917973e-06
2.43901363645e-08	3.12918524514e-06
2.44971106468e-08	1.32839754485e-06
2.46040849291e-08	-8.32923397809e-07
2.47110592114e-08	-2.60727351531e-06
2.48180334937e-08	-3.41496169654e-06
2.4925007776e-08	-3.03073250052e-06
2.50319820583e-08	-1.64252431034e-06
2.51389563406e-08	2.32296559766e-07
2.52459306229e-08	1.93695468909e-06
