% time-domain voltage integration by openEMS v0.0.36-16-g7d7688a @Sat Jan  4 15:48:55 2025
% start-coordinates: (0,-0.00911115,2.2079e-05) m -> [40,49,23]
% stop-coordinates: (0,-0.00687496,2.2079e-05) m -> [40,56,23]
% t/s	voltage
0	-0
1.06980130619e-10	2.67699871159e-07
2.13960261238e-10	3.98715158667e-07
3.20940391856e-10	3.43551093351e-07
4.27920522475e-10	-4.11440286285e-08
5.34900653094e-10	-7.76130121949e-07
6.41880783713e-10	-1.78187568167e-06
7.48860914332e-10	-2.63747608642e-06
8.5584104495e-10	-2.61005490643e-06
9.62821175569e-10	-8.99976726032e-07
1.06980130619e-09	2.92849310313e-06
1.17678143681e-09	8.34664922422e-06
1.28376156743e-09	1.33863460405e-05
1.39074169804e-09	1.47376094901e-05
1.49772182866e-09	8.74240947724e-06
1.60470195928e-09	-6.62725642542e-06
1.7116820899e-09	-2.94366216167e-05
1.81866222052e-09	-5.21941242368e-05
1.92564235114e-09	-6.25525171927e-05
2.03262248176e-09	-4.72378592349e-05
2.13960261238e-09	1.12692805487e-06
2.246582743e-09	7.66479115555e-05
2.35356287361e-09	0.000156113253979
2.46054300423e-09	0.000202305775019
2.56752313485e-09	0.000176476991328
2.67450326547e-09	5.7485131947e-05
2.78148339609e-09	-0.000139744155604
2.88846352671e-09	-0.000356551263394
2.99544365733e-09	-0.000502012444485
3.10242378795e-09	-0.000484903044708
3.20940391856e-09	-0.000257047635387
3.31638404918e-09	0.000149952986249
3.4233641798e-09	0.000615080047282
3.53034431042e-09	0.000958007534791
3.63732444104e-09	0.00100511180062
3.74430457166e-09	0.000668662665703
3.85128470228e-09	4.51603045803e-06
3.9582648329e-09	-0.000783409544965
4.06524496351e-09	-0.00140429631574
4.17222509413e-09	-0.00159047488705
4.27920522475e-09	-0.00121378189942
4.38618535537e-09	-0.000356498247129
4.49316548599e-09	0.000700377073372
4.60014561661e-09	0.00157483917428
4.70712574723e-09	0.00193201110233
4.81410587785e-09	0.00162163456844
4.92108600847e-09	0.000744902929
5.02806613908e-09	-0.000380624711397
5.1350462697e-09	-0.00134523738234
5.24202640032e-09	-0.00180846315925
5.34900653094e-09	-0.00162954370899
5.45598666156e-09	-0.000913373492949
5.56296679218e-09	4.38678471255e-05
5.6699469228e-09	0.000881744679646
5.77692705342e-09	0.00131840576068
5.88390718403e-09	0.00124981300905
5.99088731465e-09	0.000769188816776
6.09786744527e-09	0.000107254702016
6.20484757589e-09	-0.000473392577987
6.31182770651e-09	-0.000781577909947
6.41880783713e-09	-0.000757722533308
6.52578796775e-09	-0.000473678672279
6.63276809837e-09	-8.22464025987e-05
6.73974822899e-09	0.00025489975269
6.8467283596e-09	0.000428652419941
6.95370849022e-09	0.000411523826187
7.06068862084e-09	0.000249940641879
7.16766875146e-09	3.09323804686e-05
7.27464888208e-09	-0.00015810345576
7.3816290127e-09	-0.000259762489804
7.48860914332e-09	-0.000258520474745
7.59558927394e-09	-0.000175033605046
7.70256940455e-09	-5.01214385622e-05
7.80954953517e-09	7.2787015597e-05
7.91652966579e-09	0.000160450697877
8.02350979641e-09	0.000195644959604
8.13048992703e-09	0.00017710568136
8.23747005765e-09	0.000116052077828
8.34445018827e-09	3.14317892389e-05
8.45143031889e-09	-5.49649566892e-05
8.5584104495e-09	-0.000123091291243
8.66539058012e-09	-0.000158581033247
8.77237071074e-09	-0.000155451147293
8.87935084136e-09	-0.000116891334073
8.98633097198e-09	-5.38706931366e-05
9.0933111026e-09	1.80353285941e-05
9.20029123322e-09	8.25735669423e-05
9.30727136384e-09	0.000126358218949
9.41425149446e-09	0.00014124556219
9.52123162507e-09	0.000125336115161
9.62821175569e-09	8.2920110799e-05
9.73519188631e-09	2.32427257743e-05
9.84217201693e-09	-4.09330818911e-05
9.94915214755e-09	-9.56059302553e-05
1.00561322782e-08	-0.000128476659484
1.01631124088e-08	-0.000131908240292
1.02700925394e-08	-0.000105072194856
1.037707267e-08	-5.44191807421e-05
1.04840528006e-08	7.81201140398e-06
1.05910329313e-08	6.67644162604e-05
1.06980130619e-08	0.000108841978545
1.08049931925e-08	0.00012503922153
1.09119733231e-08	0.000112787688522
1.10189534537e-08	7.60066313887e-05
1.11259335844e-08	2.36826222135e-05
1.1232913715e-08	-3.24103377807e-05
1.13398938456e-08	-8.02087661214e-05
1.14468739762e-08	-0.000109655165943
1.15538541068e-08	-0.000114595935884
1.16608342375e-08	-9.4053644716e-05
1.17678143681e-08	-5.26167782482e-05
1.18747944987e-08	3.3664480803e-07
1.19817746293e-08	5.26257040292e-05
1.20887547599e-08	9.21412492971e-05
1.21957348905e-08	0.000109859680379
1.23027150212e-08	0.000102102759229
1.24096951518e-08	7.1343352829e-05
1.25166752824e-08	2.53568380231e-05
1.2623655413e-08	-2.49318679835e-05
1.27306355436e-08	-6.81773517499e-05
1.28376156743e-08	-9.51479132709e-05
1.29445958049e-08	-0.00010052878406
1.30515759355e-08	-8.37545276227e-05
1.31585560661e-08	-4.89139260935e-05
1.32655361967e-08	-3.83036842777e-06
1.33725163274e-08	4.15202962358e-05
1.3479496458e-08	7.70685128373e-05
1.35864765886e-08	9.48603183133e-05
1.36934567192e-08	9.09461941774e-05
1.38004368498e-08	6.6414039793e-05
1.39074169804e-08	2.719337499e-05
1.40143971111e-08	-1.73970652213e-05
1.41213772417e-08	-5.6985737956e-05
1.42283573723e-08	-8.26881068861e-05
1.43353375029e-08	-8.91450172276e-05
1.44423176335e-08	-7.55606733946e-05
1.45492977642e-08	-4.56039292658e-05
1.46562778948e-08	-6.34269980537e-06
1.47632580254e-08	3.34195924552e-05
1.4870238156e-08	6.5023418756e-05
1.49772182866e-08	8.17142808955e-05
1.50841984173e-08	8.00154566605e-05
1.51911785479e-08	6.04797737651e-05
1.52981586785e-08	2.76282307823e-05
1.54051388091e-08	-1.09965291131e-05
1.55121189397e-08	-4.65344478471e-05
1.56190990703e-08	-7.08949455657e-05
1.5726079201e-08	-7.86959626566e-05
1.58330593316e-08	-6.85183649693e-05
1.59400394622e-08	-4.31420444329e-05
1.60470195928e-08	-8.73497231169e-06
1.61539997234e-08	2.67229515885e-05
1.62609798541e-08	5.53277450308e-05
1.63679599847e-08	7.0974105256e-05
1.64749401153e-08	7.05739757905e-05
1.65819202459e-08	5.4581295899e-05
1.66889003765e-08	2.67985251412e-05
1.67958805072e-08	-6.47486621119e-06
1.69028606378e-08	-3.77919886887e-05
1.70098407684e-08	-6.01766541877e-05
1.7116820899e-08	-6.86858065819e-05
1.72238010296e-08	-6.15596045463e-05
1.73307811602e-08	-4.06448571084e-05
1.74377612909e-08	-1.09487151576e-05
1.75447414215e-08	2.05849703434e-05
1.76517215521e-08	4.67571235276e-05
1.77587016827e-08	6.18008280071e-05
1.78656818133e-08	6.26522705716e-05
1.7972661944e-08	4.952371728e-05
1.80796420746e-08	2.57070275893e-05
1.81866222052e-08	-3.27146256041e-06
1.82936023358e-08	-3.09168078729e-05
1.84005824664e-08	-5.11700891366e-05
1.85075625971e-08	-5.96864074396e-05
1.86145427277e-08	-5.47506815565e-05
1.87215228583e-08	-3.76438929379e-05
1.88285029889e-08	-1.23633650446e-05
1.89354831195e-08	1.52755529825e-05
1.90424632501e-08	3.8975917505e-05
1.91494433808e-08	5.34286236871e-05
1.92564235114e-08	5.55377264391e-05
1.9363403642e-08	4.51023051937e-05
1.94703837726e-08	2.47830396347e-05
1.95773639032e-08	-6.0274657443e-07
1.96843440339e-08	-2.52523459494e-05
1.97913241645e-08	-4.37068961219e-05
1.98983042951e-08	-5.2035317367e-05
2.00052844257e-08	-4.8630213314e-05
2.01122645563e-08	-3.44868985849e-05
2.0219244687e-08	-1.2932940308e-05
2.03262248176e-08	1.11243214178e-05
2.04332049482e-08	3.22826745105e-05
2.05401850788e-08	4.58440258626e-05
2.06471652094e-08	4.88705613861e-05
2.075414534e-08	4.0846245156e-05
2.08611254707e-08	2.37787726292e-05
2.09681056013e-08	1.70512292641e-06
2.10750857319e-08	-2.02805342724e-05
2.11820658625e-08	-3.7225622691e-05
2.12890459931e-08	-4.54487321804e-05
2.13960261238e-08	-4.33282530139e-05
2.15030062544e-08	-3.15946781484e-05
2.1609986385e-08	-1.30853144356e-05
2.17169665156e-08	7.94297147877e-06
2.18239466462e-08	2.6779111522e-05
2.19309267769e-08	3.92890942749e-05
2.20379069075e-08	4.28049143011e-05
2.21448870381e-08	3.66910580851e-05
2.22518671687e-08	2.24691036692e-05
2.23588472993e-08	3.46023972497e-06
2.246582743e-08	-1.59759080134e-05
2.25728075606e-08	-3.14479721055e-05
2.26797876912e-08	-3.95406482312e-05
2.27867678218e-08	-3.85816310882e-05
2.28937479524e-08	-2.89864301521e-05
2.3000728083e-08	-1.31101782017e-05
2.31077082137e-08	5.34349572945e-06
2.32146883443e-08	2.21944296754e-05
2.33216684749e-08	3.37301489708e-05
2.34286486055e-08	3.75069084839e-05
2.35356287361e-08	3.28513442582e-05
2.36426088668e-08	2.09649501812e-05
2.37495889974e-08	4.62599587081e-06
2.3856569128e-08	-1.24444748053e-05
2.39635492586e-08	-2.64177026565e-05
2.40705293892e-08	-3.42136540894e-05
2.41775095199e-08	-3.41865338669e-05
2.42844896505e-08	-2.64836355655e-05
2.43914697811e-08	-1.29858282207e-05
2.44984499117e-08	3.15001713602e-06
2.46054300423e-08	1.82384032996e-05
2.47124101729e-08	2.89152719688e-05
2.48193903036e-08	3.28905603055e-05
2.49263704342e-08	2.94307315016e-05
2.50333505648e-08	1.94769238533e-05
2.51403306954e-08	5.38924331295e-06
2.5247310826e-08	-9.61114540132e-06
2.53542909567e-08	-2.21693032927e-05
2.54612710873e-08	-2.95357224331e-05
2.55682512179e-08	-3.01630454942e-05
2.56752313485e-08	-2.40307876993e-05
2.57822114791e-08	-1.26310834503e-05
2.58891916098e-08	1.38480839951e-06
2.59961717404e-08	1.48196143073e-05
2.6103151871e-08	2.46630040692e-05
2.62101320016e-08	2.87736779683e-05
2.63171121322e-08	2.63470697064e-05
2.64240922628e-08	1.80695176368e-05
2.65310723935e-08	5.92571308289e-06
2.66380525241e-08	-7.28259118432e-06
2.67450326547e-08	-1.85832427633e-05
2.68520127853e-08	-2.54985682204e-05
2.69589929159e-08	-2.65817325271e-05
2.70659730466e-08	-2.17108183733e-05
2.71729531772e-08	-1.20878370353e-05
2.72799333078e-08	5.06465376304e-08
2.73869134384e-08	1.19458770769e-05
2.7493893569e-08	2.09406223348e-05
2.76008736997e-08	2.50713319474e-05
2.77078538303e-08	2.35014319969e-05
2.78148339609e-08	1.66927866303e-05
2.79218140915e-08	6.27825073707e-06
2.80287942221e-08	-5.32926020469e-06
2.81357743527e-08	-1.55008415277e-05
2.82427544834e-08	-2.19882770125e-05
2.8349734614e-08	-2.3421016067e-05
2.84567147446e-08	-1.95895272554e-05
2.85636948752e-08	-1.14627623589e-05
2.86706750058e-08	-9.43343785309e-07
2.87776551365e-08	9.57395559453e-06
2.88846352671e-08	1.77440263087e-05
2.89916153977e-08	2.17888475618e-05
2.90985955283e-08	2.08827771075e-05
2.92055756589e-08	1.53205896822e-05
2.93125557896e-08	6.435304158e-06
2.94195359202e-08	-3.71860016912e-06
2.95265160508e-08	-1.28383712763e-05
2.96334961814e-08	-1.88976380286e-05
2.9740476312e-08	-2.05987932986e-05
2.98474564426e-08	-1.76514663508e-05
2.99544365733e-08	-1.08143129864e-05
3.00614167039e-08	-1.70121505505e-06
3.01683968345e-08	7.60195149496e-06
3.02753769651e-08	1.50131588725e-05
3.03823570957e-08	1.89182703707e-05
3.04893372264e-08	1.85179762866e-05
3.0596317357e-08	1.39884264172e-05
3.07032974876e-08	6.42191861289e-06
3.08102776182e-08	-2.43263548327e-06
3.09172577488e-08	-1.05701722077e-05
3.10242378795e-08	-1.61829220815e-05
3.11312180101e-08	-1.80608872142e-05
3.12381981407e-08	-1.58557954819e-05
3.13451782713e-08	-1.01425827097e-05
3.14521584019e-08	-2.27321658031e-06
3.15591385325e-08	5.94415746491e-06
