% time-domain current integration by openEMS v0.0.36-16-g7d7688a @Sat Jan  4 15:48:55 2025
% start-coordinates: (-0.00252587,-0.00810881,-2.6092e-05) m -> [37,52,22]
% stop-coordinates: (0.00179194,-0.00810881,2.2079e-05) m -> [43,52,23]
% t/s	current
3.39619462282e-14	0
1.07014092565e-10	2.44370923497e-09
2.13994223184e-10	3.84729981207e-09
3.20974353803e-10	4.9662847168e-09
4.27954484421e-10	4.46343939586e-09
5.3493461504e-10	-4.35464109216e-10
6.41914745659e-10	-9.71999458699e-09
7.48894876278e-10	-2.20237730275e-08
8.55875006897e-10	-3.28450724396e-08
9.62855137516e-10	-3.37964820574e-08
1.06983526813e-09	-1.54688475362e-08
1.17681539875e-09	2.784757136e-08
1.28379552937e-09	9.16729447908e-08
1.39077565999e-09	1.55997625484e-07
1.49775579061e-09	1.85452364576e-07
1.60473592123e-09	1.38232863378e-07
1.71171605185e-09	-1.42479068543e-08
1.81869618247e-09	-2.63337653905e-07
1.92567631308e-09	-5.43638918771e-07
2.0326564437e-09	-7.33680963094e-07
2.13963657432e-09	-6.86810608386e-07
2.24661670494e-09	-2.92947504477e-07
2.35359683556e-09	4.4632463414e-07
2.46057696618e-09	1.36241794735e-06
2.5675570968e-09	2.12251688936e-06
2.67453722742e-09	2.31553190133e-06
2.78151735804e-09	1.61320053849e-06
2.88849748865e-09	-4.33242313136e-08
2.99547761927e-09	-2.31397802963e-06
3.10245774989e-09	-4.47019283456e-06
3.20943788051e-09	-5.58887222724e-06
3.31641801113e-09	-4.89571220896e-06
3.42339814175e-09	-2.14324359149e-06
3.53037827237e-09	2.1407490749e-06
3.63735840299e-09	6.68062784825e-06
3.7443385336e-09	9.80873574008e-06
3.85131866422e-09	1.00643719634e-05
3.95829879484e-09	6.82250947648e-06
4.06527892546e-09	6.87164799729e-07
4.17225905608e-09	-6.55635585645e-06
4.2792391867e-09	-1.24735415739e-05
4.38621931732e-09	-1.48377348523e-05
4.49319944794e-09	-1.24962398331e-05
4.60017957856e-09	-5.89513547311e-06
4.70715970917e-09	2.97408359984e-06
4.81413983979e-09	1.12207926577e-05
4.92111997041e-09	1.60695180966e-05
5.02810010103e-09	1.58614529937e-05
5.13508023165e-09	1.06591942313e-05
5.24206036227e-09	2.22346079681e-06
5.34904049289e-09	-6.62585671307e-06
5.45602062351e-09	-1.30151447593e-05
5.56300075412e-09	-1.50090691022e-05
5.66998088474e-09	-1.22281935546e-05
5.77696101536e-09	-5.888630767e-06
5.88394114598e-09	1.71573310581e-06
5.9909212766e-09	8.06565549283e-06
6.09790140722e-09	1.12768930194e-05
6.20488153784e-09	1.06659972516e-05
6.31186166846e-09	6.8522122092e-06
6.41884179907e-09	1.4077038486e-06
6.52582192969e-09	-3.77219316761e-06
6.63280206031e-09	-7.12752307663e-06
6.73978219093e-09	-7.89033765614e-06
6.84676232155e-09	-6.21101207798e-06
6.95374245217e-09	-2.96138637168e-06
7.06072258279e-09	6.63688638269e-07
7.16770271341e-09	3.57408680429e-06
7.27468284403e-09	5.09037226948e-06
7.38166297464e-09	5.05227035319e-06
7.48864310526e-09	3.74204796572e-06
7.59562323588e-09	1.69889949575e-06
7.7026033665e-09	-4.82608072616e-07
7.80958349712e-09	-2.30186788031e-06
7.91656362774e-09	-3.42668067788e-06
8.02354375836e-09	-3.70809789274e-06
8.13052388898e-09	-3.16572004522e-06
8.23750401959e-09	-1.96435826183e-06
8.34448415021e-09	-3.84525975505e-07
8.45146428083e-09	1.22261099023e-06
8.55844441145e-09	2.50186349149e-06
8.66542454207e-09	3.1734264212e-06
8.77240467269e-09	3.10216796606e-06
8.87938480331e-09	2.33108949033e-06
8.98636493393e-09	1.06537947886e-06
9.09334506455e-09	-3.87046270589e-07
9.20032519516e-09	-1.69636018654e-06
9.30730532578e-09	-2.58662794295e-06
9.4142854564e-09	-2.88787509817e-06
9.52126558702e-09	-2.55890904555e-06
9.62824571764e-09	-1.68440601556e-06
9.73522584826e-09	-4.57643210439e-07
9.84220597888e-09	8.58019461702e-07
9.9491861095e-09	1.97546160052e-06
1.00561662401e-08	2.64320215138e-06
1.01631463707e-08	2.70606733466e-06
1.02701265014e-08	2.14881902139e-06
1.0377106632e-08	1.10540815967e-06
1.04840867626e-08	-1.7206366465e-07
1.05910668932e-08	-1.3786954014e-06
1.06980470238e-08	-2.23635242946e-06
1.08050271544e-08	-2.56171279034e-06
1.09120072851e-08	-2.3037266601e-06
1.10189874157e-08	-1.54424799348e-06
1.11259675463e-08	-4.68600887871e-07
1.12329476769e-08	6.81342953612e-07
1.13399278075e-08	1.65835899679e-06
1.14469079382e-08	2.25691655942e-06
1.15538880688e-08	2.35194397646e-06
1.16608681994e-08	1.92476295524e-06
1.176784833e-08	1.07077119083e-06
1.18748284606e-08	-1.67211240409e-08
1.19818085913e-08	-1.0875209e-06
1.20887887219e-08	-1.8936672177e-06
1.21957688525e-08	-2.2511253519e-06
1.23027489831e-08	-2.08590586226e-06
1.24097291137e-08	-1.45016906572e-06
1.25167092443e-08	-5.04476986407e-07
1.2623689375e-08	5.26646090293e-07
1.27306695056e-08	1.41070404425e-06
1.28376496362e-08	1.95911343326e-06
1.29446297668e-08	2.06395134228e-06
1.30516098974e-08	1.71481838152e-06
1.31585900281e-08	9.96638618744e-07
1.32655701587e-08	7.06106177972e-08
1.33725502893e-08	-8.58364501255e-07
1.34795304199e-08	-1.5840080323e-06
1.35865105505e-08	-1.94396011466e-06
1.36934906812e-08	-1.85833960131e-06
1.38004708118e-08	-1.35070547458e-06
1.39074509424e-08	-5.43727651348e-07
1.4014431073e-08	3.70909532421e-07
1.41214112036e-08	1.18053685583e-06
1.42283913342e-08	1.70353177964e-06
1.43353714649e-08	1.83100678441e-06
1.44423515955e-08	1.54777990247e-06
1.45493317261e-08	9.3009577995e-07
1.46563118567e-08	1.23578445255e-07
1.47632919873e-08	-6.91009006459e-07
1.4870272118e-08	-1.33631965582e-06
1.49772522486e-08	-1.67446000887e-06
1.50842323792e-08	-1.63504410011e-06
1.51912125098e-08	-1.23042354971e-06
1.52981926404e-08	-5.54200369152e-07
1.54051727711e-08	2.38367036332e-07
1.55121529017e-08	9.6548046713e-07
1.56191330323e-08	1.46163768022e-06
1.57261131629e-08	1.61728519288e-06
1.58330932935e-08	1.40434599416e-06
1.59400734241e-08	8.80796562797e-07
1.60470535548e-08	1.73803329062e-07
1.61540336854e-08	-5.52738868009e-07
1.6261013816e-08	-1.13695205073e-06
1.63679939466e-08	-1.45420688114e-06
1.64749740772e-08	-1.44200146224e-06
1.65819542079e-08	-1.11052372631e-06
1.66889343385e-08	-5.38492599844e-07
1.67959144691e-08	1.44419786352e-07
1.69028945997e-08	7.8538340631e-07
1.70098747303e-08	1.24163602777e-06
1.7116854861e-08	1.41244208862e-06
1.72238349916e-08	1.26256588828e-06
1.73308151222e-08	8.30735359614e-07
1.74377952528e-08	2.20302183607e-07
1.75447753834e-08	-4.26042475965e-07
1.7651755514e-08	-9.60774627856e-07
1.77587356447e-08	-1.26614020246e-06
1.78657157753e-08	-1.28004637645e-06
1.79726959059e-08	-1.00765259958e-06
1.80796760365e-08	-5.17151988788e-07
1.81866561671e-08	7.77114692596e-08
1.82936362978e-08	6.43636610675e-07
1.84006164284e-08	1.05663377781e-06
1.8507596559e-08	1.22813344205e-06
1.86145766896e-08	1.12366615213e-06
1.87215568202e-08	7.70220253798e-07
1.88285369509e-08	2.50361267717e-07
1.89355170815e-08	-3.16334961781e-07
1.90424972121e-08	-8.00789337063e-07
1.91494773427e-08	-1.09449740648e-06
1.92564574733e-08	-1.13461578621e-06
1.9363437604e-08	-9.17745239803e-07
1.94704177346e-08	-4.99095108353e-07
1.95773978652e-08	2.21372697951e-08
1.96843779958e-08	5.26846008597e-07
1.97913581264e-08	9.03309910427e-07
1.9898338257e-08	1.07137270788e-06
2.00053183877e-08	9.98695554699e-07
2.01122985183e-08	7.06310913756e-07
2.02192786489e-08	2.62969280129e-07
2.03262587795e-08	-2.3041475572e-07
2.04332389101e-08	-6.63064668061e-07
2.05402190408e-08	-9.38938342188e-07
2.06471991714e-08	-9.9828639577e-07
2.0754179302e-08	-8.31165436921e-07
2.08611594326e-08	-4.79322523006e-07
2.09681395632e-08	-2.59565187122e-08
2.10751196939e-08	4.24344847261e-07
2.11820998245e-08	7.70169719999e-07
2.12890799551e-08	9.36422509312e-07
2.13960600857e-08	8.90412763965e-07
2.15030402163e-08	6.47675506116e-07
2.16100203469e-08	2.6686137744e-07
2.17170004776e-08	-1.64484291076e-07
2.18239806082e-08	-5.49755668544e-07
2.19309607388e-08	-8.04415151379e-07
2.20379408694e-08	-8.7417447503e-07
2.2144921e-08	-7.46539853935e-07
2.22519011307e-08	-4.5320365416e-07
2.23588812613e-08	-6.26612433052e-08
2.24658613919e-08	3.35547071018e-07
2.25728415225e-08	6.51464972634e-07
2.26798216531e-08	8.15379280539e-07
2.27868017838e-08	7.93470974259e-07
2.28937819144e-08	5.94784296482e-07
2.3000762045e-08	2.68028429673e-07
2.31077421756e-08	-1.10591038549e-07
2.32147223062e-08	-4.5535344384e-07
2.33217024368e-08	-6.90307274454e-07
2.34286825675e-08	-7.65726838381e-07
2.35356626981e-08	-6.6825975864e-07
2.36426428287e-08	-4.22984413717e-07
2.37496229593e-08	-8.72003198538e-08
2.38566030899e-08	2.62626173253e-07
2.39635832206e-08	5.48060597794e-07
2.40705633512e-08	7.06192736288e-07
2.41775434818e-08	7.03683156189e-07
2.42845236124e-08	5.43988164736e-07
2.4391503743e-08	2.66069008603e-07
2.44984838737e-08	-6.50910010336e-08
2.46054640043e-08	-3.73877213633e-07
2.47124441349e-08	-5.91467767208e-07
2.48194242655e-08	-6.71218856496e-07
2.49264043961e-08	-5.98496512794e-07
2.50333845267e-08	-3.92994337517e-07
2.51403646574e-08	-1.03408190455e-07
2.5247344788e-08	2.04073344889e-07
2.53543249186e-08	4.6068586812e-07
2.54613050492e-08	6.10273730217e-07
2.55682851798e-08	6.21437152404e-07
2.56752653105e-08	4.94141090712e-07
2.57822454411e-08	2.59327919139e-07
2.58892255717e-08	-2.84081878021e-08
2.59962057023e-08	-3.03438241644e-07
2.61031858329e-08	-5.04161903336e-07
2.62101659636e-08	-5.86926034885e-07
2.63171460942e-08	-5.35588185357e-07
2.64241262248e-08	-3.6458516206e-07
2.65311063554e-08	-1.14879078694e-07
2.6638086486e-08	1.55927182277e-07
2.67450666166e-08	3.86916724437e-07
2.68520467473e-08	5.2747020618e-07
2.69590268779e-08	5.48199921013e-07
2.70660070085e-08	4.46941271548e-07
2.71729871391e-08	2.48645051215e-07
2.72799672697e-08	-6.11618311552e-10
2.73869474004e-08	-2.44197451593e-07
2.7493927531e-08	-4.27705089123e-07
2.76009076616e-08	-5.11099528921e-07
2.77078877922e-08	-4.7751944976e-07
2.78148679228e-08	-3.3675070199e-07
2.79218480535e-08	-1.22533606373e-07
2.80288281841e-08	1.15516691324e-07
2.81358083147e-08	3.23499165233e-07
2.82427884453e-08	4.55460053672e-07
2.83497685759e-08	4.83545022689e-07
2.84567487065e-08	4.037490271e-07
2.85637288372e-08	2.36215811356e-07
2.86707089678e-08	2.01545571343e-08
2.87776890984e-08	-1.95267034542e-07
2.8884669229e-08	-3.62027151368e-07
2.89916493596e-08	-4.43843589437e-07
2.90986294903e-08	-4.24046419312e-07
2.92056096209e-08	-3.08957822881e-07
2.93125897515e-08	-1.26130544231e-07
2.94195698821e-08	8.2162301851e-08
2.95265500127e-08	2.68703558959e-07
2.96335301434e-08	3.92047468267e-07
2.9740510274e-08	4.2580313675e-07
2.98474904046e-08	3.64273716968e-07
2.99544705352e-08	2.2325875193e-07
3.00614506658e-08	3.60283500811e-08
3.01684307965e-08	-1.54572404654e-07
3.02754109271e-08	-3.05899277464e-07
3.03823910577e-08	-3.85012725701e-07
3.04893711883e-08	-3.75735794478e-07
3.05963513189e-08	-2.81925707668e-07
3.07033314495e-08	-1.26183834936e-07
3.08103115802e-08	5.55025643223e-08
3.09172917108e-08	2.22002384476e-07
3.10242718414e-08	3.36332135475e-07
3.1131251972e-08	3.73865930214e-07
3.12382321026e-08	3.27681675572e-07
3.13452122333e-08	2.09778960425e-07
3.14521923639e-08	4.80550426118e-08
3.15591724945e-08	-1.20343131016e-07
