% time-domain current integration by openEMS v0.0.36-16-g7d7688a @Sat Jan  4 13:48:01 2025
% start-coordinates: (-0.00252587,-0.0210568,-2.6092e-05) m -> [36,47,22]
% stop-coordinates: (0.00179194,-0.0210568,2.2079e-05) m -> [42,47,23]
% t/s	current
3.58426576843e-14	0
1.06990333188e-10	2.27300844813e-09
2.13944823718e-10	3.44317285794e-09
3.20899314247e-10	3.38557493151e-09
4.27853804777e-10	9.03416119691e-10
5.34808295307e-10	-4.91377205591e-09
6.41762785837e-10	-1.35017197422e-08
7.48717276367e-10	-2.20213927093e-08
8.55671766897e-10	-2.47105198525e-08
9.62626257427e-10	-1.44521559164e-08
1.06958074796e-09	1.38950637663e-08
1.17653523849e-09	5.85620796301e-08
1.28348972902e-09	1.06363486907e-07
1.39044421955e-09	1.31708432605e-07
1.49739871008e-09	1.02770691512e-07
1.60435320061e-09	-3.9719378897e-09
1.71130769114e-09	-1.84317030971e-07
1.81826218167e-09	-3.90117264715e-07
1.9252166722e-09	-5.2834741382e-07
2.03217116273e-09	-4.85250893689e-07
2.13912565326e-09	-1.76467708002e-07
2.24608014379e-09	3.91497451346e-07
2.35303463432e-09	1.07626055978e-06
2.45998912485e-09	1.60486979439e-06
2.56694361538e-09	1.65080405168e-06
2.67389810591e-09	9.73983560471e-07
2.78085259644e-09	-4.2278810497e-07
2.88780708697e-09	-2.19660114453e-06
2.9947615775e-09	-3.69934105038e-06
3.10171606803e-09	-4.17592309532e-06
3.20867055856e-09	-3.08192193188e-06
3.31562504909e-09	-4.01340884082e-07
3.42257953962e-09	3.19175774166e-06
3.52953403015e-09	6.44993951937e-06
3.63648852068e-09	7.96397034719e-06
3.74344301121e-09	6.74460807204e-06
3.85039750174e-09	2.73922796623e-06
3.95735199227e-09	-2.96955818158e-06
4.0643064828e-09	-8.43205634737e-06
4.17126097333e-09	-1.15204120448e-05
4.27821546386e-09	-1.07890464278e-05
4.38516995439e-09	-6.14485497863e-06
4.49212444492e-09	9.8874215837e-07
4.59907893544e-09	8.13166843727e-06
4.70603342597e-09	1.26773147713e-05
4.8129879165e-09	1.29205100166e-05
4.91994240703e-09	8.74966553965e-06
5.02689689756e-09	1.70286114098e-06
5.13385138809e-09	-5.64090260013e-06
5.24080587862e-09	-1.06779816633e-05
5.34776036915e-09	-1.1775897292e-05
5.45471485968e-09	-8.84208111529e-06
5.56166935021e-09	-3.25601536133e-06
5.66862384074e-09	2.76696118817e-06
5.77557833127e-09	7.08144261807e-06
5.8825328218e-09	8.40294887894e-06
5.98948731233e-09	6.68363600198e-06
6.09644180286e-09	2.9728246318e-06
6.20339629339e-09	-1.11886970444e-06
6.31035078392e-09	-4.09125777878e-06
6.41730527445e-09	-5.08509083375e-06
6.52425976498e-09	-4.09163067161e-06
6.63121425551e-09	-1.81444988812e-06
6.73816874604e-09	7.06018226992e-07
6.84512323657e-09	2.52459358308e-06
6.9520777271e-09	3.1117749586e-06
7.05903221763e-09	2.46696731665e-06
7.16598670816e-09	1.02312458239e-06
7.27294119869e-09	-5.83317159908e-07
7.37989568922e-09	-1.77012191216e-06
7.48685017975e-09	-2.19899197873e-06
7.59380467028e-09	-1.84486589205e-06
7.70075916081e-09	-9.44656903812e-07
7.80771365134e-09	1.32399421204e-07
7.91466814187e-09	1.03174909327e-06
8.0216226324e-09	1.52311690726e-06
8.12857712293e-09	1.54301449129e-06
8.23553161346e-09	1.17171066449e-06
8.34248610399e-09	5.70361407881e-07
8.44944059452e-09	-8.69561844752e-08
8.55639508505e-09	-6.59363990962e-07
8.66334957558e-09	-1.05437663933e-06
8.77030406611e-09	-1.22099868349e-06
8.87725855664e-09	-1.13844930638e-06
8.98421304717e-09	-8.14654299575e-07
9.0911675377e-09	-2.96220918017e-07
9.19812202823e-09	3.20964346656e-07
9.30507651876e-09	8.96390815797e-07
9.41203100929e-09	1.27405155581e-06
9.51898549982e-09	1.33122739499e-06
9.62593999035e-09	1.02869421426e-06
9.73289448088e-09	4.34888505652e-07
9.83984897141e-09	-2.84739542167e-07
9.94680346194e-09	-9.19361752949e-07
1.00537579525e-08	-1.28436295199e-06
1.0160712443e-08	-1.28369322283e-06
1.02676669335e-08	-9.38368998504e-07
1.03746214241e-08	-3.70997412347e-07
1.04815759146e-08	2.44172014163e-07
1.05885304051e-08	7.42513293517e-07
1.06954848957e-08	1.01661987628e-06
1.08024393862e-08	1.03480772395e-06
1.09093938767e-08	8.3008785623e-07
1.10163483672e-08	4.72816765296e-07
1.11233028578e-08	4.40242402533e-08
1.12302573483e-08	-3.7933494923e-07
1.13372118388e-08	-7.26919665794e-07
1.14441663294e-08	-9.33948285819e-07
1.15511208199e-08	-9.47007492869e-07
1.16580753104e-08	-7.40511836739e-07
1.1765029801e-08	-3.37349007395e-07
1.18719842915e-08	1.80060112598e-07
1.1978938782e-08	6.80347909565e-07
1.20858932725e-08	1.01852970147e-06
1.21928477631e-08	1.08519827791e-06
1.22998022536e-08	8.49613570608e-07
1.24067567441e-08	3.76588047857e-07
1.25137112347e-08	-1.92481309114e-07
1.26206657252e-08	-6.88084298872e-07
1.27276202157e-08	-9.71039071374e-07
1.28345747063e-08	-9.76973183242e-07
1.29415291968e-08	-7.30122224013e-07
1.30484836873e-08	-3.24092411574e-07
1.31554381778e-08	1.18415492523e-07
1.32623926684e-08	4.87623879053e-07
1.33693471589e-08	7.13751546755e-07
1.34763016494e-08	7.72667590354e-07
1.358325614e-08	6.7519346203e-07
1.36902106305e-08	4.51770858945e-07
1.3797165121e-08	1.42888552546e-07
1.39041196115e-08	-2.01636964903e-07
1.40110741021e-08	-5.19896730111e-07
1.41180285926e-08	-7.40846644476e-07
1.42249830831e-08	-7.98867347385e-07
1.43319375737e-08	-6.57727696307e-07
1.44388920642e-08	-3.33072904368e-07
1.45458465547e-08	9.98914089223e-08
1.46528010453e-08	5.22117261426e-07
1.47597555358e-08	8.07447918305e-07
1.48667100263e-08	8.66962238888e-07
1.49736645168e-08	6.82339418745e-07
1.50806190074e-08	3.13360999371e-07
1.51875734979e-08	-1.24110925981e-07
1.52945279884e-08	-5.00287455907e-07
1.5401482479e-08	-7.15742999091e-07
1.55084369695e-08	-7.30039914743e-07
1.561539146e-08	-5.65322466173e-07
1.57223459506e-08	-2.87411182853e-07
1.58293004411e-08	2.35217036959e-08
1.59362549316e-08	2.98422747846e-07
1.60432094221e-08	4.91749688081e-07
1.61501639127e-08	5.80466917199e-07
1.62571184032e-08	5.56802262963e-07
1.63640728937e-08	4.23494640245e-07
1.64710273843e-08	1.96109411377e-07
1.65779818748e-08	-9.02138737047e-08
1.66849363653e-08	-3.77504562721e-07
1.67918908559e-08	-5.92600144955e-07
1.68988453464e-08	-6.67467304538e-07
1.70057998369e-08	-5.65486800497e-07
1.71127543274e-08	-3.01611834175e-07
1.7219708818e-08	5.50219603213e-08
1.73266633085e-08	4.00310312898e-07
1.7433617799e-08	6.30195188478e-07
1.75405722896e-08	6.7746680088e-07
1.76475267801e-08	5.34919252004e-07
1.77544812706e-08	2.55337653243e-07
1.78614357612e-08	-7.07973555336e-08
1.79683902517e-08	-3.49248580278e-07
1.80753447422e-08	-5.12845417688e-07
1.81822992327e-08	-5.37405639989e-07
1.82892537233e-08	-4.39199141056e-07
1.83962082138e-08	-2.59239016032e-07
1.85031627043e-08	-4.46794494735e-08
1.86101171949e-08	1.63653851359e-07
1.87170716854e-08	3.3422048773e-07
1.88240261759e-08	4.41632806769e-07
1.89309806665e-08	4.64283942847e-07
1.9037935157e-08	3.87924188772e-07
1.91448896475e-08	2.15011993987e-07
1.9251844138e-08	-2.60514312345e-08
1.93587986286e-08	-2.7977810646e-07
1.94657531191e-08	-4.75391914279e-07
1.95727076096e-08	-5.49569108443e-07
1.96796621002e-08	-4.71312347372e-07
1.97866165907e-08	-2.57407180015e-07
1.98935710812e-08	2.98760198802e-08
2.00005255718e-08	3.03318756778e-07
2.01074800623e-08	4.81573067646e-07
2.02144345528e-08	5.17328714977e-07
2.03213890433e-08	4.1131752937e-07
2.04283435339e-08	2.07310890232e-07
2.05352980244e-08	-2.80086425164e-08
2.06422525149e-08	-2.30211981034e-07
2.07492070055e-08	-3.56366342658e-07
2.0856161496e-08	-3.91816797674e-07
2.09631159865e-08	-3.45020112036e-07
2.10700704771e-08	-2.36523689523e-07
2.11770249676e-08	-8.96389167337e-08
2.12839794581e-08	7.27470066408e-08
2.13909339486e-08	2.26082278232e-07
2.14978884392e-08	3.41692924621e-07
2.16048429297e-08	3.89311253457e-07
2.17117974202e-08	3.46291528786e-07
2.18187519108e-08	2.10047090832e-07
2.19257064013e-08	6.5637983937e-09
2.20326608918e-08	-2.11612345424e-07
2.21396153824e-08	-3.79890536806e-07
2.22465698729e-08	-4.44068689376e-07
2.23535243634e-08	-3.81374974268e-07
2.24604788539e-08	-2.10457614003e-07
2.25674333445e-08	1.46377425736e-08
2.2674387835e-08	2.24292818984e-07
2.27813423255e-08	3.58388689392e-07
2.28882968161e-08	3.86002398045e-07
2.29952513066e-08	3.12141509085e-07
2.31022057971e-08	1.70318131154e-07
2.32091602877e-08	6.19520301726e-09
2.33161147782e-08	-1.39227253726e-07
2.34230692687e-08	-2.39758406906e-07
2.35300237592e-08	-2.85096831476e-07
2.36369782498e-08	-2.75605430033e-07
2.37439327403e-08	-2.16337255665e-07
2.38508872308e-08	-1.14931324902e-07
2.39578417214e-08	1.58474264822e-08
2.40647962119e-08	1.54193713797e-07
2.41717507024e-08	2.68929994718e-07
2.4278705193e-08	3.26004254703e-07
2.43856596835e-08	3.00697251987e-07
2.4492614174e-08	1.90221854268e-07
2.45995686645e-08	1.98256202566e-08
2.47065231551e-08	-1.62232495882e-07
2.48134776456e-08	-3.00205613257e-07
2.49204321361e-08	-3.50983611952e-07
2.50273866267e-08	-3.0017091035e-07
2.51343411172e-08	-1.67035196341e-07
2.52412956077e-08	3.72911834745e-09
2.53482500983e-08	1.59464804028e-07
2.54552045888e-08	2.58359477812e-07
2.55621590793e-08	2.81724624074e-07
2.56691135698e-08	2.35624099787e-07
2.57760680604e-08	1.43117972584e-07
2.58830225509e-08	3.24567253074e-08
2.59899770414e-08	-7.25276692037e-08
2.6096931532e-08	-1.56133637574e-07
2.62038860225e-08	-2.08968970128e-07
2.6310840513e-08	-2.24270380045e-07
2.64177950036e-08	-1.96549038378e-07
2.65247494941e-08	-1.24425909576e-07
2.66317039846e-08	-1.59796762489e-08
2.67386584751e-08	1.07658415516e-07
2.68456129657e-08	2.14486362893e-07
2.69525674562e-08	2.70711524308e-07
2.70595219467e-08	2.53684277141e-07
2.71664764373e-08	1.62793213576e-07
2.72734309278e-08	2.25581580082e-08
2.73803854183e-08	-1.24508531485e-07
2.74873399089e-08	-2.32890883467e-07
2.75942943994e-08	-2.70645074352e-07
2.77012488899e-08	-2.30417697367e-07
2.78082033804e-08	-1.30418456479e-07
2.7915157871e-08	-5.53210233178e-09
2.80221123615e-08	1.06792292343e-07
2.8129066852e-08	1.79375788889e-07
2.82360213426e-08	2.01713859838e-07
2.83429758331e-08	1.78585111144e-07
2.84499303236e-08	1.23417905229e-07
2.85568848142e-08	5.10375635088e-08
2.86638393047e-08	-2.6322393154e-08
2.87707937952e-08	-9.86948407444e-08
2.88777482857e-08	-1.55755628839e-07
2.89847027763e-08	-1.85395080621e-07
2.90916572668e-08	-1.75994372853e-07
2.91986117573e-08	-1.22114727219e-07
2.93055662479e-08	-3.04798604134e-08
2.94125207384e-08	7.7899620976e-08
2.95194752289e-08	1.7210356873e-07
2.96264297195e-08	2.2151846224e-07
2.973338421e-08	2.07817905107e-07
2.98403387005e-08	1.33189459461e-07
2.9947293191e-08	2.06489545462e-08
3.00542476816e-08	-9.41367019891e-08
3.01612021721e-08	-1.76078501113e-07
3.02681566626e-08	-2.03195071435e-07
3.03751111532e-08	-1.73169610207e-07
3.04820656437e-08	-1.01651458806e-07
3.05890201342e-08	-1.40136275917e-08
3.06959746247e-08	6.50371916322e-08
3.08029291153e-08	1.19127022913e-07
3.09098836058e-08	1.42478569387e-07
3.10168380963e-08	1.37231396025e-07
3.11237925869e-08	1.08748139382e-07
3.12307470774e-08	6.23496632102e-08
3.13377015679e-08	3.24075566382e-09
3.14446560585e-08	-6.11122032979e-08
3.1551610549e-08	-1.18869152743e-07
3.16585650395e-08	-1.54681799813e-07
3.176551953e-08	-1.54393262619e-07
3.18724740206e-08	-1.11822195947e-07
3.19794285111e-08	-3.39964643103e-08
3.20863830016e-08	5.85533470598e-08
3.21933374922e-08	1.3767457574e-07
3.23002919827e-08	1.77671793722e-07
3.24072464732e-08	1.65300463095e-07
3.25142009638e-08	1.05112242466e-07
3.26211554543e-08	1.76258598827e-08
3.27281099448e-08	-6.88100101343e-08
3.28350644353e-08	-1.28772711605e-07
3.29420189259e-08	-1.48348348716e-07
3.30489734164e-08	-1.28158390567e-07
3.31559279069e-08	-8.03021862339e-08
3.32628823975e-08	-2.15923225966e-08
3.3369836888e-08	3.32010365867e-08
