% time-domain voltage integration by openEMS v0.0.36-16-g7d7688a @Sat Jan  4 13:48:01 2025
% start-coordinates: (0,-0.0218571,2.2079e-05) m -> [39,44,23]
% stop-coordinates: (0,-0.0201207,2.2079e-05) m -> [39,50,23]
% t/s	voltage
0	-0
1.0695449053e-10	2.64015199036e-07
2.1390898106e-10	3.88910942561e-07
3.2086347159e-10	4.76636309088e-07
4.2781796212e-10	2.99141042603e-07
5.3477245265e-10	-2.25758585159e-07
6.4172694318e-10	-1.19024587519e-06
7.4868143371e-10	-2.24305307484e-06
8.55635924239e-10	-2.95004414852e-06
9.62590414769e-10	-2.51546148888e-06
1.0695449053e-09	-1.3123815279e-07
1.17649939583e-09	4.43133760086e-06
1.28345388636e-09	1.02047850987e-05
1.39040837689e-09	1.48233785922e-05
1.49736286742e-09	1.48659947854e-05
1.60431735795e-09	6.95458197697e-06
1.71127184848e-09	-1.00963679301e-05
1.81822633901e-09	-3.32955482918e-05
1.92518082954e-09	-5.44815836747e-05
2.03213532007e-09	-6.17017044533e-05
2.1390898106e-09	-4.32293120411e-05
2.24604430113e-09	5.8388548041e-06
2.35299879166e-09	7.77626250965e-05
2.45995328219e-09	0.000149806865011
2.56690777272e-09	0.000188579642781
2.67386226325e-09	0.000161811402904
2.78081675378e-09	5.42911807315e-05
2.88777124431e-09	-0.000118083598863
2.99472573484e-09	-0.000304489731207
3.10168022537e-09	-0.000430383170169
3.2086347159e-09	-0.000423750298069
3.31558920643e-09	-0.000248026495683
3.42254369696e-09	7.19550371286e-05
3.52949818749e-09	0.000445050791313
3.63645267802e-09	0.000737144724553
3.74340716855e-09	0.000818346023152
3.85036165908e-09	0.000617571684415
3.95731614961e-09	0.000161575348102
4.06427064014e-09	-0.000420888209192
4.17122513067e-09	-0.000936304219067
4.2781796212e-09	-0.0011939813412
4.38513411173e-09	-0.00107880850555
4.49208860226e-09	-0.00059963818785
4.59904309279e-09	0.00010709783237
4.70599758332e-09	0.000821556830488
4.81295207385e-09	0.00131546399643
4.91990656438e-09	0.00142936222255
5.02686105491e-09	0.00112363009248
5.13381554544e-09	0.000486734112201
5.24077003597e-09	-0.00029802582867
5.3477245265e-09	-0.00101166301465
5.45467901703e-09	-0.00146216485155
5.56163350756e-09	-0.0015321018509
5.66858799809e-09	-0.0012018106645
5.77554248862e-09	-0.000548494434042
5.88249697915e-09	0.000273189667496
5.98945146968e-09	0.00106323260115
6.09640596021e-09	0.00161733734421
6.20336045074e-09	0.00177362396062
6.31031494127e-09	0.00145843417704
6.4172694318e-09	0.00071919963375
6.52422392233e-09	-0.000270425805866
6.63117841286e-09	-0.00124411461729
6.73813290339e-09	-0.00191375309078
6.84508739392e-09	-0.00205991597613
6.95204188445e-09	-0.00161139685224
7.05899637498e-09	-0.00068138795541
7.16595086551e-09	0.00045896381198
7.27290535604e-09	0.0014654916522
7.37985984657e-09	0.00203557431814
7.4868143371e-09	0.00200955294713
7.59376882763e-09	0.00142017760663
7.70072331816e-09	0.000472030633318
7.80767780869e-09	-0.000538076852536
7.91463229922e-09	-0.00132554561424
8.02158678975e-09	-0.00170539358078
8.12854128028e-09	-0.00163228681049
8.23549577081e-09	-0.00118639683205
8.34245026134e-09	-0.000522040812939
8.44940475186e-09	0.000191689421627
8.55635924239e-09	0.000812859219877
8.66331373292e-09	0.00124157586833
8.77026822345e-09	0.00141567377432
8.87722271398e-09	0.00130421943322
8.98417720451e-09	0.000911707360501
9.09113169504e-09	0.000292867094686
9.19808618557e-09	-0.000435488818766
9.3050406761e-09	-0.00110314399353
9.41199516663e-09	-0.00152465535939
9.51894965716e-09	-0.0015591922056
9.62590414769e-09	-0.00116840850387
9.73285863822e-09	-0.000444793762654
9.83981312875e-09	0.000408087453252
9.94676761928e-09	0.001139788008
1.00537221098e-08	0.00153795150982
1.01606766003e-08	0.00149983745359
1.02676310909e-08	0.00106195300759
1.03745855814e-08	0.000377451289751
1.04815400719e-08	-0.000345444477716
1.05884945625e-08	-0.000915810480365
1.0695449053e-08	-0.00121401460638
1.08024035435e-08	-0.00121030745504
1.09093580341e-08	-0.000949226581724
1.10163125246e-08	-0.000516288346262
1.11232670151e-08	-7.20319326319e-06
1.12302215056e-08	0.000488117268105
1.13371759962e-08	0.000887510359462
1.14441304867e-08	0.00111532233859
1.15510849772e-08	0.00111017808376
1.16580394678e-08	0.000845366965223
1.17649939583e-08	0.000353194896888
1.18719484488e-08	-0.000263413608991
1.19789029394e-08	-0.00084579065151
1.20858574299e-08	-0.00122341807582
1.21928119204e-08	-0.0012726523637
1.22997664109e-08	-0.00096614240465
1.24067209015e-08	-0.000389560853364
1.2513675392e-08	0.000284300453131
1.26206298825e-08	0.000855024896737
1.27275843731e-08	0.00116358992091
1.28345388636e-08	0.00114261315321
1.29414933541e-08	0.000829246386274
1.30484478447e-08	0.000339437761795
1.31554023352e-08	-0.000180972339876
1.32623568257e-08	-0.000605253695539
1.33693113162e-08	-0.000855761045386
1.34762658068e-08	-0.000908469992282
1.35832202973e-08	-0.000779072317528
1.36901747878e-08	-0.000504888652358
1.37971292784e-08	-0.000134399634476
1.39040837689e-08	0.000272773266261
1.40110382594e-08	0.000642539762339
1.411799275e-08	0.000890652343514
1.42249472405e-08	0.000941088714171
1.4331901731e-08	0.000754918593884
1.44388562215e-08	0.000356226721124
1.45458107121e-08	-0.00016071092341
1.46527652026e-08	-0.000652360842651
1.47597196931e-08	-0.000970951950876
1.48666741837e-08	-0.00101686391281
1.49736286742e-08	-0.0007762168716
1.50805831647e-08	-0.000326818202666
1.51875376553e-08	0.000190563607248
1.52944921458e-08	0.000623313171673
1.54014466363e-08	0.000858666044223
1.55084011268e-08	0.000855400459841
1.56153556174e-08	0.000645453088509
1.57223101079e-08	0.000309745122649
1.58292645984e-08	-5.69143596749e-05
1.5936219089e-08	-0.000374999206542
1.60431735795e-08	-0.00059339021027
1.615012807e-08	-0.000687022082275
1.62570825606e-08	-0.000648016153718
1.63640370511e-08	-0.000480585214973
1.64709915416e-08	-0.000204493621823
1.65779460321e-08	0.000136771378493
1.66849005227e-08	0.000472771323984
1.67918550132e-08	0.000716375790944
1.68988095037e-08	0.000788829464
1.70057639943e-08	0.000650949128612
1.71127184848e-08	0.000325836843331
1.72196729753e-08	-0.000100068104985
1.73266274658e-08	-0.000501737176819
1.74335819564e-08	-0.000757953610446
1.75405364469e-08	-0.000794301326096
1.76474909374e-08	-0.000608621245192
1.7754445428e-08	-0.000268550400506
1.78613999185e-08	0.000116682515909
1.7968354409e-08	0.000436934300524
1.80753088996e-08	0.000616622015514
1.81822633901e-08	0.000631738708762
1.82892178806e-08	0.000505079038703
1.83961723711e-08	0.0002867454441
1.85031268617e-08	3.22908998669e-05
1.86100813522e-08	-0.000211107988434
1.87170358427e-08	-0.000407214311053
1.88239903333e-08	-0.000526636293216
1.89309448238e-08	-0.000544319169421
1.90378993143e-08	-0.000444440725914
1.91448538049e-08	-0.000231891476687
1.92518082954e-08	5.71473719901e-05
1.93587627859e-08	0.000354860687366
1.94657172764e-08	0.000577036003961
1.9572671767e-08	0.000650714944641
1.96796262575e-08	0.000543311256479
1.9786580748e-08	0.000279533276625
1.98935352386e-08	-6.32334226793e-05
2.00004897291e-08	-0.00038077904901
2.01074442196e-08	-0.00057896837825
2.02143987102e-08	-0.000606214605796
2.03213532007e-08	-0.000468261521746
2.04283076912e-08	-0.00022042303317
2.05352621817e-08	5.73561728743e-05
2.06422166723e-08	0.000290245106953
2.07491711628e-08	0.00043027512038
2.08561256533e-08	0.000462996409624
2.09630801439e-08	0.00040034045378
2.10700346344e-08	0.000267315552264
2.11769891249e-08	9.14173233468e-05
2.12839436155e-08	-0.000100467304947
2.1390898106e-08	-0.000279172354567
2.14978525965e-08	-0.000410526496125
2.1604807087e-08	-0.000458941969555
2.17117615776e-08	-0.000398904559916
2.18187160681e-08	-0.000229724728342
2.19256705586e-08	1.50653051136e-05
2.20326250492e-08	0.00027128014699
2.21395795397e-08	0.000462354626507
2.22465340302e-08	0.000526280633494
2.23534885208e-08	0.000439902896687
2.24604430113e-08	0.000229330348702
2.25673975018e-08	-3.87919296543e-05
2.26743519923e-08	-0.000281777742202
2.27813064829e-08	-0.000430588705058
2.28882609734e-08	-0.000452165655588
2.29952154639e-08	-0.000355925332769
2.31021699545e-08	-0.000183690799531
2.3209124445e-08	1.01805688857e-05
2.33160789355e-08	0.000178358588528
2.34230334261e-08	0.000291664970064
2.35299879166e-08	0.000339452355547
2.36369424071e-08	0.000322986234096
2.37438968976e-08	0.000248532425758
2.38508513882e-08	0.000125346103232
2.39578058787e-08	-3.09168424337e-05
2.40647603692e-08	-0.000193606439097
2.41717148598e-08	-0.000325201064697
2.42786693503e-08	-0.000385660212487
2.43856238408e-08	-0.000347252356732
2.44925783314e-08	-0.000209196387914
2.45995328219e-08	-3.99647967697e-06
2.47064873124e-08	0.000209627751246
2.48134418029e-08	0.000365954068911
2.49203962935e-08	0.000416120619775
2.5027350784e-08	0.000346388531398
2.51343052745e-08	0.000182692222552
2.52412597651e-08	-2.03079339371e-05
2.53482142556e-08	-0.000200487878828
2.54551687461e-08	-0.000310249015456
2.55621232367e-08	-0.000330109387505
2.56690777272e-08	-0.000269531610684
2.57760322177e-08	-0.000156978744599
2.58829867082e-08	-2.58361519627e-05
2.59899411988e-08	9.65132935562e-05
2.60968956893e-08	0.000192407515897
2.62038501798e-08	0.000251306342761
2.63108046704e-08	0.000265411832515
2.64177591609e-08	0.000228410941418
2.65247136514e-08	0.000139233377013
2.6631668142e-08	8.48918406859e-06
2.67386226325e-08	-0.000137624739182
2.6845577123e-08	-0.000260562623225
2.69525316135e-08	-0.000320759361784
2.70594861041e-08	-0.000293079281619
2.71664405946e-08	-0.000179222739462
2.72733950851e-08	-1.04645750127e-05
2.73803495757e-08	0.000161773928085
2.74873040662e-08	0.000284177343929
2.75942585567e-08	0.000320969718814
2.77012130473e-08	0.000266133996774
2.78081675378e-08	0.000143478937389
2.79151220283e-08	-4.70092021487e-06
2.80220765188e-08	-0.000134553461976
2.81290310094e-08	-0.000215431628931
2.82359854999e-08	-0.00023669604343
2.83429399904e-08	-0.000205325432034
2.8449894481e-08	-0.000137730471579
2.85568489715e-08	-5.13004638378e-05
2.8663803462e-08	3.98834897624e-05
2.87707579526e-08	0.000124249794681
2.88777124431e-08	0.000189528251212
2.89846669336e-08	0.000221298607357
2.90916214241e-08	0.000206075387723
2.91985759147e-08	0.000138277413498
2.93055304052e-08	2.71626061021e-05
2.94124848957e-08	-0.000101156800156
2.95194393863e-08	-0.000209566111153
2.96263938768e-08	-0.00026245252775
2.97333483673e-08	-0.000239817956754
2.98403028579e-08	-0.000146408740875
2.99472573484e-08	-1.12325704436e-05
3.00542118389e-08	0.000122857316455
3.01611663294e-08	0.000215073742766
3.026812082e-08	0.000241172285314
3.03750753105e-08	0.00020044223038
3.0482029801e-08	0.00011290133989
3.05889842916e-08	9.03431476473e-06
3.06959387821e-08	-8.24566918709e-05
3.08028932726e-08	-0.000143294793816
3.09098477632e-08	-0.000167708286426
3.10168022537e-08	-0.000158857093083
3.11237567442e-08	-0.000123228708617
3.12307112347e-08	-6.70184240334e-05
3.13376657253e-08	3.6073772236e-06
3.14446202158e-08	7.95514461061e-05
3.15515747063e-08	0.000146419308294
3.16585291969e-08	0.000185890585271
3.17654836874e-08	0.000181627564416
3.18724381779e-08	0.000127352337586
3.19793926685e-08	3.27465912839e-05
3.2086347159e-08	-7.67934579926e-05
3.21933016495e-08	-0.000167655743098
3.230025614e-08	-0.000210194126339
3.24072106306e-08	-0.000190318873138
3.25141651211e-08	-0.000115200763048
3.26211196116e-08	-1.0394801933e-05
3.27280741022e-08	9.03011537048e-05
3.28350285927e-08	0.000157588565344
3.29419830832e-08	0.000176427578481
3.30489375738e-08	0.000148976624587
3.31558920643e-08	9.04371959223e-05
3.32628465548e-08	2.08141174767e-05
3.33698010453e-08	-4.28897549227e-05
