% time-domain voltage integration by openEMS v0.0.36-16-g7d7688a @Fri Jan  3 10:25:36 2025
% start-coordinates: (0,-0.0121208,1.4011e-05) m -> [31,81,18]
% stop-coordinates: (0,-0.00984722,1.4011e-05) m -> [31,85,18]
% t/s	voltage
0	-0
1.07019279021e-10	2.79996362451e-06
2.14038558041e-10	4.31430623848e-06
3.21057837062e-10	4.42699990799e-06
4.28077116083e-10	1.58894690117e-06
5.35096395104e-10	-5.37826099389e-06
6.42115674124e-10	-1.60708555086e-05
7.49134953145e-10	-2.70453920166e-05
8.56154232166e-10	-3.14142448588e-05
9.63173511187e-10	-2.02138649001e-05
1.07019279021e-09	1.35111913551e-05
1.17721206923e-09	6.854923231e-05
1.28423134825e-09	0.000129561940412
1.39125062727e-09	0.000165492518136
1.49826990629e-09	0.000136399477924
1.60528918531e-09	1.08863730475e-05
1.71230846433e-09	-0.000209603582334
1.81932774335e-09	-0.000469560705824
1.92634702237e-09	-0.000656205724226
2.03336630139e-09	-0.00062698466354
2.14038558041e-09	-0.000269998596195
2.24740485944e-09	0.000418763840571
2.35442413846e-09	0.00127598753897
2.46144341748e-09	0.00197124783881
2.5684626965e-09	0.00209588516736
2.67548197552e-09	0.00133316850406
2.78250125454e-09	-0.000344946827681
2.88952053356e-09	-0.00254690647125
2.99653981258e-09	-0.00448965653777
3.1035590916e-09	-0.00522978731897
3.21057837062e-09	-0.00405130640138
3.31759764964e-09	-0.00086750886112
3.42461692866e-09	0.00355600466719
3.53163620768e-09	0.00771570031065
3.63865548671e-09	0.00985418492928
3.74567476573e-09	0.00867300434038
3.85269404475e-09	0.00399000447942
3.95971332377e-09	-0.00297427509213
4.06673260279e-09	-0.00987912365235
4.17375188181e-09	-0.0140781432856
4.28077116083e-09	-0.0136754480191
4.38779043985e-09	-0.0083841078449
4.49480971887e-09	0.000211745889828
4.60182899789e-09	0.0091573165264
4.70884827691e-09	0.015227122698
4.81586755593e-09	0.0161853779573
4.92288683495e-09	0.0116779312957
5.02990611397e-09	0.00337382295402
5.136925393e-09	-0.00570421607699
5.24394467202e-09	-0.0123720925767
5.35096395104e-09	-0.0144945106003
5.45798323006e-09	-0.0117192694452
5.56500250908e-09	-0.00546777283307
5.6720217881e-09	0.00175759542617
5.77904106712e-09	0.00741072604433
5.88606034614e-09	0.00983623578213
5.99307962516e-09	0.00874568172731
6.10009890418e-09	0.00511119235307
6.2071181832e-09	0.000604846063652
6.31413746222e-09	-0.00312526518246
6.42115674124e-09	-0.00503498036414
6.52817602027e-09	-0.00492571759969
6.63519529929e-09	-0.00332504272228
6.74221457831e-09	-0.00113009335473
6.84923385733e-09	0.000796950858785
6.95625313635e-09	0.00191800054745
7.06327241537e-09	0.00211463280721
7.17029169439e-09	0.0016071824939
7.27731097341e-09	0.000777502689743
7.38433025243e-09	-1.07388354991e-05
7.49134953145e-09	-0.000527757896634
7.59836881047e-09	-0.0007082906086
7.70538808949e-09	-0.000615135082626
7.81240736851e-09	-0.000372666596377
7.91942664753e-09	-0.000104983741039
8.02644592656e-09	0.000101609961348
8.13346520558e-09	0.000209132220334
8.2404844846e-09	0.000219793717406
8.34750376362e-09	0.000160410741955
8.45452304264e-09	6.75065757605e-05
8.56154232166e-09	-2.36252240029e-05
8.66856160068e-09	-8.6032485342e-05
8.7755808797e-09	-0.000105497312688
8.88260015872e-09	-8.24059097795e-05
8.98961943774e-09	-3.05377916447e-05
9.09663871676e-09	2.77993635791e-05
9.20365799578e-09	6.9533873102e-05
9.3106772748e-09	7.91341890363e-05
9.41769655382e-09	5.43668384125e-05
9.52471583285e-09	6.97924838278e-06
9.63173511187e-09	-4.13610023315e-05
9.73875439089e-09	-7.05960401319e-05
9.84577366991e-09	-6.84613787598e-05
9.95279294893e-09	-3.59774662684e-05
1.00598122279e-08	1.26447010871e-05
1.0166831507e-08	5.6186616348e-05
1.0273850786e-08	7.5702230788e-05
1.0380870065e-08	6.27513536529e-05
1.0487889344e-08	2.30542868849e-05
1.05949086231e-08	-2.60406300185e-05
1.07019279021e-08	-6.31252760286e-05
1.08089471811e-08	-7.20835532775e-05
1.09159664601e-08	-4.90819174956e-05
1.10229857391e-08	-4.20810167157e-06
1.11300050182e-08	4.29320321018e-05
1.12370242972e-08	7.181078945e-05
1.13440435762e-08	6.98933890817e-05
1.14510628552e-08	3.80901738026e-05
1.15580821342e-08	-9.67812508179e-06
1.16651014133e-08	-5.25631185155e-05
1.17721206923e-08	-7.19066156307e-05
1.18791399713e-08	-5.9340874941e-05
1.19861592503e-08	-2.04153498089e-05
1.20931785293e-08	2.7853195661e-05
1.22001978084e-08	6.44224637654e-05
1.23072170874e-08	7.33973301976e-05
1.24142363664e-08	5.09317796968e-05
1.25212556454e-08	6.88971636009e-06
1.26282749244e-08	-3.94980838792e-05
1.27352942035e-08	-6.80256007399e-05
1.28423134825e-08	-6.63072369207e-05
1.29493327615e-08	-3.51711541953e-05
1.30563520405e-08	1.17538256745e-05
1.31633713196e-08	5.3991601817e-05
1.32703905986e-08	7.31623777028e-05
1.33774098776e-08	6.09733378951e-05
1.34844291566e-08	2.28078033615e-05
1.35914484356e-08	-2.46494259954e-05
1.36984677147e-08	-6.0708658566e-05
1.38054869937e-08	-6.96940815033e-05
1.39125062727e-08	-4.77597332065e-05
1.40195255517e-08	-4.52727795164e-06
1.41265448307e-08	4.11150067521e-05
1.42335641098e-08	6.92893172527e-05
1.43405833888e-08	6.77692642057e-05
1.44476026678e-08	3.72874933419e-05
1.45546219468e-08	-8.81127886032e-06
1.46616412258e-08	-5.0409825235e-05
1.47686605049e-08	-6.94082546033e-05
1.48756797839e-08	-5.75859439778e-05
1.49826990629e-08	-2.01666293833e-05
1.50897183419e-08	2.64919394795e-05
1.51967376209e-08	6.2049160988e-05
1.53037569e-08	7.1043288699e-05
1.5410776179e-08	4.96254360769e-05
1.5517795458e-08	7.19718366327e-06
1.5624814737e-08	-3.77160827156e-05
1.5731834016e-08	-6.55443491269e-05
1.58388532951e-08	-6.42143440928e-05
1.59458725741e-08	-3.43745100508e-05
1.60528918531e-08	1.09096192773e-05
1.61599111321e-08	5.18794504387e-05
1.62669304112e-08	7.07060125933e-05
1.63739496902e-08	5.92405913267e-05
1.64809689692e-08	2.25543385568e-05
1.65879882482e-08	-2.33183418459e-05
1.66950075272e-08	-5.8377336245e-05
1.68020268063e-08	-6.7378779022e-05
1.69090460853e-08	-4.64670010842e-05
1.70160653643e-08	-4.82215790498e-06
1.71230846433e-08	3.93678742512e-05
1.72301039223e-08	6.68524953653e-05
1.73371232014e-08	6.57050695736e-05
1.74441424804e-08	3.64943034583e-05
1.75511617594e-08	-7.98996845219e-06
1.76581810384e-08	-4.83376197735e-05
1.77652003174e-08	-6.69910587021e-05
1.78722195965e-08	-5.58762349101e-05
1.79792388755e-08	-1.99064143089e-05
1.80862581545e-08	2.51927444879e-05
1.81932774335e-08	5.9759207943e-05
1.83002967125e-08	6.87652309352e-05
1.84073159916e-08	4.83500898554e-05
1.85143352706e-08	7.47567173676e-06
1.86213545496e-08	-3.60059857485e-05
1.87283738286e-08	-6.31510856692e-05
1.88353931076e-08	-6.21829849479e-05
1.89424123867e-08	-3.35867853209e-05
1.90494316657e-08	1.01112412949e-05
1.91564509447e-08	4.9847461014e-05
1.92634702237e-08	6.83288772052e-05
1.93704895028e-08	5.75548801862e-05
1.94775087818e-08	2.22910821321e-05
1.95845280608e-08	-2.2047968514e-05
1.96915473398e-08	-5.61273982385e-05
1.97985666188e-08	-6.51348636893e-05
1.99055858979e-08	-4.52049480373e-05
2.00126051769e-08	-5.09002404669e-06
2.01196244559e-08	3.76921761926e-05
2.02266437349e-08	6.45012587484e-05
2.03336630139e-08	6.37055109109e-05
2.0440682293e-08	3.5716050661e-05
2.0547701572e-08	-7.21136783e-06
2.0654720851e-08	-4.63454275632e-05
2.076174013e-08	-6.46539774607e-05
2.0868759409e-08	-5.42123661944e-05
2.09757786881e-08	-1.96400801542e-05
2.10827979671e-08	2.39496173435e-05
2.11898172461e-08	5.75513513468e-05
2.12968365251e-08	6.6554553996e-05
2.14038558041e-08	4.71014454888e-05
2.15108750832e-08	7.73058013692e-06
2.16178943622e-08	-3.43636343132e-05
2.17249136412e-08	-6.08403697697e-05
2.18319329202e-08	-6.02094451096e-05
2.19389521993e-08	-3.28127912326e-05
2.20459714783e-08	9.35510468025e-06
2.21529907573e-08	4.78939418826e-05
2.22600100363e-08	6.60311852698e-05
2.23670293153e-08	5.59136042284e-05
2.24740485944e-08	2.20191791414e-05
2.25810678734e-08	-2.08330056921e-05
2.26880871524e-08	-5.39606544407e-05
2.27951064314e-08	-6.29602345725e-05
2.29021257104e-08	-4.39710256614e-05
2.30091449895e-08	-5.33134550551e-06
2.31161642685e-08	3.60840149369e-05
2.32231835475e-08	6.22309744358e-05
2.33302028265e-08	6.17624918959e-05
2.34372221055e-08	3.49449246642e-05
2.35442413846e-08	-6.475490963e-06
2.36512606636e-08	-4.44302008873e-05
2.37582799426e-08	-6.23928763162e-05
2.38652992216e-08	-5.25928426214e-05
2.39723185006e-08	-1.93647015294e-05
2.40793377797e-08	2.2762786557e-05
2.41863570587e-08	5.54230546186e-05
2.42933763377e-08	6.44152669338e-05
2.44003956167e-08	4.58801787317e-05
2.45074148957e-08	7.95923619989e-06
2.46144341748e-08	-3.27873303831e-05
2.47214534538e-08	-5.86082651353e-05
2.48284727328e-08	-5.82956126891e-05
2.49354920118e-08	-3.20491526509e-05
2.50425112909e-08	8.6403243813e-06
2.51495305699e-08	4.60138480776e-05
2.52565498489e-08	6.38071260255e-05
2.53635691279e-08	5.43166297575e-05
2.54705884069e-08	2.17431802412e-05
2.5577607686e-08	-1.96724236048e-05
2.5684626965e-08	-5.1872527365e-05
2.5791646244e-08	-6.08543268754e-05
2.5898665523e-08	-4.2765368562e-05
2.6005684802e-08	-5.54971074962e-06
2.61127040811e-08	3.45405173903e-05
2.62197233601e-08	6.00384219069e-05
2.63267426391e-08	5.98762753725e-05
2.64337619181e-08	3.41865238624e-05
2.65407811971e-08	-5.78033336751e-06
2.66478004762e-08	-4.25862162956e-05
2.67548197552e-08	-6.02066156716e-05
2.68618390342e-08	-5.1017923397e-05
2.69688583132e-08	-1.9085484837e-05
2.70758775922e-08	2.16276966967e-05
2.71828968713e-08	5.33719448867e-05
2.72899161503e-08	6.23434480076e-05
2.73969354293e-08	4.46903568445e-05
2.75039547083e-08	8.16691567707e-06
2.76109739874e-08	-3.1275668789e-05
2.77179932664e-08	-5.6455095546e-05
2.78250125454e-08	-5.64383426536e-05
2.79320318244e-08	-3.12957572532e-05
2.80390511034e-08	7.96268130898e-06
2.81460703825e-08	4.42059053967e-05
2.82530896615e-08	6.16564539087e-05
2.83601089405e-08	5.27622723894e-05
2.84671282195e-08	2.14594861063e-05
2.85741474985e-08	-1.85640062682e-05
2.86811667776e-08	-4.98582267028e-05
2.87881860566e-08	-5.88148568568e-05
2.88952053356e-08	-4.15892818637e-05
2.90022246146e-08	-5.74468799641e-06
2.91092438936e-08	3.3060716305e-05
2.92162631727e-08	5.79218858547e-05
2.93232824517e-08	5.80465029998e-05
2.94303017307e-08	3.34397159349e-05
2.95373210097e-08	-5.12220563209e-06
