% time-domain current integration by openEMS v0.0.36-16-g7d7688a @Fri Jan  3 10:25:36 2025
% start-coordinates: (-0.00134048,-0.0110652,-7.6975e-05) m -> [29,83,16]
% stop-coordinates: (0.000689111,-0.0110652,2.9217e-05) m -> [32,83,19]
% t/s	current
8.22213268445e-15	0
1.07027501153e-10	1.97444460781e-09
2.14046780174e-10	6.39467423458e-10
3.21066059195e-10	-1.08863640325e-09
4.28085338216e-10	-4.92473928304e-09
5.35104617236e-10	-1.02268913338e-08
6.42123896257e-10	-1.33849855644e-08
7.49143175278e-10	-1.10526583441e-08
8.56162454299e-10	8.92360851878e-10
9.63181733319e-10	2.29710188648e-08
1.07020101234e-09	5.03114137018e-08
1.17722029136e-09	7.03055675899e-08
1.28423957038e-09	6.51050058309e-08
1.3912588494e-09	1.74311516332e-08
1.49827812842e-09	-7.61103606806e-08
1.60529740744e-09	-1.94932908926e-07
1.71231668646e-09	-2.88734071319e-07
1.81933596549e-09	-2.89448450985e-07
1.92635524451e-09	-1.37548852308e-07
2.03337452353e-09	1.77629317477e-07
2.14039380255e-09	5.8423995597e-07
2.24741308157e-09	9.22630874811e-07
2.35443236059e-09	9.85149540611e-07
2.46145163961e-09	6.0431369775e-07
2.56847091863e-09	-2.41631425979e-07
2.67549019765e-09	-1.35025368309e-06
2.78250947667e-09	-2.30496129916e-06
2.88952875569e-09	-2.59811122305e-06
2.99654803471e-09	-1.84887596788e-06
3.10356731373e-09	-3.515976843e-08
3.21058659275e-09	2.37764606936e-06
3.31760587178e-09	4.50655488748e-06
3.4246251508e-09	5.34682976649e-06
3.53164442982e-09	4.20531341661e-06
3.63866370884e-09	1.09540894755e-06
3.74568298786e-09	-3.10954442284e-06
3.85270226688e-09	-6.89018816047e-06
3.9597215459e-09	-8.6329464466e-06
4.06674082492e-09	-7.31974250812e-06
4.17376010394e-09	-3.05558705804e-06
4.28077938296e-09	2.83070471596e-06
4.38779866198e-09	8.21268986329e-06
4.494817941e-09	1.09812781375e-05
4.60183722002e-09	9.91836441244e-06
4.70885649905e-09	5.24777124156e-06
4.81587577807e-09	-1.39539201882e-06
4.92289505709e-09	-7.58500891607e-06
5.02991433611e-09	-1.10597684397e-05
5.13693361513e-09	-1.06108145701e-05
5.24395289415e-09	-6.5300141614e-06
5.35097217317e-09	-4.43320885779e-07
5.45799145219e-09	5.37666574019e-06
5.56501073121e-09	8.91024956218e-06
5.67203001023e-09	9.12627547223e-06
5.77904928925e-09	6.2761105255e-06
5.88606856827e-09	1.67197174505e-06
5.99308784729e-09	-2.90665548164e-06
6.10010712631e-09	-5.9081830841e-06
6.20712640534e-09	-6.53036886433e-06
6.31414568436e-09	-4.89930516778e-06
6.42116496338e-09	-1.89368586234e-06
6.5281842424e-09	1.26871373141e-06
6.63520352142e-09	3.49693482349e-06
6.74222280044e-09	4.17803948949e-06
6.84924207946e-09	3.31381716023e-06
6.95626135848e-09	1.43165175359e-06
7.0632806375e-09	-6.65012521495e-07
7.17029991652e-09	-2.2046194772e-06
7.27731919554e-09	-2.70699047178e-06
7.38433847456e-09	-2.11752285395e-06
7.49135775358e-09	-7.83443283581e-07
7.59837703261e-09	7.06734510914e-07
7.70539631163e-09	1.75744014541e-06
7.81241559065e-09	1.98940165319e-06
7.91943486967e-09	1.37079427986e-06
8.02645414869e-09	2.11537638961e-07
8.13347342771e-09	-9.75361786004e-07
8.24049270673e-09	-1.68844951531e-06
8.34751198575e-09	-1.64277321346e-06
8.45453126477e-09	-8.81699520505e-07
8.56155054379e-09	2.48851421247e-07
8.66856982281e-09	1.25229826153e-06
8.77558910183e-09	1.69545819517e-06
8.88260838085e-09	1.39254768783e-06
8.98962765987e-09	4.82745861063e-07
9.0966469389e-09	-6.32903947917e-07
9.20366621792e-09	-1.46710090121e-06
9.31068549694e-09	-1.65772780747e-06
9.41770477596e-09	-1.124480832e-06
9.52472405498e-09	-1.02391474854e-07
9.631743334e-09	9.62775629887e-07
9.73876261302e-09	1.60425224749e-06
9.84578189204e-09	1.5454008917e-06
9.95280117106e-09	8.13859742266e-07
1.00598204501e-08	-2.7038134931e-07
1.01668397291e-08	-1.23415122744e-06
1.02738590081e-08	-1.65814060438e-06
1.03808782871e-08	-1.35898790177e-06
1.04878975662e-08	-4.68800919862e-07
1.05949168452e-08	6.23458333848e-07
1.07019361242e-08	1.44145133163e-06
1.08089554032e-08	1.62979131346e-06
1.09159746822e-08	1.10795269848e-06
1.10229939613e-08	1.04747137186e-07
1.11300132403e-08	-9.41550922562e-07
1.12370325193e-08	-1.57530087108e-06
1.13440517983e-08	-1.52145116772e-06
1.14510710774e-08	-8.05127797321e-07
1.15580903564e-08	2.60055287526e-07
1.16651096354e-08	1.20934839742e-06
1.17721289144e-08	1.62968922268e-06
1.18791481934e-08	1.33929131607e-06
1.19861674725e-08	4.66370636332e-07
1.20931867515e-08	-6.07511253747e-07
1.22002060305e-08	-1.4142457303e-06
1.23072253095e-08	-1.60312708886e-06
1.24142445885e-08	-1.09339612209e-06
1.25212638676e-08	-1.08731171622e-07
1.26282831466e-08	9.20896013668e-07
1.27353024256e-08	1.54699046107e-06
1.28423217046e-08	1.49777588376e-06
1.29493409836e-08	7.96470772002e-07
1.30563602627e-08	-2.49992154977e-07
1.31633795417e-08	-1.18500793178e-06
1.32703988207e-08	-1.60167371632e-06
1.33774180997e-08	-1.3198355191e-06
1.34844373787e-08	-4.63906872028e-07
1.35914566578e-08	5.91978164266e-07
1.36984759368e-08	1.38748839618e-06
1.38054952158e-08	1.57683939506e-06
1.39125144948e-08	1.07899711566e-06
1.40195337738e-08	1.12451964185e-07
1.41265530529e-08	-9.0067567271e-07
1.42335723319e-08	-1.51910603563e-06
1.43405916109e-08	-1.47447610743e-06
1.44476108899e-08	-7.87834494531e-07
1.4554630169e-08	2.40238392735e-07
1.4661649448e-08	1.16112119031e-06
1.4768668727e-08	1.57414797286e-06
1.4875688006e-08	1.30064790937e-06
1.4982707285e-08	4.61409825903e-07
1.50897265641e-08	-5.76760328386e-07
1.51967458431e-08	-1.3612143448e-06
1.53037651221e-08	-1.55093960075e-06
1.54107844011e-08	-1.06479319584e-06
1.55178036801e-08	-1.16122706117e-07
1.56248229592e-08	8.80830953065e-07
1.57318422382e-08	1.49171307839e-06
1.58388615172e-08	1.45151614106e-06
1.59458807962e-08	7.79278138907e-07
1.60529000752e-08	-2.30688044667e-07
1.61599193543e-08	-1.13769260679e-06
1.62669386333e-08	-1.54706026478e-06
1.63739579123e-08	-1.2816852859e-06
1.64809771913e-08	-4.58803697256e-07
1.65879964703e-08	5.61864112569e-07
1.66950157494e-08	1.33542357617e-06
1.68020350284e-08	1.52548557253e-06
1.69090543074e-08	1.05075946522e-06
1.70160735864e-08	1.19569179446e-07
1.71230928655e-08	-8.6139209543e-07
1.72301121445e-08	-1.46480238072e-06
1.73371314235e-08	-1.42883288845e-06
1.74441507025e-08	-7.70734857269e-07
1.75511699815e-08	2.21424159008e-07
1.76581892606e-08	1.11472888875e-06
1.77652085396e-08	1.52042048285e-06
1.78722278186e-08	1.26301063119e-06
1.79792470976e-08	4.5616963007e-07
1.80862663766e-08	-5.47362958514e-07
1.81932856557e-08	-1.31008437165e-06
1.83003049347e-08	-1.50041057623e-06
1.84073242137e-08	-1.03687818864e-06
1.85143434927e-08	-1.22871000485e-07
1.86213627717e-08	8.42376323362e-07
1.87283820508e-08	1.43837974065e-06
1.88354013298e-08	1.40660495163e-06
1.89424206088e-08	7.62271440635e-07
1.90494398878e-08	-2.12381806364e-07
1.91564591668e-08	-1.09219536171e-06
1.92634784459e-08	-1.49422089635e-06
1.93704977249e-08	-1.24455812056e-06
1.94775170039e-08	-4.53488866015e-07
1.95845362829e-08	5.33133970748e-07
1.96915555619e-08	1.28518558995e-06
1.9798574841e-08	1.47572211517e-06
1.990559412e-08	1.02309468275e-06
2.0012613399e-08	1.26051119764e-07
2.0119632678e-08	-8.2371229837e-07
2.02266519571e-08	-1.41240127505e-06
2.03336712361e-08	-1.3845990452e-06
2.04406905151e-08	-7.53894767058e-07
2.05477097941e-08	2.03610113658e-07
2.06547290731e-08	1.07009873318e-06
2.07617483522e-08	1.46845741256e-06
2.08687676312e-08	1.22634492072e-06
2.09757869102e-08	4.50767942084e-07
2.10828061892e-08	-5.19242576047e-07
2.11898254682e-08	-1.2607622466e-06
2.12968447473e-08	-1.45140143104e-06
2.14038640263e-08	-1.009533662e-06
2.15108833053e-08	-1.2906392044e-07
2.16179025843e-08	8.05443448826e-07
2.17249218633e-08	1.3869034774e-06
2.18319411424e-08	1.36296387154e-06
2.19389604214e-08	7.45538386582e-07
2.20459797004e-08	-1.95055122276e-07
2.21529989794e-08	-1.04840819404e-06
2.22600182584e-08	-1.44314003592e-06
2.23670375375e-08	-1.20839001738e-06
2.24740568165e-08	-4.47982642982e-07
2.25810760955e-08	5.05679167873e-07
2.26880953745e-08	1.23677784813e-06
2.27951146535e-08	1.42747489917e-06
2.29021339326e-08	9.96090648187e-07
2.30091532116e-08	1.31964753791e-07
2.31161724906e-08	-7.87555791248e-07
2.32231917696e-08	-1.36182029564e-06
2.33302110487e-08	-1.34164247356e-06
2.34372303277e-08	-7.37246296012e-07
2.35442496067e-08	1.86725202411e-07
2.36512688857e-08	1.02715739558e-06
2.37582881647e-08	1.41819759847e-06
2.38653074438e-08	1.190688522e-06
2.39723267228e-08	4.45176453923e-07
2.40793460018e-08	-4.92366837079e-07
2.41863652808e-08	-1.21323262192e-06
2.42933845598e-08	-1.40395025028e-06
2.44004038389e-08	-9.82799633675e-07
2.45074231179e-08	-1.34698183274e-07
2.46144423969e-08	7.69982534621e-07
2.47214616759e-08	1.33716105211e-06
2.48284809549e-08	1.3206525864e-06
2.4935500234e-08	7.29009855149e-07
2.5042519513e-08	-1.78655071181e-07
2.5149538792e-08	-1.00629324606e-06
2.5256558071e-08	-1.39369751651e-06
2.536357735e-08	-1.17320496429e-06
2.54705966291e-08	-4.42319901595e-07
2.55776159081e-08	4.79386415009e-07
2.56846351871e-08	1.19010280741e-06
2.57916544661e-08	1.38079133194e-06
2.58986737452e-08	9.69693360275e-07
2.60056930242e-08	1.37319418059e-07
2.61127123032e-08	-7.52828896111e-07
2.62197315822e-08	-1.31295792016e-06
2.63267508612e-08	-1.29991394715e-06
2.64337701403e-08	-7.20834520962e-07
2.65407894193e-08	1.70754290707e-07
2.66478086983e-08	9.85845076684e-07
2.67548279773e-08	1.36958374242e-06
2.68618472563e-08	1.15597742933e-06
2.69688665354e-08	4.39453998524e-07
2.70758858144e-08	-4.66688220513e-07
2.71829050934e-08	-1.16739010991e-06
2.72899243724e-08	-1.35800542012e-06
2.73969436514e-08	-9.56718963607e-07
2.75039629305e-08	-1.39805976573e-07
2.76109822095e-08	7.3600011774e-07
2.77180014885e-08	1.28916110498e-06
2.78250207675e-08	1.27954626805e-06
2.79320400465e-08	7.1272495461e-07
2.80390593256e-08	-1.63101603334e-07
2.81460786046e-08	-9.65758317761e-07
2.82530978836e-08	-1.34587583034e-06
2.83601171626e-08	-1.13895134746e-06
2.84671364416e-08	-4.3651056103e-07
2.85741557207e-08	4.54303688002e-07
2.86811749997e-08	1.14512045002e-06
2.87881942787e-08	1.33553737669e-06
2.88952135577e-08	9.43908958106e-07
2.90022328368e-08	1.42156750371e-07
2.91092521158e-08	-7.19553156614e-07
2.92162713948e-08	-1.26580675897e-06
2.93232906738e-08	-1.25945894069e-06
2.94303099528e-08	-7.04673141172e-07
2.95373292319e-08	1.55654305445e-07
