% time-domain current integration by openEMS v0.0.36-16-g7d7688a @Sun Jan  5 00:47:36 2025
% start-coordinates: (-0.00405612,-0.00810881,-2.6092e-05) m -> [35,52,22]
% stop-coordinates: (0.00267486,-0.00810881,2.2079e-05) m -> [44,52,23]
% t/s	current
2.2501927652e-14	0
1.07041669841e-10	5.63333513171e-09
2.14060837754e-10	9.55635393041e-09
3.21080005667e-10	1.17781269182e-08
4.2809917358e-10	8.32728730416e-09
5.35118341493e-10	-5.0767416937e-09
6.42137509406e-10	-2.87654824405e-08
7.49156677319e-10	-5.79724535044e-08
8.56175845232e-10	-7.91270409195e-08
9.63195013145e-10	-7.10987535513e-08
1.07021418106e-09	-1.2651461212e-08
1.17723334897e-09	1.0456546562e-07
1.28425251688e-09	2.59811145042e-07
1.3912716848e-09	3.93295891854e-07
1.49829085271e-09	4.12384537185e-07
1.60531002062e-09	2.22038636366e-07
1.71232918854e-09	-2.21739227868e-07
1.81934835645e-09	-8.53224946695e-07
1.92636752436e-09	-1.46259412759e-06
2.03338669227e-09	-1.72276270405e-06
2.14040586019e-09	-1.29637498958e-06
2.2474250281e-09	-8.86902640218e-09
2.35444419601e-09	1.97416397896e-06
2.46146336393e-09	4.05916534874e-06
2.56848253184e-09	5.31783462066e-06
2.67550169975e-09	4.79463687952e-06
2.78252086767e-09	1.96148857867e-06
2.88954003558e-09	-2.85409782919e-06
2.99655920349e-09	-8.29587042972e-06
3.10357837141e-09	-1.22414749057e-05
3.21059753932e-09	-1.25208134705e-05
3.31761670723e-09	-7.8864977695e-06
3.42463587514e-09	1.15652142085e-06
3.53165504306e-09	1.20981103464e-05
3.63867421097e-09	2.10166836041e-05
3.74569337888e-09	2.39463643084e-05
3.8527125468e-09	1.85582557606e-05
3.95973171471e-09	5.4520487538e-06
4.06675088262e-09	-1.15960265248e-05
4.17377005054e-09	-2.6711353712e-05
4.28078921845e-09	-3.40415499522e-05
4.38780838636e-09	-3.01242944261e-05
4.49482755427e-09	-1.55022207764e-05
4.60184672219e-09	5.18053730048e-06
4.7088658901e-09	2.47574516834e-05
4.81588505801e-09	3.62280807167e-05
4.92290422593e-09	3.54769581463e-05
5.02992339384e-09	2.28914868785e-05
5.13694256175e-09	3.1945369301e-06
5.24396172967e-09	-1.64376051544e-05
5.35098089758e-09	-2.91777014354e-05
5.45800006549e-09	-3.1106883398e-05
5.5650192334e-09	-2.25087333092e-05
5.67203840132e-09	-7.44905401007e-06
5.77905756923e-09	8.07485139376e-06
5.88607673714e-09	1.85663138836e-05
5.99309590506e-09	2.10279613384e-05
6.10011507297e-09	1.57833110279e-05
6.20713424088e-09	5.92982223679e-06
6.3141534088e-09	-4.19859998146e-06
6.42117257671e-09	-1.08337062557e-05
6.52819174462e-09	-1.21052216855e-05
6.63521091253e-09	-8.45600698085e-06
6.74223008045e-09	-2.11708129427e-06
6.84924924836e-09	4.01326315114e-06
6.95626841627e-09	7.56689632908e-06
7.06328758419e-09	7.5165630733e-06
7.1703067521e-09	4.35917127106e-06
7.27732592001e-09	-2.93854498068e-07
7.38434508793e-09	-4.47272532256e-06
7.49136425584e-09	-6.62227466819e-06
7.59838342375e-09	-6.1126474975e-06
7.70540259166e-09	-3.34928472512e-06
7.81242175958e-09	4.94594587508e-07
7.91944092749e-09	3.97520580009e-06
8.0264600954e-09	5.90438594372e-06
8.13347926332e-09	5.72629414819e-06
8.24049843123e-09	3.64105721928e-06
8.34751759914e-09	4.67223884471e-07
8.45453676706e-09	-2.6818220249e-06
8.56155593497e-09	-4.78410720461e-06
8.66857510288e-09	-5.23000790054e-06
8.77559427079e-09	-3.98390511691e-06
8.88261343871e-09	-1.55127793278e-06
8.98963260662e-09	1.22133383229e-06
9.09665177453e-09	3.4376714666e-06
9.20367094245e-09	4.43662383987e-06
9.31069011036e-09	3.9830406422e-06
9.41770927827e-09	2.31229773817e-06
9.52472844619e-09	2.50530511892e-08
9.6317476141e-09	-2.12273107536e-06
9.73876678201e-09	-3.47069499185e-06
9.84578594993e-09	-3.64956576959e-06
9.95280511784e-09	-2.67765994977e-06
1.00598242858e-08	-9.32044940782e-07
1.01668434537e-08	9.93748926703e-07
1.02738626216e-08	2.48830815508e-06
1.03808817895e-08	3.11324629365e-06
1.04879009574e-08	2.72954434877e-06
1.05949201253e-08	1.52146606069e-06
1.07019392932e-08	-8.17085847871e-08
1.08089584611e-08	-1.55505153998e-06
1.09159776291e-08	-2.44784359893e-06
1.1022996797e-08	-2.51907385973e-06
1.11300159649e-08	-1.79918254162e-06
1.12370351328e-08	-5.6311409935e-07
1.13440543007e-08	7.70891745105e-07
1.14510734686e-08	1.78081984359e-06
1.15580926365e-08	2.17270394387e-06
1.16651118044e-08	1.86400166058e-06
1.17721309724e-08	9.95834398054e-07
1.18791501403e-08	-1.25413691876e-07
1.19861693082e-08	-1.13413727831e-06
1.20931884761e-08	-1.72322256731e-06
1.2200207644e-08	-1.7359989215e-06
1.23072268119e-08	-1.20537447401e-06
1.24142459798e-08	-3.31515110474e-07
1.25212651478e-08	5.91283821905e-07
1.26282843157e-08	1.27231737679e-06
1.27353034836e-08	1.51484186972e-06
1.28423226515e-08	1.2713861679e-06
1.29493418194e-08	6.48934587844e-07
1.30563609873e-08	-1.34238774763e-07
1.31633801552e-08	-8.23814104933e-07
1.32703993231e-08	-1.21089283311e-06
1.33774184911e-08	-1.19423384604e-06
1.3484437659e-08	-8.04889566552e-07
1.35914568269e-08	-1.88056560546e-07
1.36984759948e-08	4.49453068541e-07
1.38054951627e-08	9.07681112494e-07
1.39125143306e-08	1.05530909877e-06
1.40195334985e-08	8.66230607244e-07
1.41265526664e-08	4.20935293732e-07
1.42335718344e-08	-1.25403005313e-07
1.43405910023e-08	-5.96054178459e-07
1.44476101702e-08	-8.49210266551e-07
1.45546293381e-08	-8.19915101147e-07
1.4661648506e-08	-5.35385765943e-07
1.47686676739e-08	-1.00641813106e-07
1.48756868418e-08	3.39212590461e-07
1.49827060097e-08	6.46797502668e-07
1.50897251777e-08	7.3472853046e-07
1.51967443456e-08	5.89677711105e-07
1.53037635135e-08	2.7176599815e-07
1.54107826814e-08	-1.08856077929e-07
1.55178018493e-08	-4.29571429095e-07
1.56248210172e-08	-5.94270261445e-07
1.57318401851e-08	-5.6162753026e-07
1.58388593531e-08	-3.54450492068e-07
1.5945878521e-08	-4.84988156302e-08
1.60528976889e-08	2.54585302173e-07
1.61599168568e-08	4.60518464251e-07
1.62669360247e-08	5.11361918143e-07
1.63739551926e-08	4.01202555622e-07
1.64809743605e-08	1.74685638399e-07
1.65879935284e-08	-9.01493919514e-08
1.66950126964e-08	-3.08322569254e-07
1.68020318643e-08	-4.14833465356e-07
1.69090510322e-08	-3.83645669899e-07
1.70160702001e-08	-2.33295892826e-07
1.7123089368e-08	-1.8277823699e-08
1.72301085359e-08	1.90270952771e-07
1.73371277038e-08	3.2777143133e-07
1.74441468717e-08	3.55936464302e-07
1.75511660397e-08	2.72977700888e-07
1.76581852076e-08	1.11876012454e-07
1.77652043755e-08	-7.21594233255e-08
1.78722235434e-08	-2.20316195509e-07
1.79792427113e-08	-2.88716591967e-07
1.80862618792e-08	-2.61164728954e-07
1.81932810471e-08	-1.52388992092e-07
1.83003002151e-08	-1.48393053401e-09
1.8407319383e-08	1.41820123645e-07
1.85143385509e-08	2.33356956869e-07
1.86213577188e-08	2.47913533258e-07
1.87283768867e-08	1.8589501849e-07
1.88353960546e-08	7.15197643331e-08
1.89424152225e-08	-5.6202797083e-08
1.90494343904e-08	-1.56629070602e-07
1.91564535584e-08	-2.00204624434e-07
1.92634727263e-08	-1.77001183488e-07
1.93704918942e-08	-9.85144339438e-08
1.94775110621e-08	7.2432291276e-09
1.958453023e-08	1.05577377951e-07
1.96915493979e-08	1.66313441241e-07
1.97985685658e-08	1.72943330767e-07
1.99055877337e-08	1.26855610461e-07
2.00126069017e-08	4.57993962755e-08
2.01196260696e-08	-4.27340367537e-08
2.02266452375e-08	-1.10670129061e-07
