% time-domain voltage integration by openEMS v0.0.36-16-g7d7688a @Sun Jan  5 00:47:36 2025
% start-coordinates: (0,-0.00911115,2.2079e-05) m -> [40,49,23]
% stop-coordinates: (0,-0.00687496,2.2079e-05) m -> [40,56,23]
% t/s	voltage
0	-0
1.07019167913e-10	3.49149217982e-07
2.14038335826e-10	4.6904995088e-07
3.21057503739e-10	3.51485713423e-07
4.28076671652e-10	-1.60530055027e-07
5.35095839565e-10	-1.08670803911e-06
6.42115007478e-10	-2.27208590786e-06
7.49134175391e-10	-3.14499476417e-06
8.56153343304e-10	-2.82548313635e-06
9.63172511217e-10	-4.09756665931e-07
1.07019167913e-09	4.45920693437e-06
1.17721084704e-09	1.08777412606e-05
1.28423001496e-09	1.6235209614e-05
1.39124918287e-09	1.64817893165e-05
1.49826835078e-09	7.51605591631e-06
1.6052875187e-09	-1.23485498307e-05
1.71230668661e-09	-3.96911996177e-05
1.81932585452e-09	-6.44981855658e-05
1.92634502243e-09	-7.16758058843e-05
2.03336419035e-09	-4.64043610009e-05
2.14038335826e-09	1.74368506123e-05
2.24740252617e-09	0.0001090110718
2.35442169409e-09	0.000197192057385
2.461440862e-09	0.000236615949689
2.56846002991e-09	0.00018436231403
2.67547919783e-09	2.3118684112e-05
2.78249836574e-09	-0.000218830045924
2.88951753365e-09	-0.000462780299131
2.99653670156e-09	-0.000598524828092
3.10355586948e-09	-0.000526093208464
3.21057503739e-09	-0.000206971948501
3.3175942053e-09	0.000297982373013
3.42461337322e-09	0.000827021380246
3.53163254113e-09	0.00116357592924
3.63865170904e-09	0.001120159126
3.74567087696e-09	0.000628937166766
3.85269004487e-09	-0.000202714225452
3.95970921278e-09	-0.00110507365025
4.06672838069e-09	-0.00173411818105
4.17374754861e-09	-0.0018066350458
4.28076671652e-09	-0.00122764061962
4.38778588443e-09	-0.000151467291289
4.49480505235e-09	0.00105816859286
4.60182422026e-09	0.00196066705394
4.70884338817e-09	0.00221220514504
4.81586255609e-09	0.00170711823739
4.922881724e-09	0.000624646505457
5.02990089191e-09	-0.000640982259938
5.13692005982e-09	-0.00163778386195
5.24393922774e-09	-0.00203289778437
5.35095839565e-09	-0.00173421039653
5.45797756356e-09	-0.000908530986635
5.56499673148e-09	0.000104619924969
5.67201589939e-09	0.000939570818446
5.7790350673e-09	0.00134514953243
5.88605423522e-09	0.00126225627901
5.99307340313e-09	0.000814606282802
6.10009257104e-09	0.000229029577895
6.20711173895e-09	-0.000270567241387
6.31413090687e-09	-0.0005470692995
6.42115007478e-09	-0.000581124440941
6.52816924269e-09	-0.000446959984401
6.63518841061e-09	-0.000255344286415
6.74220757852e-09	-9.59888402576e-05
6.84922674643e-09	-5.21343554283e-06
6.95624591435e-09	3.23660606227e-05
7.06326508226e-09	5.70257579966e-05
7.17028425017e-09	0.000100922302408
7.27730341809e-09	0.000166965102835
7.384322586e-09	0.000228370947298
7.49134175391e-09	0.000246006467933
7.59836092182e-09	0.000192278155737
7.70538008974e-09	6.86778539603e-05
7.81239925765e-09	-9.13404228413e-05
7.91941842556e-09	-0.000234762726905
8.02643759348e-09	-0.000310354978865
8.13345676139e-09	-0.000289299936412
8.2404759293e-09	-0.000176628085683
8.34749509722e-09	-9.36503795401e-06
8.45451426513e-09	0.000157145059347
8.56153343304e-09	0.000268980689725
8.66855260095e-09	0.000291979409667
8.77557176887e-09	0.000222347554882
8.88259093678e-09	8.64561761773e-05
8.98961010469e-09	-6.93437723385e-05
9.09662927261e-09	-0.000194818276213
9.20364844052e-09	-0.000252184219789
9.31066760843e-09	-0.000227390893997
9.41768677635e-09	-0.000133119801831
9.52470594426e-09	-3.1095219839e-06
9.63172511217e-09	0.000119900753816
9.73874428008e-09	0.000197793862753
9.845763448e-09	0.000209083793379
9.95278261591e-09	0.00015447113401
1.00598017838e-08	5.52235796931e-05
1.01668209517e-08	-5.48725543013e-05
1.02738401196e-08	-0.000140827700307
1.03808592876e-08	-0.000177387695658
1.04878784555e-08	-0.000156324103955
1.05948976234e-08	-8.78976061358e-05
1.07019167913e-08	3.53482039372e-06
1.08089359592e-08	8.80044672158e-05
1.09159551271e-08	0.00013964036043
1.1022974295e-08	0.000144455849295
1.1129993463e-08	0.00010394963374
1.12370126309e-08	3.36438870363e-05
1.13440317988e-08	-4.26441893069e-05
1.14510509667e-08	-0.000100756192296
1.15580701346e-08	-0.000123747297039
1.16650893025e-08	-0.00010670165284
1.17721084704e-08	-5.74985838284e-05
1.18791276383e-08	6.46913537139e-06
1.19861468063e-08	6.43229755042e-05
1.20931659742e-08	9.84260723271e-05
1.22001851421e-08	9.96747767203e-05
1.230720431e-08	6.97825544194e-05
1.24142234779e-08	2.00595127353e-05
1.25212426458e-08	-3.27302159349e-05
1.26282618137e-08	-7.19382724128e-05
1.27352809816e-08	-8.62165907165e-05
1.28423001496e-08	-7.27141487005e-05
1.29493193175e-08	-3.7416768464e-05
1.30563384854e-08	7.27804672351e-06
1.31633576533e-08	4.68420416837e-05
1.32703768212e-08	6.92749899827e-05
1.33773959891e-08	6.86833609507e-05
1.3484415157e-08	4.6726509936e-05
1.3591434325e-08	1.16156933245e-05
1.36984534929e-08	-2.48656806434e-05
1.38054726608e-08	-5.1261772569e-05
1.39124918287e-08	-5.9992189108e-05
1.40195109966e-08	-4.94690680171e-05
1.41265301645e-08	-2.42042056016e-05
1.42335493324e-08	6.98455340853e-06
1.43405685003e-08	3.39987918778e-05
1.44475876683e-08	4.86879280288e-05
1.45546068362e-08	4.72639808322e-05
1.46616260041e-08	3.12026379561e-05
1.4768645172e-08	6.4470276584e-06
1.48756643399e-08	-1.87315829407e-05
1.49826835078e-08	-3.64602610716e-05
1.50897026757e-08	-4.16916495851e-05
1.51967218436e-08	-3.35958698088e-05
1.53037410116e-08	-1.55495521312e-05
1.54107601795e-08	6.18594651769e-06
1.55177793474e-08	2.46017561949e-05
1.56247985153e-08	3.41713030139e-05
1.57318176832e-08	3.24792201809e-05
1.58388368511e-08	2.07743521514e-05
1.5945856019e-08	3.34607747732e-06
1.6052875187e-08	-1.40086840474e-05
1.61598943549e-08	-2.58860336544e-05
1.62669135228e-08	-2.89364868422e-05
1.63739326907e-08	-2.27739385537e-05
1.64809518586e-08	-9.90966361769e-06
1.65879710265e-08	5.21873766957e-06
1.66949901944e-08	1.77518936653e-05
1.68020093623e-08	2.39500031967e-05
1.69090285303e-08	2.2287720185e-05
1.70160476982e-08	1.37869611763e-05
1.71230668661e-08	1.53419904336e-06
1.7230086034e-08	-1.04113987618e-05
1.73371052019e-08	-1.83473393918e-05
1.74441243698e-08	-2.0058060727e-05
1.75511435377e-08	-1.54080867105e-05
1.76581627056e-08	-6.25487894013e-06
1.77651818736e-08	4.26112961804e-06
1.78722010415e-08	1.27757157316e-05
1.79792202094e-08	1.67638067978e-05
1.80862393773e-08	1.52723866904e-05
1.81932585452e-08	9.11712970719e-06
1.83002777131e-08	5.15732878625e-07
1.8407296881e-08	-7.69586597471e-06
1.8514316049e-08	-1.29831175855e-05
1.86213352169e-08	-1.38856481726e-05
1.87283543848e-08	-1.04038144855e-05
1.88353735527e-08	-3.90221777025e-06
1.89423927206e-08	3.39814019412e-06
1.90494118885e-08	9.17212412332e-06
1.91564310564e-08	1.1718140172e-05
1.92634502243e-08	1.04495701407e-05
1.93704693923e-08	6.00583302912e-06
1.94774885602e-08	-2.47053488778e-08
1.95845077281e-08	-5.66142102798e-06
1.9691526896e-08	-9.17235070119e-06
1.97985460639e-08	-9.60061959177e-06
1.99055652318e-08	-7.00925323827e-06
2.00125843997e-08	-2.39976176886e-06
2.01196035676e-08	2.6622820144e-06
2.02266227356e-08	6.57017704953e-06
