% time-domain current integration by openEMS v0.0.36-16-g7d7688a @Sat Jan  4 14:38:05 2025
% start-coordinates: (-0.00252587,-0.00810881,-2.6092e-05) m -> [36,52,22]
% stop-coordinates: (0.00179194,-0.00810881,2.2079e-05) m -> [42,52,23]
% t/s	current
3.58426576843e-14	0
1.06990333188e-10	1.36236599779e-09
2.13944823718e-10	1.67568736664e-09
3.20899314247e-10	1.15289877645e-09
4.27853804777e-10	-4.39696667964e-10
5.34808295307e-10	-3.8696343907e-09
6.41762785837e-10	-8.21671086726e-09
7.48717276367e-10	-1.14042251198e-08
8.55671766897e-10	-1.04475681439e-08
9.62626257427e-10	-2.15809703441e-09
1.06958074796e-09	1.51048435981e-08
1.17653523849e-09	3.83364380241e-08
1.28348972902e-09	5.83780348506e-08
1.39044421955e-09	6.09963350939e-08
1.49739871008e-09	3.14531440893e-08
1.60435320061e-09	-3.76040745209e-08
1.71130769114e-09	-1.35301462478e-07
1.81826218167e-09	-2.27835926125e-07
1.9252166722e-09	-2.6247431606e-07
2.03217116273e-09	-1.85526062069e-07
2.13912565326e-09	2.90529484914e-08
2.24608014379e-09	3.50156881268e-07
2.35303463432e-09	6.75615979162e-07
2.45998912485e-09	8.49936498071e-07
2.56694361538e-09	7.18047544979e-07
2.67389810591e-09	2.03863081083e-07
2.78085259644e-09	-6.18514718553e-07
2.88780708697e-09	-1.50084281358e-06
2.9947615775e-09	-2.07501034311e-06
3.10171606803e-09	-1.98501152227e-06
3.20867055856e-09	-1.05691640329e-06
3.31562504909e-09	5.66914479805e-07
3.42257953962e-09	2.40495978687e-06
3.52953403015e-09	3.76581829187e-06
3.63648852068e-09	4.0042496039e-06
3.74344301121e-09	2.80970971289e-06
3.85039750174e-09	3.98823715386e-07
3.95735199227e-09	-2.49526510743e-06
4.0643064828e-09	-4.86110411657e-06
4.17126097333e-09	-5.79548714086e-06
4.27821546386e-09	-4.87775696456e-06
4.38516995439e-09	-2.36225560002e-06
4.49212444492e-09	9.07692651708e-07
4.59907893544e-09	3.8349926399e-06
4.70603342597e-09	5.50473623662e-06
4.8129879165e-09	5.5234336287e-06
4.91994240703e-09	4.11165683545e-06
5.02689689756e-09	1.92433549273e-06
5.13385138809e-09	-2.92259016987e-07
5.24080587862e-09	-2.02157002605e-06
5.34776036915e-09	-3.11632697958e-06
5.45471485968e-09	-3.70752491108e-06
5.56166935021e-09	-3.96833775085e-06
5.66862384074e-09	-3.89936712963e-06
5.77557833127e-09	-3.28262490257e-06
5.8825328218e-09	-1.84397208614e-06
5.98948731233e-09	4.71841758554e-07
6.09644180286e-09	3.29024419443e-06
6.20339629339e-09	5.81591757509e-06
6.31035078392e-09	7.10041604179e-06
6.41730527445e-09	6.45927866572e-06
6.52425976498e-09	3.83350015909e-06
6.63121425551e-09	-9.72798943621e-08
6.73816874604e-09	-4.12605959355e-06
6.84512323657e-09	-6.97019913787e-06
6.9520777271e-09	-7.761273082e-06
7.05903221763e-09	-6.35515880276e-06
7.16598670816e-09	-3.33640173267e-06
7.27294119869e-09	2.60857206058e-07
7.37989568922e-09	3.36771290677e-06
7.48685017975e-09	5.24093138665e-06
7.59380467028e-09	5.63212415727e-06
7.70075916081e-09	4.73916998089e-06
7.80771365134e-09	3.01645650325e-06
7.91466814187e-09	9.65480921877e-07
8.0216226324e-09	-9.9920998764e-07
8.12857712293e-09	-2.58356180893e-06
8.23553161346e-09	-3.58649435839e-06
8.34248610399e-09	-3.87444879379e-06
8.44944059452e-09	-3.3965457078e-06
8.55639508505e-09	-2.2307326617e-06
8.66334957558e-09	-6.15928058778e-07
8.77030406611e-09	1.07470759758e-06
8.87725855664e-09	2.42929922933e-06
8.98421304717e-09	3.12718952955e-06
9.0911675377e-09	3.04366312776e-06
9.19812202823e-09	2.2800379611e-06
9.30507651876e-09	1.10799419417e-06
9.41203100929e-09	-1.40240359769e-07
9.51898549982e-09	-1.18184163966e-06
9.62593999035e-09	-1.84752400401e-06
9.73289448088e-09	-2.08797655432e-06
9.83984897141e-09	-1.93624828171e-06
9.94680346194e-09	-1.46622073771e-06
1.00537579525e-08	-7.70047165588e-07
1.0160712443e-08	3.98834032467e-08
1.02676669335e-08	8.25087852263e-07
1.03746214241e-08	1.42991655139e-06
1.04815759146e-08	1.71584429154e-06
1.05885304051e-08	1.60986996889e-06
1.06954848957e-08	1.14005626983e-06
1.08024393862e-08	4.35871299942e-07
1.09093938767e-08	-3.11337913672e-07
1.10163483672e-08	-9.12166967737e-07
1.11233028578e-08	-1.23914139749e-06
1.12302573483e-08	-1.25663973449e-06
1.13372118388e-08	-1.01303874089e-06
1.14441663294e-08	-6.06131948189e-07
1.15511208199e-08	-1.42366005207e-07
1.16580753104e-08	2.90431358962e-07
1.1765029801e-08	6.30825127246e-07
1.18719842915e-08	8.37969196255e-07
1.1978938782e-08	8.85569193088e-07
1.20858932725e-08	7.64226228966e-07
1.21928477631e-08	4.91242360567e-07
1.22998022536e-08	1.18769264645e-07
1.24067567441e-08	-2.70283408099e-07
1.25137112347e-08	-5.82234349622e-07
1.26206657252e-08	-7.41884832678e-07
1.27276202157e-08	-7.17817215445e-07
1.28345747063e-08	-5.3173306469e-07
1.29415291968e-08	-2.47395973929e-07
1.30484836873e-08	5.44897922339e-08
1.31554381778e-08	3.03487695419e-07
1.32623926684e-08	4.56973310747e-07
1.33693471589e-08	5.03250646489e-07
1.34763016494e-08	4.53475252016e-07
1.358325614e-08	3.30125118353e-07
1.36902106305e-08	1.59348715556e-07
1.3797165121e-08	-3.08350180944e-08
1.39041196115e-08	-2.09326955769e-07
1.40110741021e-08	-3.42954137977e-07
1.41180285926e-08	-4.02589762416e-07
1.42249830831e-08	-3.72843146579e-07
1.43319375737e-08	-2.6011187515e-07
1.44388920642e-08	-9.36146733466e-08
1.45458465547e-08	8.26491799444e-08
1.46528010453e-08	2.24124406145e-07
1.47597555358e-08	2.99846419693e-07
1.48667100263e-08	3.00523026908e-07
1.49736645168e-08	2.37667578062e-07
1.50806190074e-08	1.35756010877e-07
1.51875734979e-08	2.20545590679e-08
1.52945279884e-08	-8.09541376157e-08
1.5401482479e-08	-1.58347276624e-07
