% time-domain voltage integration by openEMS v0.0.36-16-g7d7688a @Sat Jan  4 14:38:05 2025
% start-coordinates: (0,-0.00911115,2.2079e-05) m -> [39,49,23]
% stop-coordinates: (0,-0.00687496,2.2079e-05) m -> [39,56,23]
% t/s	voltage
0	-0
1.0695449053e-10	1.62088143796e-07
2.1390898106e-10	2.49711565203e-07
3.2086347159e-10	2.61977007199e-07
4.2781796212e-10	8.93830574e-08
5.3477245265e-10	-3.14126769041e-07
6.4172694318e-10	-9.31197646992e-07
7.4868143371e-10	-1.56770784088e-06
8.55635924239e-10	-1.82084068001e-06
9.62590414769e-10	-1.17186918658e-06
1.0695449053e-09	7.692015771e-07
1.17649939583e-09	3.93344987515e-06
1.28345388636e-09	7.44767100969e-06
1.39040837689e-09	9.52977927682e-06
1.49736286742e-09	7.89075920693e-06
1.60431735795e-09	7.51661893617e-07
1.71127184848e-09	-1.1825924048e-05
1.81822633901e-09	-2.66994525191e-05
1.92518082954e-09	-3.74695687242e-05
2.03213532007e-09	-3.60341045962e-05
2.1390898106e-09	-1.6005696807e-05
2.24604430113e-09	2.29198785746e-05
2.35299879166e-09	7.15991864126e-05
2.45995328219e-09	0.000111413295599
2.56690777272e-09	0.000119257303595
2.67386226325e-09	7.71026225266e-05
2.78081675378e-09	-1.69047889358e-05
2.88777124431e-09	-0.000141005073601
2.99472573484e-09	-0.00025126730543
3.10168022537e-09	-0.000294488279906
3.2086347159e-09	-0.000229962031881
3.31558920643e-09	-5.22253180861e-05
3.42254369696e-09	0.000196117533051
3.52949818749e-09	0.000430500993389
3.63645267802e-09	0.00055148176034
3.74340716855e-09	0.000485076314362
3.85036165908e-09	0.000220390920731
3.95731614961e-09	-0.000173440494109
4.06427064014e-09	-0.000562700319279
4.17122513067e-09	-0.000795368498075
4.2781796212e-09	-0.000762159746955
4.38513411173e-09	-0.000447118705779
4.49208860226e-09	5.58052865927e-05
4.59904309279e-09	0.000570991767745
4.70599758332e-09	0.000905949520529
4.81295207385e-09	0.000927571571083
4.91990656438e-09	0.000618063873844
5.02686105491e-09	8.59918873175e-05
5.13381554544e-09	-0.000473671167128
5.24077003597e-09	-0.000854966492625
5.3477245265e-09	-0.000921056809602
5.45467901703e-09	-0.000656262964185
5.56163350756e-09	-0.000169287195604
5.66858799809e-09	0.000352485243639
5.77554248862e-09	0.000717635717592
5.88249697915e-09	0.000803387745691
5.98945146968e-09	0.000597694139287
6.09640596021e-09	0.000196129240067
6.20336045074e-09	-0.000242038149736
6.31031494127e-09	-0.0005582925005
6.4172694318e-09	-0.000653158298519
6.52422392233e-09	-0.000516476553457
6.63117841286e-09	-0.000221009131565
6.73813290339e-09	0.000114009149911
6.84508739392e-09	0.000371750662453
6.95204188445e-09	0.000478848378407
7.05899637498e-09	0.000424193869549
7.16595086551e-09	0.000251899640716
7.27290535604e-09	3.56036489393e-05
7.37985984657e-09	-0.000152599814101
7.4868143371e-09	-0.000265679285803
7.59376882763e-09	-0.000290440915705
7.70072331816e-09	-0.000241972080403
7.80767780869e-09	-0.000149980671267
7.91463229922e-09	-4.49613462479e-05
8.02158678975e-09	5.0195285894e-05
8.12854128028e-09	0.00012191550104
8.23549577081e-09	0.000163445334692
8.34245026134e-09	0.000171940979271
8.44940475186e-09	0.000147661892697
8.55635924239e-09	9.52539940045e-05
8.66331373292e-09	2.51462270171e-05
8.77026822345e-09	-4.71643634228e-05
8.87722271398e-09	-0.000104694666334
8.98417720451e-09	-0.000134190360768
9.09113169504e-09	-0.000130491646814
9.19808618557e-09	-9.78824946287e-05
9.3050406761e-09	-4.78450474475e-05
9.41199516663e-09	5.52343391291e-06
9.51894965716e-09	5.01648191857e-05
9.62590414769e-09	7.88848792581e-05
9.73285863822e-09	8.94275362953e-05
9.83981312875e-09	8.31488287076e-05
9.94676761928e-09	6.31956309007e-05
1.00537221098e-08	3.35036702381e-05
1.01606766003e-08	-1.12926170459e-06
1.02676310909e-08	-3.47910367964e-05
1.03745855814e-08	-6.08241157352e-05
1.04815400719e-08	-7.32770940886e-05
1.05884945625e-08	-6.8976761213e-05
1.0695449053e-08	-4.90597626595e-05
1.08024035435e-08	-1.90137602658e-05
1.09093580341e-08	1.29934509232e-05
1.10163125246e-08	3.88379903598e-05
1.11232670151e-08	5.30147513018e-05
1.12302215056e-08	5.39429775017e-05
1.13371759962e-08	4.36498958152e-05
1.14441304867e-08	2.63020731381e-05
1.15510849772e-08	6.45967554647e-06
1.16580394678e-08	-1.21024921782e-05
1.17649939583e-08	-2.6739579198e-05
1.18719484488e-08	-3.56927625944e-05
1.19789029394e-08	-3.78282370548e-05
1.20858574299e-08	-3.27327554714e-05
1.21928119204e-08	-2.11281853808e-05
1.22997664109e-08	-5.22598764974e-06
1.24067209015e-08	1.14400050961e-05
1.2513675392e-08	2.4859907171e-05
1.26206298825e-08	3.17966910188e-05
1.27275843731e-08	3.08752746605e-05
1.28345388636e-08	2.29938482335e-05
1.29414933541e-08	1.08618771719e-05
1.30484478447e-08	-2.06911403211e-06
1.31554023352e-08	-1.27725277252e-05
1.32623568257e-08	-1.9405008743e-05
1.33693113162e-08	-2.14484894059e-05
1.34762658068e-08	-1.93697326267e-05
1.35832202973e-08	-1.412690915e-05
1.36901747878e-08	-6.83803176571e-06
1.37971292784e-08	1.29866590726e-06
1.39040837689e-08	8.95378036603e-06
1.40110382594e-08	1.47078816326e-05
1.411799275e-08	1.7309737359e-05
1.42249472405e-08	1.60898227932e-05
1.4331901731e-08	1.13088310627e-05
1.44388562215e-08	4.20412345647e-06
1.45458107121e-08	-3.34635583954e-06
1.46527652026e-08	-9.43226109484e-06
1.47597196931e-08	-1.27169996631e-05
1.48666741837e-08	-1.27896607864e-05
1.49736286742e-08	-1.01315840766e-05
1.50805831647e-08	-5.78559934183e-06
1.51875376553e-08	-9.19318345893e-07
1.52944921458e-08	3.50087384504e-06
1.54014466363e-08	6.83133208668e-06
