% time-domain voltage integration by openEMS v0.0.36-16-g7d7688a @Tue Dec 31 16:10:42 2024
% start-coordinates: (-0.000333333,-0.022,1.16e-05) m -> [26,31,13]
% stop-coordinates: (-0.000333333,-0.02,1.16e-05) m -> [26,35,13]
% t/s	voltage
0	-0
1.0702023518e-10	8.43467084621e-07
2.14040470359e-10	1.28659146981e-06
3.21060705539e-10	1.38876508515e-06
4.28080940718e-10	6.20357255343e-07
5.35101175898e-10	-1.42365072975e-06
6.42121411077e-10	-4.63373703496e-06
7.49141646257e-10	-8.00105630105e-06
8.56161881436e-10	-9.53267044679e-06
9.63182116616e-10	-6.66346011258e-06
1.0702023518e-09	2.88804110937e-06
1.17722258697e-09	1.90354396636e-05
1.28424282215e-09	3.75529298253e-05
1.39126305733e-09	4.95348203913e-05
1.49828329251e-09	4.30052004958e-05
1.60530352769e-09	8.2363245042e-06
1.71232376287e-09	-5.54309895051e-05
1.81934399805e-09	-0.00013302833031
1.92636423323e-09	-0.000192416138816
2.03338446841e-09	-0.000191692697626
2.14040470359e-09	-9.61433634075e-05
2.24742493877e-09	9.90586222542e-05
2.35444517395e-09	0.000350594851625
2.46146540913e-09	0.000565259102586
2.56848564431e-09	0.000623715342954
2.67550587949e-09	0.000428559538705
2.78252611467e-09	-3.80222120384e-05
2.88954634985e-09	-0.000673422760883
2.99656658503e-09	-0.00125803264382
3.10358682021e-09	-0.00151754714898
3.21060705539e-09	-0.00123312097276
3.31762729056e-09	-0.00036006139635
3.42464752574e-09	0.000900573446415
3.53166776092e-09	0.00212571800512
3.6386879961e-09	0.00280311398092
3.74570823128e-09	0.0025368280476
3.85272846646e-09	0.0012453412055
3.95974870164e-09	-0.000741574098356
4.06676893682e-09	-0.00275119645812
4.173789172e-09	-0.0039988871431
4.28080940718e-09	-0.00390298792627
4.38782964236e-09	-0.00235414080089
4.49484987754e-09	0.000186372171811
4.60187011272e-09	0.00282169182901
4.7088903479e-09	0.00455138250254
4.81591058308e-09	0.00467251436203
4.92293081826e-09	0.00308177192346
5.02995105344e-09	0.000343500696545
5.13697128862e-09	-0.00251596403541
5.2439915238e-09	-0.00441002543084
5.35101175898e-09	-0.00462542317109
5.45803199415e-09	-0.00310679647373
5.56505222933e-09	-0.000473497981147
5.67207246451e-09	0.00223673612345
5.77909269969e-09	0.00398766327999
5.88611293487e-09	0.00415212189546
5.99313317005e-09	0.00274149463803
6.10015340523e-09	0.000371033260308
6.20717364041e-09	-0.00201227024081
6.31419387559e-09	-0.00351641039015
6.42121411077e-09	-0.00364330146112
6.52823434595e-09	-0.00244814020698
6.63525458113e-09	-0.000470546921861
6.74227481631e-09	0.00151455398009
6.84929505149e-09	0.00281006406294
6.95631528667e-09	0.00304414331913
7.06333552185e-09	0.00226360086526
7.17035575703e-09	0.000857997729327
7.27737599221e-09	-0.000631089762464
7.38439622739e-09	-0.00172397923598
7.49141646257e-09	-0.00215460930485
7.59843669774e-09	-0.00191543594701
7.70545693292e-09	-0.00120219527162
7.8124771681e-09	-0.000303185006487
7.91949740328e-09	0.000511763289978
8.02651763846e-09	0.00106262292684
8.13353787364e-09	0.00127908096329
8.24055810882e-09	0.00118175804528
8.347578344e-09	0.000847954506753
8.45459857918e-09	0.000380931425752
8.56161881436e-09	-0.000110596066406
8.66863904954e-09	-0.000526011746842
8.77565928472e-09	-0.000785735872341
8.8826795199e-09	-0.000845447801112
8.98969975508e-09	-0.000707219736796
9.09671999026e-09	-0.000420426946221
9.20374022544e-09	-6.84524329699e-05
9.31076046062e-09	0.000255983544776
9.4177806958e-09	0.00047790545068
9.52480093098e-09	0.000559220297873
9.63182116616e-09	0.000503765520989
9.73884140134e-09	0.000347306186086
9.84586163651e-09	0.000141689149132
9.95288187169e-09	-6.1866332544e-05
1.00599021069e-08	-0.000223661416385
1.01669223421e-08	-0.000319474898788
1.02739425772e-08	-0.000339890910254
1.03809628124e-08	-0.000288782153802
1.04879830476e-08	-0.000181822971172
1.05950032828e-08	-4.4689454171e-05
1.0702023518e-08	9.08924002943e-05
1.08090437531e-08	0.000193714127818
1.09160639883e-08	0.000241283229116
1.10230842235e-08	0.000226284308155
1.11301044587e-08	0.000158528084285
1.12371246938e-08	6.11218038102e-05
1.1344144929e-08	-3.77664139251e-05
1.14511651642e-08	-0.000113708958452
1.15581853994e-08	-0.000152315199557
1.16652056346e-08	-0.000151044923768
1.17722258697e-08	-0.000117005793072
1.18792461049e-08	-6.27316339887e-05
1.19862663401e-08	-2.05955002741e-06
1.20932865753e-08	5.26035628354e-05
1.22003068105e-08	9.15914170037e-05
1.23073270456e-08	0.000108632882984
1.24143472808e-08	0.000101520991848
1.2521367516e-08	7.27405094949e-05
1.26283877512e-08	2.94943342851e-05
1.27354079864e-08	-1.7615322804e-05
1.28424282215e-08	-5.71939353904e-05
