% time-domain voltage integration by openEMS v0.0.36-16-g7d7688a @Tue Dec 24 21:28:02 2024
% start-coordinates: (-0.000132397,-0.00039719,0) m -> [16,38,18]
% stop-coordinates: (-0.000132397,0.00039719,0) m -> [16,41,18]
% t/s	voltage
0	-0
8.31816067218e-11	3.08172509733e-08
1.66363213444e-10	-6.43875264217e-08
2.49544820165e-10	-2.63029249936e-07
3.32726426887e-10	-5.51624353307e-07
4.15908033609e-10	-8.52039477195e-07
4.99089640331e-10	-9.42665508319e-07
5.82271247052e-10	-4.69018132776e-07
6.65452853774e-10	9.31820665073e-07
7.48634460496e-10	3.44235354532e-06
8.31816067218e-10	6.6897518991e-06
9.14997673939e-10	9.44600810726e-06
9.98179280661e-10	9.56228745963e-06
1.08136088738e-09	4.45539751581e-06
1.1645424941e-09	-7.70931751504e-06
1.24772410083e-09	-2.63392594206e-05
1.33090570755e-09	-4.69104070362e-05
1.41408731427e-09	-6.06110952504e-05
1.49726892099e-09	-5.61887973163e-05
1.58045052771e-09	-2.42556488956e-05
1.66363213444e-09	3.68887986042e-05
1.74681374116e-09	0.000116318034998
1.82999534788e-09	0.000189509933989
1.9131769546e-09	0.00022368937789
1.99635856132e-09	0.000189413447515
2.07954016804e-09	7.49931259634e-05
2.16272177477e-09	-0.000102415320725
2.24590338149e-09	-0.000295491452562
2.32908498821e-09	-0.000438651652075
2.41226659493e-09	-0.000470908795251
2.49544820165e-09	-0.000361562168109
2.57862980837e-09	-0.000127529321617
2.6618114151e-09	0.000166807945789
2.74499302182e-09	0.000429534484283
2.82817462854e-09	0.000574284902541
2.91135623526e-09	0.000553229241632
2.99453784198e-09	0.000375864750822
3.07771944871e-09	0.000105269813503
3.16090105543e-09	-0.00016670648256
3.24408266215e-09	-0.000354624768079
3.32726426887e-09	-0.000410132081015
3.41044587559e-09	-0.000335908203851
3.49362748231e-09	-0.000178659960511
3.57680908904e-09	-6.1352038756e-06
3.65999069576e-09	0.000120727669128
3.74317230248e-09	0.000168811373442
3.8263539092e-09	0.000139807820233
3.90953551592e-09	6.2864364736e-05
3.99271712264e-09	-2.16024272959e-05
4.07589872937e-09	-7.8975539509e-05
4.15908033609e-09	-9.17481193028e-05
4.24226194281e-09	-6.21554263489e-05
4.32544354953e-09	-7.1882368502e-06
4.40862515625e-09	5.03668943566e-05
4.49180676298e-09	9.07237990759e-05
4.5749883697e-09	0.0001028011975
4.65816997642e-09	8.58065395732e-05
4.74135158314e-09	4.73525215057e-05
4.82453318986e-09	-3.4093523027e-07
4.90771479658e-09	-4.45442201453e-05
4.99089640331e-09	-7.52407013351e-05
5.07407801003e-09	-8.69508312462e-05
5.15725961675e-09	-7.91416405264e-05
5.24044122347e-09	-5.55180777155e-05
5.32362283019e-09	-2.261576401e-05
5.40680443691e-09	1.19004757835e-05
5.48998604364e-09	4.08898977184e-05
5.57316765036e-09	5.90641066083e-05
5.65634925708e-09	6.38118199277e-05
5.7395308638e-09	5.54312082386e-05
5.82271247052e-09	3.67968714272e-05
5.90589407725e-09	1.25327128444e-05
5.98907568397e-09	-1.20516124298e-05
6.07225729069e-09	-3.20569570249e-05
6.15543889741e-09	-4.39248524344e-05
6.23862050413e-09	-4.60260107502e-05
6.32180211085e-09	-3.8810229853e-05
6.40498371758e-09	-2.45314104177e-05
6.4881653243e-09	-6.64659455651e-06
6.57134693102e-09	1.0980969364e-05
6.65452853774e-09	2.48812630161e-05
6.73771014446e-09	3.26306608258e-05
6.82089175118e-09	3.32390245603e-05
6.90407335791e-09	2.72189781754e-05
6.98725496463e-09	1.6349940779e-05
7.07043657135e-09	3.2165577295e-06
7.15361817807e-09	-9.3784483397e-06
7.23679978479e-09	-1.8986734176e-05
7.31998139152e-09	-2.39700084421e-05
7.40316299824e-09	-2.37505819314e-05
7.48634460496e-09	-1.88329486264e-05
7.56952621168e-09	-1.06080112801e-05
7.6527078184e-09	-9.99054464046e-07
7.73588942512e-09	7.96766767053e-06
7.81907103185e-09	1.45717349369e-05
7.90225263857e-09	1.77146794158e-05
7.98543424529e-09	1.70804919435e-05
8.06861585201e-09	1.31291722028e-05
8.15179745873e-09	6.93839524502e-06
8.23497906545e-09	-6.71641693373e-08
8.31816067218e-09	-6.42672898721e-06
8.4013422789e-09	-1.09379154765e-05
8.48452388562e-09	-1.28703236442e-05
8.56770549234e-09	-1.20695503938e-05
8.65088709906e-09	-8.93685819392e-06
8.73406870579e-09	-4.29981014349e-06
8.81725031251e-09	7.89487017983e-07
8.90043191923e-09	5.28293765001e-06
8.98361352595e-09	8.34241996017e-06
9.06679513267e-09	9.48930733102e-06
9.14997673939e-09	8.6655359155e-06
9.23315834612e-09	6.20906280346e-06
9.31633995284e-09	2.75166269148e-06
9.39952155956e-09	-9.3303466997e-07
9.48270316628e-09	-4.09478195706e-06
9.565884773e-09	-6.15347107669e-06
9.64906637973e-09	-6.79888580635e-06
9.73224798645e-09	-6.02857517151e-06
9.81542959317e-09	-4.12060933286e-06
9.89861119989e-09	-1.55364870125e-06
9.98179280661e-09	1.10484126026e-06
1.00649744133e-08	3.32002059622e-06
1.01481560201e-08	4.69260407954e-06
1.02313376268e-08	5.02507157307e-06
1.03145192335e-08	4.34361720636e-06
1.03977008402e-08	2.87356920126e-06
1.04808824469e-08	9.75566877059e-07
1.05640640537e-08	-9.35877835673e-07
1.06472456604e-08	-2.4809796173e-06
1.07304272671e-08	-3.38605855177e-06
1.08136088738e-08	-3.52870517872e-06
1.08967904806e-08	-2.94785434107e-06
1.09799720873e-08	-1.82329205245e-06
1.1063153694e-08	-4.25479811383e-07
1.11463353007e-08	9.43959832966e-07
1.12295169074e-08	2.01650283316e-06
1.13126985142e-08	2.60579213318e-06
1.13958801209e-08	2.63785386778e-06
1.14790617276e-08	2.15578461393e-06
1.15622433343e-08	1.30074977278e-06
1.1645424941e-08	2.7521032564e-07
1.17286065478e-08	-7.02571512079e-07
1.18117881545e-08	-1.44290908111e-06
1.18949697612e-08	-1.8205199126e-06
1.19781513679e-08	-1.7924675717e-06
1.20613329747e-08	-1.40018792649e-06
1.21445145814e-08	-7.53854209279e-07
1.22276961881e-08	-4.11060874228e-09
1.23108777948e-08	6.91345789505e-07
1.23940594015e-08	1.19978895441e-06
1.24772410083e-08	1.43660457752e-06
1.2560422615e-08	1.37928080335e-06
1.26436042217e-08	1.06522961119e-06
1.27267858284e-08	5.79122996669e-07
1.28099674352e-08	3.29694094248e-08
1.28931490419e-08	-4.59944899944e-07
1.29763306486e-08	-8.06628065675e-07
1.30595122553e-08	-9.51474618205e-07
1.3142693862e-08	-8.83290482534e-07
1.32258754688e-08	-6.34878318806e-07
1.33090570755e-08	-2.71283028042e-07
1.33922386822e-08	1.25330110734e-07
1.34754202889e-08	4.73314059946e-07
1.35586018956e-08	7.07998822236e-07
1.36417835024e-08	7.93076026184e-07
1.37249651091e-08	7.24905561356e-07
1.38081467158e-08	5.30400100729e-07
1.38913283225e-08	2.59659984181e-07
1.39745099293e-08	-2.71603539659e-08
1.4057691536e-08	-2.71873275892e-07
1.41408731427e-08	-4.29522216905e-07
1.42240547494e-08	-4.7676577708e-07
1.43072363561e-08	-4.13793472376e-07
1.43904179629e-08	-2.63193868477e-07
1.44735995696e-08	-6.217412718e-08
1.45567811763e-08	1.44640178945e-07
1.4639962783e-08	3.15814190799e-07
1.47231443898e-08	4.20789405098e-07
1.48063259965e-08	4.44367628916e-07
1.48895076032e-08	3.89151438185e-07
1.49726892099e-08	2.73330300615e-07
1.50558708166e-08	1.24998312145e-07
1.51390524234e-08	-2.36966677392e-08
1.52222340301e-08	-1.42940105974e-07
1.53054156368e-08	-2.1204672862e-07
1.53885972435e-08	-2.21498325459e-07
1.54717788502e-08	-1.74774395845e-07
1.5554960457e-08	-8.62466009721e-08
1.56381420637e-08	2.30292993564e-08
1.57213236704e-08	1.29455138165e-07
1.58045052771e-08	2.12063966387e-07
1.58876868839e-08	2.56925162034e-07
1.59708684906e-08	2.58351292359e-07
1.60540500973e-08	2.19752976705e-07
1.6137231704e-08	1.52414294519e-07
1.62204133107e-08	7.22721065216e-08
1.63035949175e-08	-3.50153328554e-09
