% time-domain current integration by openEMS v0.0.36-16-g7d7688a @Tue Dec 24 21:28:02 2024
% start-coordinates: (-0.000926778,-0.000132397,-0.000264794) m -> [14,39,17]
% stop-coordinates: (0.00039719,-0.000132397,0) m -> [18,39,18]
% t/s	current
2.50547008198e-13	0
8.343215373e-11	-2.44075610417e-11
1.66613760452e-10	-2.31200961154e-10
2.49795367174e-10	-5.72033587165e-10
3.32976973895e-10	-1.18039433783e-09
4.16158580617e-10	-1.62480717769e-09
4.99340187339e-10	-1.46860290595e-09
5.82521794061e-10	-1.60028282292e-10
6.65703400782e-10	3.19276161065e-09
7.48885007504e-10	8.52265102935e-09
8.32066614226e-10	1.47449155108e-08
9.15248220948e-10	1.88048012717e-08
9.98429827669e-10	1.60930202497e-08
1.08161143439e-09	1.6809817982e-09
1.16479304111e-09	-2.71232387661e-08
1.24797464783e-09	-6.73333104828e-08
1.33115625456e-09	-1.07205231359e-07
1.41433786128e-09	-1.26643428189e-07
1.497519468e-09	-1.01723472312e-07
1.58070107472e-09	-1.46293350767e-08
1.66388268144e-09	1.34048335099e-07
1.74706428817e-09	3.15277929985e-07
1.83024589489e-09	4.70330661528e-07
1.91342750161e-09	5.23058474755e-07
1.99660910833e-09	4.05842058626e-07
2.07979071505e-09	9.18107900816e-08
2.16297232177e-09	-3.7871112113e-07
2.2461539285e-09	-8.91776323897e-07
2.32933553522e-09	-1.28184706227e-06
2.41251714194e-09	-1.38083282764e-06
2.49569874866e-09	-1.07997493615e-06
2.57888035538e-09	-3.82458836157e-07
2.6620619621e-09	5.75968442718e-07
2.74524356883e-09	1.55111627009e-06
2.82842517555e-09	2.25622557082e-06
2.91160678227e-09	2.45020305556e-06
2.99478838899e-09	2.01886314244e-06
3.07796999571e-09	1.02089279608e-06
3.16115160244e-09	-3.18662500831e-07
3.24433320916e-09	-1.66683400948e-06
3.32751481588e-09	-2.67503969553e-06
3.4106964226e-09	-3.07691652779e-06
3.49387802932e-09	-2.76182572634e-06
3.57705963604e-09	-1.80334927791e-06
3.66024124277e-09	-4.36256726744e-07
3.74342284949e-09	1.00901229416e-06
3.82660445621e-09	2.19384992306e-06
3.90978606293e-09	2.85597775473e-06
3.99296766965e-09	2.86901217805e-06
4.07614927637e-09	2.2638887458e-06
4.1593308831e-09	1.21022151234e-06
4.24251248982e-09	-3.37184005161e-08
4.32569409654e-09	-1.18713444408e-06
4.40887570326e-09	-2.01145576284e-06
4.49205730998e-09	-2.35884726862e-06
4.57523891671e-09	-2.19562048187e-06
4.65842052343e-09	-1.5982768673e-06
4.74160213015e-09	-7.26542964458e-07
4.82478373687e-09	2.18022819354e-07
4.90796534359e-09	1.03766080883e-06
4.99114695031e-09	1.57822512392e-06
5.07432855704e-09	1.75608681729e-06
5.15751016376e-09	1.56810608587e-06
5.24069177048e-09	1.08452570657e-06
5.3238733772e-09	4.28083524184e-07
5.40705498392e-09	-2.5522885494e-07
5.49023659064e-09	-8.27301960271e-07
5.57341819737e-09	-1.18451907838e-06
5.65659980409e-09	-1.27515988879e-06
5.73978141081e-09	-1.10496421257e-06
5.82296301753e-09	-7.30830834073e-07
5.90614462425e-09	-2.45008067168e-07
5.98932623098e-09	2.46276442795e-07
6.0725078377e-09	6.45206114314e-07
6.15568944442e-09	8.80912807588e-07
6.23887105114e-09	9.21182618185e-07
6.32205265786e-09	7.75365379013e-07
6.40523426458e-09	4.88814407618e-07
6.48841587131e-09	1.30818776256e-07
6.57159747803e-09	-2.21358703811e-07
6.65477908475e-09	-4.9845061767e-07
6.73796069147e-09	-6.52214680485e-07
6.82114229819e-09	-6.63115656607e-07
6.90432390491e-09	-5.41664121556e-07
6.98750551164e-09	-3.23634310462e-07
7.07068711836e-09	-6.08144574699e-08
7.15386872508e-09	1.90756310303e-07
7.2370503318e-09	3.82218814821e-07
7.32023193852e-09	4.8097757599e-07
7.40341354525e-09	4.75682355727e-07
7.48659515197e-09	3.76594982754e-07
7.56977675869e-09	2.11669075156e-07
7.65295836541e-09	1.94275351362e-08
7.73613997213e-09	-1.59628001484e-07
7.81932157885e-09	-2.91171119216e-07
7.90250318558e-09	-3.53363901695e-07
7.9856847923e-09	-3.40028464052e-07
8.06886639902e-09	-2.60494743998e-07
8.15204800574e-09	-1.364001605e-07
8.23522961246e-09	3.72345221322e-09
8.31841121918e-09	1.3068317628e-07
8.40159282591e-09	2.20497710757e-07
8.48477443263e-09	2.58655802554e-07
8.56795603935e-09	2.42175673293e-07
8.65113764607e-09	1.79171337322e-07
8.73431925279e-09	8.62523563683e-08
8.81750085952e-09	-1.55168251581e-08
8.90068246624e-09	-1.05197251798e-07
8.98386407296e-09	-1.66079118458e-07
9.06704567968e-09	-1.88659583955e-07
9.1502272864e-09	-1.71854168229e-07
9.23340889312e-09	-1.22481736753e-07
9.31659049985e-09	-5.32237365292e-08
9.39977210657e-09	2.0441548898e-08
9.48295371329e-09	8.35259754695e-08
9.56613532001e-09	1.24467263163e-07
9.64931692673e-09	1.37115506504e-07
9.73249853346e-09	1.21474315051e-07
9.81568014018e-09	8.31512849686e-08
9.8988617469e-09	3.17453299203e-08
9.98204335362e-09	-2.13923900816e-08
1.00652249603e-08	-6.55756338119e-08
1.01484065671e-08	-9.28536181277e-08
1.02315881738e-08	-9.93150166551e-08
1.03147697805e-08	-8.55199076e-08
1.03979513872e-08	-5.60096928837e-08
1.0481132994e-08	-1.80092385449e-08
1.05643146007e-08	2.01863308291e-08
1.06474962074e-08	5.0995311085e-08
1.07306778141e-08	6.89681627364e-08
1.08138594208e-08	7.16835444337e-08
1.08970410276e-08	5.99505582954e-08
1.09802226343e-08	3.73860551406e-08
1.1063404241e-08	9.4075680579e-09
1.11465858477e-08	-1.79506969289e-08
1.12297674544e-08	-3.93292012291e-08
1.13129490612e-08	-5.1019569014e-08
1.13961306679e-08	-5.15630489417e-08
1.14793122746e-08	-4.18400816216e-08
1.15624938813e-08	-2.46885303312e-08
1.16456754881e-08	-4.16860190811e-09
1.17288570948e-08	1.53606087849e-08
1.18120387015e-08	3.01126661384e-08
1.18952203082e-08	3.75939954722e-08
1.19784019149e-08	3.69611932172e-08
1.20615835217e-08	2.90595991714e-08
1.21447651284e-08	1.61005768717e-08
1.22279467351e-08	1.10165543354e-09
1.23111283418e-08	-1.2784588499e-08
1.23943099486e-08	-2.29111645211e-08
1.24774915553e-08	-2.7596405161e-08
1.2560673162e-08	-2.63985295845e-08
1.26438547687e-08	-2.00784597837e-08
1.27270363754e-08	-1.033551289e-08
1.28102179822e-08	5.8903387723e-10
1.28933995889e-08	1.04276525192e-08
1.29765811956e-08	1.73292846739e-08
1.30597628023e-08	2.0188162253e-08
1.3142944409e-08	1.87877553515e-08
1.32261260158e-08	1.37941498224e-08
1.33093076225e-08	6.50784226508e-09
1.33924892292e-08	-1.42228295807e-09
1.34756708359e-08	-8.36738589527e-09
1.35588524427e-08	-1.30371713425e-08
1.36420340494e-08	-1.47105696513e-08
1.37252156561e-08	-1.33210935616e-08
1.38083972628e-08	-9.41257560783e-09
1.38915788695e-08	-3.98933641677e-09
1.39747604763e-08	1.74432701616e-09
1.4057942083e-08	6.62673249607e-09
1.41411236897e-08	9.76092895399e-09
1.42243052964e-08	1.06862927396e-08
1.43074869032e-08	9.40820932271e-09
1.43906685099e-08	6.38320107882e-09
1.44738501166e-08	2.35828823136e-09
1.45570317233e-08	-1.77501613408e-09
1.464021333e-08	-5.18920728609e-09
1.47233949368e-08	-7.27520710342e-09
1.48065765435e-08	-7.73184183345e-09
1.48897581502e-08	-6.61626708975e-09
1.49729397569e-08	-4.29033253369e-09
1.50561213636e-08	-1.32007393905e-09
1.51393029704e-08	1.65081737169e-09
1.52224845771e-08	4.02843358671e-09
1.53056661838e-08	5.40021893869e-09
1.53888477905e-08	5.57813928381e-09
1.54720293973e-08	4.63553417873e-09
1.5555211004e-08	2.85828605229e-09
1.56383926107e-08	6.72145172853e-10
1.57215742174e-08	-1.45405310015e-09
1.58047558241e-08	-3.10040992879e-09
1.58879374309e-08	-3.99100397175e-09
1.59711190376e-08	-4.01138411377e-09
1.60543006443e-08	-3.23326876384e-09
1.6137482251e-08	-1.88209736685e-09
1.62206638578e-08	-2.78815692756e-10
1.63038454645e-08	1.23452881251e-09
