% time-domain voltage integration by openEMS v0.0.36-16-g7d7688a @Mon Jan  6 14:57:21 2025
% start-coordinates: (0.000603382,0.000200316,2.2079e-05) m -> [41,68,23]
% stop-coordinates: (0.000603382,0.00216797,2.2079e-05) m -> [41,74,23]
% t/s	voltage
0	-0
1.0700332075e-10	2.17795561142e-07
2.140066415e-10	2.83188953176e-07
3.21009962251e-10	2.14575440083e-07
4.28013283001e-10	-8.31251485423e-08
5.35016603751e-10	-6.34464417004e-07
6.42019924501e-10	-1.34564002963e-06
7.49023245251e-10	-1.89170988563e-06
8.56026566001e-10	-1.73655733704e-06
9.63029886752e-10	-3.38348627338e-07
1.0700332075e-09	2.54052746129e-06
1.17703652825e-09	6.39573590888e-06
1.284039849e-09	9.69829204678e-06
1.39104316975e-09	1.00407357309e-05
1.4980464905e-09	4.9337683663e-06
1.60504981125e-09	-6.72959589565e-06
1.712053132e-09	-2.30646330692e-05
1.81905645275e-09	-3.82447631182e-05
1.9260597735e-09	-4.33207108017e-05
2.03306309425e-09	-2.93098005386e-05
2.140066415e-09	7.8308069078e-06
2.24706973575e-09	6.22126949565e-05
2.3540730565e-09	0.000115830822324
2.46107637725e-09	0.000141855245602
2.568079698e-09	0.000114278108413
2.67508301875e-09	2.15932914216e-05
2.7820863395e-09	-0.000121060150377
2.88908966025e-09	-0.000268417565167
2.99609298101e-09	-0.000355496995326
3.10309630176e-09	-0.000321730416545
3.21009962251e-09	-0.000141256716233
3.31710294326e-09	0.000153834374032
3.42410626401e-09	0.00047109156003
3.53110958476e-09	0.000683250371367
3.63811290551e-09	0.000676713425491
3.74511622626e-09	0.000405273400247
3.85211954701e-09	-7.52921732783e-05
3.95912286776e-09	-0.000611895007751
4.06612618851e-09	-0.0010031486745
4.17312950926e-09	-0.00107745479909
4.28013283001e-09	-0.000768862380937
4.38713615076e-09	-0.000156230657012
4.49413947151e-09	0.000555731821805
4.60114279226e-09	0.00111035208101
4.70814611301e-09	0.00129934179131
4.81514943376e-09	0.00104744017153
4.92215275451e-09	0.000444363227871
5.02915607526e-09	-0.000290501349809
5.13615939601e-09	-0.000895678524103
5.24316271676e-09	-0.0011696849615
5.35016603751e-09	-0.00104442549491
5.45716935826e-09	-0.00060089235194
5.56417267901e-09	-2.46675081144e-05
5.67117599976e-09	0.000475253855257
5.77817932051e-09	0.000747238642361
5.88518264126e-09	0.000744367498555
5.99218596201e-09	0.000523595357663
6.09918928276e-09	0.000204512212804
6.20619260351e-09	-8.84351811692e-05
6.31319592426e-09	-0.000273254885542
6.42019924501e-09	-0.000329670938299
6.52720256576e-09	-0.000288380657366
6.63420588651e-09	-0.000202049415748
6.74120920726e-09	-0.000115468294098
6.84821252801e-09	-4.88063415105e-05
6.95521584876e-09	1.43660145113e-06
7.06221916951e-09	4.88209097966e-05
7.16922249026e-09	0.000101027352684
7.27622581101e-09	0.000151067974002
7.38322913176e-09	0.000179746095455
7.49023245251e-09	0.000166838922269
7.59723577326e-09	0.000104150980405
7.70423909401e-09	3.1721610867e-06
7.81124241476e-09	-0.000106722007331
7.91824573551e-09	-0.00018877931052
8.02524905626e-09	-0.00021333163204
8.13225237701e-09	-0.000169874779203
8.23925569776e-09	-7.17336470188e-05
8.34625901851e-09	4.84513043375e-05
8.45326233926e-09	0.000150441585902
8.56026566001e-09	0.000200701901122
8.66726898076e-09	0.00018393641767
8.77427230151e-09	0.000107839266093
8.88127562227e-09	-3.02878987668e-07
8.98827894302e-09	-0.000103576920083
9.09528226377e-09	-0.000168229992596
9.20228558452e-09	-0.000174791107383
9.30928890527e-09	-0.00012386806884
9.41629222602e-09	-3.49731517417e-05
9.52329554677e-09	6.08549303251e-05
9.63029886752e-09	0.000131929987219
9.73730218827e-09	0.00015615644952
9.84430550902e-09	0.000128005763145
9.95130882977e-09	5.94272191847e-05
1.00583121505e-08	-2.49973802511e-05
1.01653154713e-08	-9.68007170741e-05
1.0272318792e-08	-0.000133145817927
1.03793221128e-08	-0.000123993605484
1.04863254335e-08	-7.47262733967e-05
1.05933287543e-08	-3.58508205522e-06
1.0700332075e-08	6.49936973787e-05
1.08073353958e-08	0.00010869291782
1.09143387165e-08	0.000114514898996
1.10213420373e-08	8.25442889436e-05
1.1128345358e-08	2.5232846383e-05
1.12353486788e-08	-3.73287475668e-05
1.13423519995e-08	-8.43857606014e-05
1.14493553203e-08	-0.00010134632339
1.1556358641e-08	-8.42399226713e-05
1.16633619618e-08	-4.04540267027e-05
1.17703652825e-08	1.42753585806e-05
1.18773686033e-08	6.14572968516e-05
1.1984371924e-08	8.60414211274e-05
1.20913752448e-08	8.11679615254e-05
1.21983785655e-08	4.99792645314e-05
1.23053818863e-08	4.06784525353e-06
1.2412385207e-08	-4.07638417528e-05
1.25193885278e-08	-6.98967683093e-05
1.26263918485e-08	-7.46178075133e-05
1.27333951693e-08	-5.46642631889e-05
1.284039849e-08	-1.78635121983e-05
1.29474018108e-08	2.28521029157e-05
1.30544051315e-08	5.39481866326e-05
1.31614084523e-08	6.57506011521e-05
1.3268411773e-08	5.54089124307e-05
1.33754150938e-08	2.74719300251e-05
1.34824184145e-08	-7.99147329644e-06
1.35894217353e-08	-3.89756646655e-05
1.3696425056e-08	-5.55735819034e-05
1.38034283768e-08	-5.31070950274e-05
1.39104316975e-08	-3.3385045981e-05
1.40174350183e-08	-3.76953423142e-06
1.4124438339e-08	2.55241775449e-05
1.42314416598e-08	4.49237036264e-05
1.43384449805e-08	4.85981327074e-05
1.44454483013e-08	3.61707006959e-05
1.4552451622e-08	1.255486643e-05
1.46594549428e-08	-1.39306064284e-05
1.47664582635e-08	-3.44643960943e-05
1.48734615843e-08	-4.26375502229e-05
1.4980464905e-08	-3.64234674635e-05
1.50874682258e-08	-1.86121848174e-05
1.51944715465e-08	4.35668559362e-06
1.53014748673e-08	2.46927286298e-05
1.5408478188e-08	3.5877362734e-05
1.55154815088e-08	3.47297964254e-05
1.56224848295e-08	2.22731473514e-05
1.57294881503e-08	3.17957798757e-06
1.5836491471e-08	-1.59519441922e-05
1.59434947918e-08	-2.88567111966e-05
1.60504981125e-08	-3.16372061206e-05
1.61575014333e-08	-2.39147789216e-05
1.6264504754e-08	-8.76917545156e-06
1.63715080748e-08	8.45159991059e-06
1.64785113955e-08	2.2001212983e-05
1.65855147163e-08	2.76366056369e-05
1.6692518037e-08	2.39290266109e-05
1.67995213578e-08	1.25825160922e-05
1.69065246785e-08	-2.28670440094e-06
1.70135279993e-08	-1.56267399234e-05
1.712053132e-08	-2.31502606312e-05
1.72275346408e-08	-2.27003987447e-05
1.73345379615e-08	-1.48425593807e-05
1.74415412823e-08	-2.53913299275e-06
1.7548544603e-08	9.94967660972e-06
1.76555479238e-08	1.85253267091e-05
1.77625512445e-08	2.05861226732e-05
1.78695545653e-08	1.57995782502e-05
1.7976557886e-08	6.09235752336e-06
1.80835612068e-08	-5.09981794039e-06
1.81905645275e-08	-1.40342732493e-05
1.82975678483e-08	-1.79052169642e-05
1.8404571169e-08	-1.57116672881e-05
1.85115744898e-08	-8.48970012157e-06
1.86185778105e-08	1.13213057773e-06
1.87255811313e-08	9.87794220464e-06
1.8832584452e-08	1.49305333252e-05
1.89395877728e-08	1.48306219216e-05
1.90465910935e-08	9.88056513052e-06
1.91535944143e-08	1.95607360354e-06
1.9260597735e-08	-6.19234128862e-06
1.93676010558e-08	-1.18858755513e-05
1.94746043765e-08	-1.33892070835e-05
1.95816076973e-08	-1.0430499799e-05
1.9688611018e-08	-4.21280623186e-06
1.97956143388e-08	3.05764724828e-06
1.99026176595e-08	8.94527448736e-06
2.00096209803e-08	1.15951360726e-05
2.0116624301e-08	1.03102348135e-05
2.02236276218e-08	5.71743390765e-06
2.03306309425e-08	-5.05623738434e-07
2.04376342633e-08	-6.23625851404e-06
2.0544637584e-08	-9.62441481533e-06
2.06516409048e-08	-9.68416600244e-06
2.07586442255e-08	-6.57033137941e-06
2.08656475463e-08	-1.46920757516e-06
2.0972650867e-08	3.84481975857e-06
2.10796541878e-08	7.62132475529e-06
2.11866575085e-08	8.70443994927e-06
2.12936608293e-08	6.8812603331e-06
2.140066415e-08	2.90116989277e-06
2.15076674708e-08	-1.81956991696e-06
2.16146707915e-08	-5.6968256672e-06
2.17216741123e-08	-7.50533860128e-06
2.1828677433e-08	-6.76210083839e-06
2.19356807538e-08	-3.84405686304e-06
2.20426840745e-08	1.78945102292e-07
2.21496873953e-08	3.93218059003e-06
2.2256690716e-08	6.20107294935e-06
2.23636940368e-08	6.32071294149e-06
2.24706973575e-08	4.36477310473e-06
2.25777006783e-08	1.0829632302e-06
2.2684703999e-08	-2.38113757689e-06
2.27917073198e-08	-4.88370523044e-06
2.28987106405e-08	-5.65630438132e-06
2.30057139613e-08	-4.53647794529e-06
2.3112717282e-08	-1.99048153604e-06
2.32197206028e-08	1.07319739584e-06
2.33267239235e-08	3.6249977029e-06
2.34337272443e-08	4.8559275001e-06
2.3540730565e-08	4.43251448701e-06
2.36477338858e-08	2.58029810141e-06
2.37547372065e-08	-1.93341804788e-08
2.38617405273e-08	-2.47605834147e-06
