% time-domain current integration by openEMS v0.0.36-16-g7d7688a @Mon Jan  6 16:23:20 2025
% start-coordinates: (-0.00252587,0.000702916,-2.6092e-05) m -> [39,70,22]
% stop-coordinates: (0.00120705,0.000702916,2.2079e-05) m -> [43,70,23]
% t/s	current
3.51657732743e-14	0
1.07009448074e-10	1.21432397471e-09
2.13983730374e-10	2.55261545234e-09
3.20958012675e-10	3.4822531525e-09
4.27932294975e-10	3.31849259183e-09
5.34906577276e-10	4.62270055568e-10
6.41880859576e-10	-5.6417559513e-09
7.48855141876e-10	-1.41623646144e-08
8.55829424177e-10	-2.23354224005e-08
9.62803706477e-10	-2.44596058963e-08
1.06977798878e-09	-1.37658000554e-08
1.17675227108e-09	1.44693590443e-08
1.28372655338e-09	5.83738142268e-08
1.39070083568e-09	1.05231961811e-07
1.49767511798e-09	1.30967876544e-07
1.60464940028e-09	1.05479280421e-07
1.71162368258e-09	6.18716011758e-09
1.81859796488e-09	-1.64806522207e-07
1.92557224718e-09	-3.65453246332e-07
2.03254652948e-09	-5.12006067765e-07
2.13952081178e-09	-4.98936799431e-07
2.24649509408e-09	-2.41843565618e-07
2.35346937638e-09	2.67516440999e-07
2.46044365868e-09	9.18132229799e-07
2.56741794098e-09	1.4767653056e-06
2.67439222328e-09	1.64628124821e-06
2.78136650559e-09	1.18102138913e-06
2.88834078789e-09	2.54256065091e-08
2.99531507019e-09	-1.58596481015e-06
3.10228935249e-09	-3.13052964884e-06
3.20926363479e-09	-3.93699838241e-06
3.31623791709e-09	-3.43991041518e-06
3.42321219939e-09	-1.46242393839e-06
3.53018648169e-09	1.597952064e-06
3.63716076399e-09	4.79441314383e-06
3.74413504629e-09	6.90674778525e-06
3.85110932859e-09	6.89942180543e-06
3.95808361089e-09	4.39142331743e-06
4.06505789319e-09	-7.07590288584e-08
4.17203217549e-09	-5.09279652761e-06
4.27900645779e-09	-8.88388512976e-06
4.38598074009e-09	-9.93263165583e-06
4.49295502239e-09	-7.6406304288e-06
4.59992930469e-09	-2.63567085312e-06
4.70690358699e-09	3.39680104844e-06
4.81387786929e-09	8.32621390146e-06
4.92085215159e-09	1.03973152363e-05
5.02782643389e-09	8.92097978067e-06
5.13480071619e-09	4.54152541352e-06
5.2417749985e-09	-1.03565321297e-06
5.3487492808e-09	-5.74077057536e-06
5.4557235631e-09	-7.96336007625e-06
5.5626978454e-09	-7.15594069334e-06
5.6696721277e-09	-3.97480107495e-06
5.77664641e-09	7.79888011948e-08
5.8836206923e-09	3.33182265422e-06
5.9905949746e-09	4.63914238935e-06
6.0975692569e-09	3.78938489121e-06
6.2045435392e-09	1.49386914927e-06
6.3115178215e-09	-1.01509681372e-06
6.4184921038e-09	-2.56613361671e-06
6.5254663861e-09	-2.54760652751e-06
6.6324406684e-09	-1.11878819098e-06
6.7394149507e-09	9.29911095682e-07
6.846389233e-09	2.57583360508e-06
6.9533635153e-09	3.02979015032e-06
7.0603377976e-09	2.06610411624e-06
7.1673120799e-09	9.03699444166e-08
7.2742863622e-09	-2.06179379347e-06
7.3812606445e-09	-3.49127253685e-06
7.4882349268e-09	-3.60615331374e-06
7.59520920911e-09	-2.34833942159e-06
7.70218349141e-09	-1.97214660602e-07
7.80915777371e-09	2.03521676667e-06
7.91613205601e-09	3.52516690327e-06
8.02310633831e-09	3.74521050617e-06
8.13008062061e-09	2.64637969849e-06
8.23705490291e-09	6.55596352317e-07
8.34402918521e-09	-1.4986487713e-06
8.45100346751e-09	-3.05904791276e-06
8.55797774981e-09	-3.50795403392e-06
8.66495203211e-09	-2.73713180832e-06
8.77192631441e-09	-1.06554557533e-06
8.87890059671e-09	8.92256935003e-07
8.98587487901e-09	2.45284786615e-06
9.09284916131e-09	3.10236873702e-06
9.19982344361e-09	2.66411143457e-06
9.30679772591e-09	1.34172648814e-06
9.41377200821e-09	-3.69893285779e-07
9.52074629051e-09	-1.86841998584e-06
9.62772057281e-09	-2.65454696091e-06
9.73469485511e-09	-2.49777781391e-06
9.84166913741e-09	-1.49980758124e-06
9.94864341972e-09	-4.3246018322e-08
1.0055617702e-08	1.3530062688e-06
1.01625919843e-08	2.21751565732e-06
1.02695662666e-08	2.28419958148e-06
1.03765405489e-08	1.57184274485e-06
1.04835148312e-08	3.62902028428e-07
1.05904891135e-08	-9.05848196453e-07
1.06974633958e-08	-1.80010010808e-06
1.08044376781e-08	-2.0353322725e-06
1.09114119604e-08	-1.56586190769e-06
1.10183862427e-08	-5.87850024658e-07
1.1125360525e-08	5.39893562745e-07
1.12323348073e-08	1.42630028677e-06
1.13393090896e-08	1.78269112894e-06
1.14462833719e-08	1.51544270466e-06
1.15532576542e-08	7.47791148115e-07
1.16602319365e-08	-2.33402303706e-07
1.17672062188e-08	-1.0835615285e-06
1.18741805011e-08	-1.52055622493e-06
1.19811547834e-08	-1.41729424286e-06
1.20881290657e-08	-8.36948117922e-07
1.2195103348e-08	-1.54968238242e-09
1.23020776303e-08	7.91746060713e-07
1.24090519126e-08	1.27549105855e-06
1.25160261949e-08	1.30138084842e-06
1.26230004772e-08	8.84371957e-07
1.27299747595e-08	1.89213722024e-07
1.28369490418e-08	-5.33401816938e-07
1.29439233241e-08	-1.03644254068e-06
1.30508976064e-08	-1.16035118936e-06
1.31578718887e-08	-8.82707468008e-07
1.3264846171e-08	-3.18720765335e-07
1.33718204533e-08	3.2504402725e-07
1.34787947356e-08	8.2565276216e-07
1.35857690179e-08	1.02040417005e-06
1.36927433002e-08	8.58991597852e-07
1.37997175825e-08	4.14770624957e-07
1.39066918648e-08	-1.46587950667e-07
1.40136661471e-08	-6.28222778687e-07
1.41206404294e-08	-8.70576343459e-07
1.42276147117e-08	-8.03708871899e-07
1.4334588994e-08	-4.66403946575e-07
1.44415632763e-08	1.26509425158e-08
1.45485375586e-08	4.63273977402e-07
1.46555118409e-08	7.33798060537e-07
1.47624861232e-08	7.41624319289e-07
1.48694604055e-08	4.97749567785e-07
1.49764346878e-08	9.81218590823e-08
1.50834089701e-08	-3.13343804237e-07
1.51903832524e-08	-5.96190716351e-07
1.52973575347e-08	-6.60970840727e-07
1.5404331817e-08	-4.96986103826e-07
1.55113060993e-08	-1.71858815179e-07
1.56182803816e-08	1.95544600956e-07
1.57252546639e-08	4.78158028727e-07
1.58322289462e-08	5.84339431953e-07
1.59392032285e-08	4.87159638851e-07
1.60461775108e-08	2.30208414109e-07
1.61531517931e-08	-9.08833683866e-08
1.62601260754e-08	-3.63657278513e-07
1.63671003577e-08	-4.97912822084e-07
1.647407464e-08	-4.55218838624e-07
1.65810489223e-08	-2.59275935832e-07
1.66880232046e-08	1.53627066624e-08
1.67949974869e-08	2.71271375141e-07
1.69019717692e-08	4.22441672754e-07
1.70089460515e-08	4.22942463274e-07
1.71159203338e-08	2.80422597143e-07
1.72228946161e-08	5.0757869019e-08
1.73298688984e-08	-1.83483592764e-07
1.74368431807e-08	-3.42444280932e-07
1.7543817463e-08	-3.76010859782e-07
1.76507917453e-08	-2.7928513191e-07
1.77577660276e-08	-9.19096336816e-08
1.78647403099e-08	1.1772004882e-07
1.79717145922e-08	2.77205288057e-07
1.80786888745e-08	3.34954194159e-07
1.81856631569e-08	2.76607693195e-07
1.82926374392e-08	1.28040355207e-07
1.83996117215e-08	-5.55771428878e-08
1.85065860038e-08	-2.10014903246e-07
1.86135602861e-08	-2.8430198995e-07
1.87205345684e-08	-2.57351615573e-07
1.88275088507e-08	-1.43580663803e-07
1.8934483133e-08	1.3827216705e-08
1.90414574153e-08	1.59118968668e-07
1.91484316976e-08	2.43532895183e-07
1.92554059799e-08	2.41551333602e-07
1.93623802622e-08	1.58328305133e-07
1.94693545445e-08	2.63713353377e-08
1.95763288268e-08	-1.06944661127e-07
1.96833031091e-08	-1.9623333003e-07
1.97902773914e-08	-2.13440983998e-07
1.98972516737e-08	-1.56458085598e-07
2.0004225956e-08	-4.85072142453e-08
2.01112002383e-08	7.10756680178e-08
2.02181745206e-08	1.61043388403e-07
2.03251488029e-08	1.92356665707e-07
2.04321230852e-08	1.57427422209e-07
2.05390973675e-08	7.15537922247e-08
2.06460716498e-08	-3.34231664567e-08
2.07530459321e-08	-1.20832410744e-07
2.08600202144e-08	-1.61885353123e-07
2.09669944967e-08	-1.45031137322e-07
2.1073968779e-08	-7.90090055602e-08
2.11809430613e-08	1.11897762167e-08
2.12879173436e-08	9.365463427e-08
2.13948916259e-08	1.40757705935e-07
2.15018659082e-08	1.38330335631e-07
2.16088401905e-08	8.97638159358e-08
2.17158144728e-08	1.39694726897e-08
2.18227887551e-08	-6.18855935386e-08
2.19297630374e-08	-1.12016010689e-07
2.20367373197e-08	-1.20717501773e-07
2.2143711602e-08	-8.71860805773e-08
2.22506858843e-08	-2.50132679014e-08
2.23576601666e-08	4.31870184059e-08
2.24646344489e-08	9.39180608839e-08
2.25716087312e-08	1.10846485768e-07
2.26785830135e-08	8.99791956499e-08
2.27855572958e-08	4.03655242565e-08
2.28925315781e-08	-1.96357969884e-08
2.29995058604e-08	-6.90986183827e-08
2.31064801427e-08	-9.17504152653e-08
2.3213454425e-08	-8.12895848412e-08
2.33204287073e-08	-4.29950333114e-08
2.34274029896e-08	8.67924843106e-09
2.35343772719e-08	5.54719967738e-08
2.36413515542e-08	8.1736715174e-08
2.37483258365e-08	7.96054706598e-08
2.38553001188e-08	5.12878912673e-08
2.39622744011e-08	7.7579782598e-09
2.40692486834e-08	-3.53913449658e-08
2.41762229657e-08	-6.35204173705e-08
