% time-domain current integration by openEMS v0.0.36-16-g7d7688a @Thu Dec 26 14:49:40 2024
% start-coordinates: (-0.00466667,-0.000166667,-0.0010162) m -> [35,6,19]
% stop-coordinates: (0.004,0.0005,-0.0010162) m -> [58,10,19]
% t/s	current
2.34357374204e-15	0
1.04164822113e-10	4.77661660625e-06
2.08327300651e-10	4.56225234302e-06
3.1248977919e-10	2.02327782972e-06
4.16652257729e-10	-8.95316679816e-06
5.20814736268e-10	-3.3964686736e-05
6.24977214807e-10	-7.73880019551e-05
7.29139693345e-10	-0.000132033324917
8.33302171884e-10	-0.000174724613316
9.37464650423e-10	-0.000155584493768
1.04162712896e-09	-6.08483651376e-06
1.1457896075e-09	0.000342244340573
1.24995208604e-09	0.000909475667868
1.35411456458e-09	0.00160720234271
1.45827704312e-09	0.00219212984666
1.56243952166e-09	0.00227309740148
1.66660200019e-09	0.00141163042281
1.77076447873e-09	-0.000683639023919
1.87492695727e-09	-0.00391757208854
1.97908943581e-09	-0.00763644790277
2.08325191435e-09	-0.010650690645
2.18741439289e-09	-0.0115292705595
2.29157687143e-09	-0.00912760943174
2.39573934997e-09	-0.00316847511567
2.49990182851e-09	0.00539287086576
2.60406430704e-09	0.0144489882514
2.70822678558e-09	0.0213293004781
2.81238926412e-09	0.0237168427557
2.91655174266e-09	0.0205360930413
3.0207142212e-09	0.0124143986031
3.12487669974e-09	0.00150059885345
3.22903917828e-09	-0.00929630082101
3.33320165682e-09	-0.0173178650439
3.43736413535e-09	-0.0209879428148
3.54152661389e-09	-0.0201453343034
3.64568909243e-09	-0.0158125925809
3.74985157097e-09	-0.00959973409772
3.85401404951e-09	-0.00306837493554
3.95817652805e-09	0.00266679003835
4.06233900659e-09	0.00700580375269
4.16650148513e-09	0.00969843007624
4.27066396367e-09	0.0106447935104
4.3748264422e-09	0.00982004590333
4.47898892074e-09	0.00735445320606
4.58315139928e-09	0.0036698335316
4.68731387782e-09	-0.000468799029477
4.79147635636e-09	-0.00408450467512
4.8956388349e-09	-0.00627469550818
4.99980131344e-09	-0.0065329419449
5.10396379198e-09	-0.00494730658829
5.20812627051e-09	-0.00217551901005
5.31228874905e-09	0.000799963017926
5.41645122759e-09	0.00303170527332
5.52061370613e-09	0.00393061572686
5.62477618467e-09	0.0034301658161
5.72893866321e-09	0.00194037717301
5.83310114175e-09	0.000140208605444
5.93726362029e-09	-0.00130309734959
6.04142609883e-09	-0.00195696321316
6.14558857736e-09	-0.00173524755519
6.2497510559e-09	-0.000872346863616
6.35391353444e-09	0.000204784839298
6.45807601298e-09	0.00105123932008
6.56223849152e-09	0.00135682034306
6.66640097006e-09	0.00104203505907
6.7705634486e-09	0.000268821284408
6.87472592714e-09	-0.000629324757028
6.97888840567e-09	-0.00127568829339
7.08305088421e-09	-0.00139654136728
7.18721336275e-09	-0.000930430076551
7.29137584129e-09	-5.79241241212e-05
7.39553831983e-09	0.000866030633915
7.49970079837e-09	0.00145387917291
7.60386327691e-09	0.00144397863187
7.70802575545e-09	0.000809024495538
7.81218823399e-09	-0.000230582299992
7.91635071252e-09	-0.00129252939951
8.02051319106e-09	-0.0019783466123
8.1246756696e-09	-0.00201928801835
8.22883814814e-09	-0.00136846420355
8.33300062668e-09	-0.000211572434637
8.43716310522e-09	0.00109864305705
8.54132558376e-09	0.00215592700988
8.6454880623e-09	0.00262538506649
8.74965054083e-09	0.00234526535496
8.85381301937e-09	0.00137825752608
8.95797549791e-09	-1.35444031457e-06
9.06213797645e-09	-0.00138480460737
9.16630045499e-09	-0.00235159276053
9.27046293353e-09	-0.00260256882757
9.37462541207e-09	-0.00205946131609
9.47878789061e-09	-0.000894196622539
9.58295036915e-09	0.000525407725945
9.68711284768e-09	0.00175511091948
9.79127532622e-09	0.00241813296452
9.89543780476e-09	0.00232087355107
9.9996002833e-09	0.00150605500676
1.01037627618e-08	0.000228500706726
1.02079252404e-08	-0.00113021733705
1.03120877189e-08	-0.00217744568363
1.04162501975e-08	-0.00261963182129
1.0520412676e-08	-0.0023389372509
1.06245751545e-08	-0.00141969427932
1.07287376331e-08	-0.00012066130148
1.08329001116e-08	0.00119846523739
1.09370625901e-08	0.00217781425454
1.10412250687e-08	0.00255799619481
1.11453875472e-08	0.00225304462947
1.12495500258e-08	0.00137167389039
1.13537125043e-08	0.00018041684234
1.14578749828e-08	-0.000978784402832
1.15620374614e-08	-0.00179074180778
1.16661999399e-08	-0.00205485126935
1.17703624185e-08	-0.00173318979796
1.1874524897e-08	-0.00094926165184
1.19786873755e-08	5.801016232e-05
1.20828498541e-08	0.00100493023638
1.21870123326e-08	0.00163907289971
1.22911748112e-08	0.00180106854532
1.23953372897e-08	0.00145970273297
1.24994997682e-08	0.000715149275493
1.26036622468e-08	-0.000229998273426
1.27078247253e-08	-0.00112498737872
1.28119872038e-08	-0.00173670391086
1.29161496824e-08	-0.00191105878912
1.30203121609e-08	-0.00161169958301
1.31244746395e-08	-0.000926036504097
1.3228637118e-08	-3.71254136553e-05
1.33327995965e-08	0.000829011958558
1.34369620751e-08	0.00146310718264
1.35411245536e-08	0.00172368402127
1.36452870322e-08	0.00156732788309
1.37494495107e-08	0.00105229474138
1.38536119892e-08	0.000320040126098
1.39577744678e-08	-0.000441382871941
1.40619369463e-08	-0.00104287348222
1.41660994249e-08	-0.00133862660732
1.42702619034e-08	-0.00126187456772
1.43744243819e-08	-0.000841236440465
1.44785868605e-08	-0.000193997140741
1.4582749339e-08	0.000504189520143
1.46869118175e-08	0.00106517144013
1.47910742961e-08	0.00133817060851
1.48952367746e-08	0.00124860962387
1.49993992532e-08	0.000816781772301
1.51035617317e-08	0.000150613632286
1.52077242102e-08	-0.000582530337851
1.53118866888e-08	-0.00119878456462
1.54160491673e-08	-0.0015425842721
1.55202116459e-08	-0.00152511987835
1.56243741244e-08	-0.00114606425632
1.57285366029e-08	-0.000495081534609
1.58326990815e-08	0.000269212527201
1.593686156e-08	0.000958285236266
1.60410240386e-08	0.00140160601586
1.61451865171e-08	0.00149140250869
1.62493489956e-08	0.00121215323452
1.63535114742e-08	0.000644093321171
1.64576739527e-08	-5.75756312173e-05
1.65618364312e-08	-0.000705196463969
1.66659989098e-08	-0.00112855492625
1.67701613883e-08	-0.00121943303384
1.68743238669e-08	-0.000959173426963
1.69784863454e-08	-0.000422357552452
1.70826488239e-08	0.000243541973759
1.71868113025e-08	0.000856113852933
1.7290973781e-08	0.00124664453324
1.73951362596e-08	0.00130345253274
1.74992987381e-08	0.00100261915941
1.76034612166e-08	0.000415564660216
1.77076236952e-08	-0.00030901710852
1.78117861737e-08	-0.000983837177046
1.79159486523e-08	-0.00143302674405
1.80201111308e-08	-0.00153917679563
1.81242736093e-08	-0.00127440108918
1.82284360879e-08	-0.000707343686372
1.83325985664e-08	1.60681483976e-05
1.84367610449e-08	0.000711909204256
1.85409235235e-08	0.00120650255121
1.8645086002e-08	0.00138099619653
1.87492484806e-08	0.00120155315381
1.88534109591e-08	0.000726094003767
1.89575734376e-08	8.87474088813e-05
1.90617359162e-08	-0.000536255422048
1.91658983947e-08	-0.00098093051929
1.92700608733e-08	-0.00112750136759
1.93742233518e-08	-0.000939939869568
1.94783858303e-08	-0.000472859072033
1.95825483089e-08	0.000143516474054
1.96867107874e-08	0.000738712784369
1.97908732659e-08	0.00114865950309
1.98950357445e-08	0.0012589081889
1.9999198223e-08	0.00103490275797
2.01033607016e-08	0.00053025141824
2.02075231801e-08	-0.000127950537717
2.03116856586e-08	-0.000772987201344
2.04158481372e-08	-0.00124180782586
2.05200106157e-08	-0.00141709763557
2.06241730943e-08	-0.00125683553051
2.07283355728e-08	-0.00080472137779
2.08324980513e-08	-0.000178142159712
2.09366605299e-08	0.000462634954602
2.10408230084e-08	0.000956674397457
2.1144985487e-08	0.0011840100633
2.12491479655e-08	0.00109643361066
2.1353310444e-08	0.000729199440684
2.14574729226e-08	0.000189894839423
2.15616354011e-08	-0.000371029047528
2.16657978796e-08	-0.000800630135927
2.17699603582e-08	-0.000983824022114
2.18741228367e-08	-0.000873158860486
2.19782853153e-08	-0.000500126276165
2.20824477938e-08	3.34297074005e-05
2.21866102723e-08	0.000583350367378
2.22907727509e-08	0.00100030994508
2.23949352294e-08	0.00116962962784
2.2499097708e-08	0.00104085705243
2.26032601865e-08	0.000641332764644
2.2707422665e-08	6.90632587066e-05
