% time-domain voltage integration by openEMS v0.0.36-16-g7d7688a @Thu Dec 26 14:49:40 2024
% start-coordinates: (-0.000333333,0.000166667,-0.0015512) m -> [45,8,13]
% stop-coordinates: (-0.000333333,0.000166667,3.5e-05) m -> [45,8,26]
% t/s	voltage
0	-0
1.04162478539e-10	0.000127253238514
2.08324957078e-10	0.000232191128609
3.12487435616e-10	0.000202674854041
4.16649914155e-10	-7.75657026644e-05
5.20812392694e-10	-0.000878180547375
6.24974871233e-10	-0.00237984822591
7.29137349772e-10	-0.00472646698657
8.33299828311e-10	-0.00737111340041
9.37462306849e-10	-0.00896955661183
1.04162478539e-09	-0.00695550049062
1.14578726393e-09	0.00191531898952
1.24994974247e-09	0.0204094568259
1.354112221e-09	0.0487340509801
1.45827469954e-09	0.0821336476685
1.56243717808e-09	0.109484861313
1.66659965662e-09	0.114262588525
1.77076213516e-09	0.0790827149267
1.8749246137e-09	-0.006789201012
1.97908709224e-09	-0.139252794757
2.08324957078e-09	-0.294462675569
2.18741204932e-09	-0.431097780899
2.29157452785e-09	-0.501080954288
2.39573700639e-09	-0.466367376865
2.49989948493e-09	-0.315382292691
2.60406196347e-09	-0.0717932889984
2.70822444201e-09	0.20957560677
2.81238692055e-09	0.459485805715
2.91654939909e-09	0.617353370751
3.02071187763e-09	0.651611904605
3.12487435616e-09	0.568957685613
3.2290368347e-09	0.409188556906
3.33319931324e-09	0.228338444596
3.43736179178e-09	0.0774656885769
3.54152427032e-09	-0.0145205776826
3.64568674886e-09	-0.0479727604729
3.7498492274e-09	-0.0477478892999
3.85401170594e-09	-0.0492854874547
3.95817418448e-09	-0.0813830054753
4.06233666301e-09	-0.152355905638
4.16649914155e-09	-0.245279237837
4.27066162009e-09	-0.324299667045
4.37482409863e-09	-0.349913862963
4.47898657717e-09	-0.29696236233
4.58314905571e-09	-0.167672941287
4.68731153425e-09	0.00629619702249
4.79147401279e-09	0.174264215549
4.89563649132e-09	0.285284798543
4.99979896986e-09	0.307434126395
5.1039614484e-09	0.239522181495
5.20812392694e-09	0.11051764375
5.31228640548e-09	-0.0325597621118
5.41644888402e-09	-0.142797318698
5.52061136256e-09	-0.189882473338
5.6247738411e-09	-0.168842787586
5.72893631964e-09	-0.0983748254889
5.83309879817e-09	-0.0109023265983
5.93726127671e-09	0.0607020807848
6.04142375525e-09	0.0946717725761
6.14558623379e-09	0.0859196391946
6.24974871233e-09	0.045157425612
6.35391119087e-09	-0.00715995839323
6.45807366941e-09	-0.0492814389722
6.56223614795e-09	-0.0656618528517
6.66639862648e-09	-0.0518218687436
6.77056110502e-09	-0.0150716931496
6.87472358356e-09	0.0286843409029
6.9788860621e-09	0.0610899337764
7.08304854064e-09	0.0684364910776
7.18721101918e-09	0.047138057778
7.29137349772e-09	0.00540331323344
7.39553597626e-09	-0.0398107782546
7.4996984548e-09	-0.069580913163
7.60386093333e-09	-0.0707201633482
7.70802341187e-09	-0.0412740980681
7.81218589041e-09	0.00861929539593
7.91634836895e-09	0.0606263949209
8.02051084749e-09	0.0952655019396
8.12467332603e-09	0.0990151574674
8.22883580457e-09	0.0690015109078
8.33299828311e-09	0.0137103896584
8.43716076164e-09	-0.050014918264
8.54132324018e-09	-0.102433825698
8.64548571872e-09	-0.126974210998
8.74964819726e-09	-0.115261083401
8.8538106758e-09	-0.0697672976139
8.95797315434e-09	-0.00334810216577
9.06213563288e-09	0.0643473379422
9.16629811142e-09	0.112760561758
9.27046058996e-09	0.126929461598
9.37462306849e-09	0.102425430394
9.47878554703e-09	0.0470076715191
9.58294802557e-09	-0.0218184338094
9.68711050411e-09	-0.0825084898365
9.79127298265e-09	-0.116433265664
9.89543546119e-09	-0.113657787864
9.99959793973e-09	-0.075653791768
1.01037604183e-08	-0.014348413045
1.02079228968e-08	0.0519177981837
1.03120853753e-08	0.103960353536
1.04162478539e-08	0.127164647488
1.05204103324e-08	0.11531936802
1.0624572811e-08	0.0720266839217
1.07287352895e-08	0.00948593042966
1.0832897768e-08	-0.0549673049898
1.09370602466e-08	-0.103735045544
1.10412227251e-08	-0.123873460394
1.11453852037e-08	-0.110722793495
1.12495476822e-08	-0.0690964659614
1.13537101607e-08	-0.011630176552
1.14578726393e-08	0.0451442859371
1.15620351178e-08	0.0857397819386
1.16661975963e-08	0.100049408817
1.17703600749e-08	0.0858054903823
1.18745225534e-08	0.0486391681977
1.1978685032e-08	-5.30729320189e-05
1.20828475105e-08	-0.0465119203063
1.2187009989e-08	-0.0783245905929
1.22911724676e-08	-0.0874650883098
1.23953349461e-08	-0.0720785838596
1.24994974247e-08	-0.0367222465743
1.26036599032e-08	0.00896568694122
1.27078223817e-08	0.0528490287639
1.28119848603e-08	0.0834885583308
1.29161473388e-08	0.0931437685006
1.30203098174e-08	0.0797322310187
1.31244722959e-08	0.0472185229874
1.32286347744e-08	0.00429653273193
1.3332797253e-08	-0.0380895277247
1.34369597315e-08	-0.0696617884172
1.354112221e-08	-0.0833441223407
1.36452846886e-08	-0.0767608362686
1.37494471671e-08	-0.0525054320664
1.38536096457e-08	-0.0172785141659
1.39577721242e-08	0.0198604149197
1.40619346027e-08	0.0496657720024
1.41660970813e-08	0.0649110037058
1.42702595598e-08	0.0621185594085
1.43744220384e-08	0.0424406992921
1.44785845169e-08	0.0113814351297
1.45827469954e-08	-0.0226249844414
1.4686909474e-08	-0.0504138472897
1.47910719525e-08	-0.0645168302643
1.48952344311e-08	-0.0610891801609
1.49993969096e-08	-0.040876384149
1.51035593881e-08	-0.00893200680838
1.52077218667e-08	0.0267234204405
1.53118843452e-08	0.0571490823378
1.54160468237e-08	0.0746651197326
1.55202093023e-08	0.0747558370598
1.56243717808e-08	0.0571816136324
1.57285342594e-08	0.0260798910842
1.58326967379e-08	-0.0109748404674
1.59368592164e-08	-0.0448421781731
1.6041021695e-08	-0.0671434179415
1.61451841735e-08	-0.072446279118
1.62493466521e-08	-0.059745541873
1.63535091306e-08	-0.0327181210118
1.64576716091e-08	0.00124026841371
1.65618340877e-08	0.0330438426414
1.66659965662e-08	0.0543242986561
1.67701590448e-08	0.0596291972455
1.68743215233e-08	0.0478144330355
1.69784840018e-08	0.0222824504708
1.70826464804e-08	-0.00994212743586
1.71868089589e-08	-0.0400432617531
1.72909714374e-08	-0.0597251087899
1.7395133916e-08	-0.063384594653
1.74992963945e-08	-0.0496245446292
1.76034588731e-08	-0.021679319886
1.77076213516e-08	0.0133795469339
1.78117838301e-08	0.0464983234217
1.79159463087e-08	0.0690456887537
1.80201087872e-08	0.075127954464
1.81242712658e-08	0.0631545947759
1.82284337443e-08	0.0362250718793
1.83325962228e-08	0.00127414113405
1.84367587014e-08	-0.0328052970232
1.85409211799e-08	-0.0574943755618
1.86450836584e-08	-0.0668448567233
1.8749246137e-08	-0.0589804254455
1.88534086155e-08	-0.0364972155042
1.89575710941e-08	-0.00575277178345
1.90617335726e-08	0.0248404841405
1.91658960511e-08	0.0470554351084
1.92700585297e-08	0.0549982474224
1.93742210082e-08	0.0466930660072
1.94783834868e-08	0.0245791487797
1.95825459653e-08	-0.00517229952422
1.96867084438e-08	-0.0343406718659
1.97908709224e-08	-0.0548730082479
1.98950334009e-08	-0.061053572408
1.99991958795e-08	-0.0509809439053
2.0103358358e-08	-0.0270505245066
2.02075208365e-08	0.00471558929212
2.03116833151e-08	0.0362771892912
2.04158457936e-08	0.0596505703843
2.05200082721e-08	0.0689798256269
2.06241707507e-08	0.0620186740837
2.07283332292e-08	0.0406753877823
2.08324957078e-08	0.0105032152101
2.09366581863e-08	-0.0207779009532
2.10408206648e-08	-0.0453019889603
2.11449831434e-08	-0.0570940661451
2.12491456219e-08	-0.0536199207029
2.13533081005e-08	-0.036380871607
2.1457470579e-08	-0.010451497983
2.15616330575e-08	0.0169222470294
2.16657955361e-08	0.0382720202795
2.17699580146e-08	0.0478726697221
2.18741204932e-08	0.0432263000897
2.19782829717e-08	0.0256726061305
2.20824454502e-08	-9.68971335169e-07
2.21866079288e-08	-0.0268479539486
2.22907704073e-08	-0.047585487646
2.23949328858e-08	-0.0565168366184
2.24990953644e-08	-0.0510092620495
2.26032578429e-08	-0.0321941378553
2.27074203215e-08	-0.00467613894278
