% time-domain current integration by openEMS v0.0.36-16-g7d7688a @Tue Dec 31 13:29:22 2024
% start-coordinates: (-0.00166667,-0.0213333,-1.16e-05) m -> [23,33,11]
% stop-coordinates: (0.001,-0.0213333,3.48e-05) m -> [28,33,15]
% t/s	current
5.83289242857e-15	0
1.07016077387e-10	2.02340650901e-08
2.14026321882e-10	2.99517814994e-08
3.21036566376e-10	2.98930338261e-08
4.28046810871e-10	8.65577298725e-09
5.35057055365e-10	-4.16355199206e-08
6.4206729986e-10	-1.16572692832e-07
7.49077544355e-10	-1.9126669315e-07
8.56087788849e-10	-2.16293841504e-07
9.63098033344e-10	-1.29356024559e-07
1.07010827784e-09	1.152904332e-07
1.17711852233e-09	5.03725402723e-07
1.28412876683e-09	9.22443689433e-07
1.39113901132e-09	1.14954923447e-06
1.49814925582e-09	9.0740172709e-07
1.60515950031e-09	-1.19188037218e-08
1.71216974481e-09	-1.57661804678e-06
1.8191799893e-09	-3.37316464538e-06
1.9261902338e-09	-4.59558714283e-06
2.03320047829e-09	-4.2528213271e-06
2.14021072278e-09	-1.60195497756e-06
2.24722096728e-09	3.31451406055e-06
2.35423121177e-09	9.27446671994e-06
2.46124145627e-09	1.39154008139e-05
2.56825170076e-09	1.43961287904e-05
2.67526194526e-09	8.61100852489e-06
2.78227218975e-09	-3.44994896295e-06
2.88928243425e-09	-1.8845887098e-05
2.99629267874e-09	-3.19747341564e-05
3.10330292324e-09	-3.62789651263e-05
3.21031316773e-09	-2.69948923233e-05
3.31732341223e-09	-3.91487128582e-06
3.42433365672e-09	2.71915523626e-05
3.53134390121e-09	5.5561937188e-05
3.63835414571e-09	6.89806111041e-05
3.7453643902e-09	5.88067414355e-05
3.8523746347e-09	2.44580514845e-05
3.95938487919e-09	-2.48348496825e-05
4.06639512369e-09	-7.22985860193e-05
4.17340536818e-09	-9.95274749584e-05
4.28041561268e-09	-9.38983866945e-05
4.38742585717e-09	-5.43795649719e-05
4.49443610167e-09	6.99090287526e-06
4.60144634616e-09	6.89832886565e-05
4.70845659066e-09	0.000109114414954
4.81546683515e-09	0.0001124670016
4.92247707964e-09	7.76827873779e-05
5.02948732414e-09	1.75521090569e-05
5.13649756863e-09	-4.60677256342e-05
5.24350781313e-09	-9.0840519988e-05
5.35051805762e-09	-0.000102427002275
5.45752830212e-09	-7.9405552242e-05
5.56453854661e-09	-3.28541973431e-05
5.67154879111e-09	1.88562389667e-05
5.7785590356e-09	5.75737576582e-05
5.8855692801e-09	7.19855161151e-05
5.99257952459e-09	6.0851645685e-05
6.09958976909e-09	3.20229555655e-05
6.20660001358e-09	-1.78948278062e-06
6.31361025807e-09	-2.83746612695e-05
6.42062050257e-09	-4.02832956752e-05
6.52763074706e-09	-3.65697706002e-05
6.63464099156e-09	-2.18306522584e-05
6.74165123605e-09	-3.43163628713e-06
6.84866148055e-09	1.1671696484e-05
6.95567172504e-09	1.92612205865e-05
7.06268196954e-09	1.86722863873e-05
7.16969221403e-09	1.21561988635e-05
7.27670245853e-09	3.37245228366e-06
7.38371270302e-09	-4.22890752816e-06
7.49072294752e-09	-8.52586254041e-06
7.59773319201e-09	-9.07371577341e-06
7.7047434365e-09	-6.76880745232e-06
7.811753681e-09	-3.13922009809e-06
7.91876392549e-09	3.7075173509e-07
8.02577416999e-09	2.85464489025e-06
8.13278441448e-09	4.0430604713e-06
8.23979465898e-09	4.1251323637e-06
8.34680490347e-09	3.46095021087e-06
8.45381514797e-09	2.35514357882e-06
8.56082539246e-09	9.83832023849e-07
8.66783563696e-09	-5.3892864571e-07
8.77484588145e-09	-2.04325169761e-06
8.88185612595e-09	-3.24162692777e-06
8.98886637044e-09	-3.78239019483e-06
9.09587661493e-09	-3.39957432516e-06
9.20288685943e-09	-2.074878239e-06
9.30989710392e-09	-1.14117085559e-07
9.41690734842e-09	1.92179481928e-06
9.52391759291e-09	3.41125087289e-06
9.63092783741e-09	3.91324419979e-06
9.7379380819e-09	3.31432420353e-06
9.8449483264e-09	1.87156956599e-06
9.95195857089e-09	8.58072866095e-08
1.00589688154e-08	-1.50913024299e-06
1.01659790599e-08	-2.53501161751e-06
1.02729893044e-08	-2.86037266051e-06
1.03799995489e-08	-2.57013562077e-06
1.04870097934e-08	-1.85741714631e-06
1.05940200379e-08	-9.1136280389e-07
1.07010302824e-08	1.34772804472e-07
1.08080405268e-08	1.18141099392e-06
1.09150507713e-08	2.10257599065e-06
1.10220610158e-08	2.70878490483e-06
1.11290712603e-08	2.77991921394e-06
1.12360815048e-08	2.16604462366e-06
1.13430917493e-08	9.01021849131e-07
1.14501019938e-08	-7.40307655178e-07
1.15571122383e-08	-2.29453871725e-06
1.16641224828e-08	-3.26410690832e-06
1.17711327273e-08	-3.31119076691e-06
1.18781429718e-08	-2.40152485276e-06
1.19851532163e-08	-8.26477048577e-07
1.20921634608e-08	9.08977654035e-07
1.21991737053e-08	2.28077487918e-06
1.23061839498e-08	2.93411198982e-06
1.24131941943e-08	2.78445281765e-06
1.25202044388e-08	1.99762621378e-06
1.26272146833e-08	8.76798480931e-07
1.27342249278e-08	-2.74083731711e-07
1.28412351722e-08	-1.24289306314e-06
1.29482454167e-08	-1.92375523511e-06
1.30552556612e-08	-2.27168902711e-06
1.31622659057e-08	-2.24819677896e-06
1.32692761502e-08	-1.80718438969e-06
1.33762863947e-08	-9.36958031161e-07
1.34832966392e-08	2.70177253014e-07
1.35903068837e-08	1.57587749072e-06
1.36973171282e-08	2.62684875452e-06
1.38043273727e-08	3.06549213747e-06
1.39113376172e-08	2.67749373961e-06
1.40183478617e-08	1.5046578028e-06
1.41253581062e-08	-1.37661075428e-07
1.42323683507e-08	-1.75956051862e-06
1.43393785952e-08	-2.87145485345e-06
1.44463888397e-08	-3.16114073939e-06
1.45533990842e-08	-2.59533226199e-06
1.46604093287e-08	-1.40549639127e-06
1.47674195731e-08	2.35612418464e-08
1.48744298176e-08	1.30569173962e-06
1.49814400621e-08	2.17289675675e-06
1.50884503066e-08	2.51950291386e-06
1.51954605511e-08	2.37056997321e-06
1.53024707956e-08	1.81557811629e-06
1.54094810401e-08	9.5545556178e-07
1.55164912846e-08	-1.04517525301e-07
1.56235015291e-08	-1.22579217532e-06
1.57305117736e-08	-2.20811534746e-06
1.58375220181e-08	-2.8028377983e-06
1.59445322626e-08	-2.78266998066e-06
1.60515425071e-08	-2.04571915674e-06
1.61585527516e-08	-6.9802104008e-07
1.62655629961e-08	9.35815080538e-07
1.63725732406e-08	2.39778319155e-06
1.64795834851e-08	3.24910160998e-06
1.65865937296e-08	3.22970640809e-06
1.66936039741e-08	2.35310562857e-06
1.68006142185e-08	8.95899688658e-07
1.6907624463e-08	-7.1035202609e-07
1.70146347075e-08	-2.03466106541e-06
1.7121644952e-08	-2.78142056231e-06
1.72286551965e-08	-2.8523443234e-06
1.7335665441e-08	-2.32718571169e-06
1.74426756855e-08	-1.38968357533e-06
1.754968593e-08	-2.49549088949e-07
1.76566961745e-08	9.03012619347e-07
1.7763706419e-08	1.90103321529e-06
1.78707166635e-08	2.58423892774e-06
1.7977726908e-08	2.79847199636e-06
1.80847371525e-08	2.4307937565e-06
1.8191747397e-08	1.47203240886e-06
1.82987576415e-08	7.18076620387e-08
1.8405767886e-08	-1.45807632634e-06
1.85127781305e-08	-2.71168960353e-06
1.8619788375e-08	-3.31658702635e-06
1.87267986194e-08	-3.068275646e-06
1.88338088639e-08	-2.01568764169e-06
1.89408191084e-08	-4.52992935607e-07
1.90478293529e-08	1.17892636808e-06
1.91548395974e-08	2.44305988417e-06
1.92618498419e-08	3.04331410916e-06
1.93688600864e-08	2.89757508654e-06
1.94758703309e-08	2.12573104363e-06
1.95828805754e-08	9.73579631136e-07
1.96898908199e-08	-2.82380483441e-07
1.97969010644e-08	-1.4054995745e-06
1.99039113089e-08	-2.22495145863e-06
2.00109215534e-08	-2.62779440163e-06
2.01179317979e-08	-2.54472479355e-06
2.02249420424e-08	-1.95573466044e-06
2.03319522869e-08	-9.1895276455e-07
2.04389625314e-08	3.98356320375e-07
2.05459727759e-08	1.71959334239e-06
2.06529830204e-08	2.71067642643e-06
2.07599932648e-08	3.07762093144e-06
2.08670035093e-08	2.67526093012e-06
2.09740137538e-08	1.57737781592e-06
2.10810239983e-08	7.07302660885e-08
2.11880342428e-08	-1.43115437368e-06
2.12950444873e-08	-2.52346808338e-06
2.14020547318e-08	-2.93930634143e-06
2.15090649763e-08	-2.62278490482e-06
2.16160752208e-08	-1.72180864411e-06
2.17230854653e-08	-5.13122415668e-07
2.18300957098e-08	6.99172687746e-07
2.19371059543e-08	1.66846234606e-06
2.20441161988e-08	2.24514997171e-06
2.21511264433e-08	2.37176845985e-06
2.22581366878e-08	2.0571285404e-06
2.23651469323e-08	1.35659456646e-06
2.24721571768e-08	3.72077636257e-07
2.25791674213e-08	-7.36145807423e-07
2.26861776657e-08	-1.74914350737e-06
2.27931879102e-08	-2.42183227783e-06
2.29001981547e-08	-2.55007421401e-06
2.30072083992e-08	-2.04987782126e-06
2.31142186437e-08	-1.01101954897e-06
2.32212288882e-08	3.07176378556e-07
2.33282391327e-08	1.54685858433e-06
2.34352493772e-08	2.36626806327e-06
2.35422596217e-08	2.55249960901e-06
2.36492698662e-08	2.08775350075e-06
2.37562801107e-08	1.14151634989e-06
2.38632903552e-08	-6.16921624896e-10
2.39703005997e-08	-1.03935474272e-06
2.40773108442e-08	-1.7499291971e-06
2.41843210887e-08	-2.02595742849e-06
2.42913313332e-08	-1.87327668755e-06
2.43983415777e-08	-1.3724868495e-06
2.45053518222e-08	-6.38703511413e-07
2.46123620667e-08	2.01251538101e-07
2.47193723111e-08	1.01113096207e-06
2.48263825556e-08	1.64388904977e-06
2.49333928001e-08	1.95426287064e-06
2.50404030446e-08	1.83508018381e-06
2.51474132891e-08	1.26597888084e-06
