% time-domain current integration by openEMS v0.0.36-16-g7d7688a @Sat Jan  4 12:13:27 2025
% start-coordinates: (-0.00252587,-0.0210568,-2.6092e-05) m -> [36,47,22]
% stop-coordinates: (0.00179194,-0.0210568,2.2079e-05) m -> [42,47,23]
% t/s	current
3.07663528255e-14	0
1.0703614148e-10	2.64548805085e-09
2.14041516607e-10	3.99501631776e-09
3.21046891735e-10	3.92497279122e-09
4.28052266862e-10	1.02664843293e-09
5.35057641989e-10	-5.72310199232e-09
6.42063017116e-10	-1.57248702948e-08
7.49068392244e-10	-2.56153072087e-08
8.56073767371e-10	-2.86835746266e-08
9.63079142498e-10	-1.6681200421e-08
1.07008451763e-09	1.63246802742e-08
1.17708989275e-09	6.82900349602e-08
1.28409526788e-09	1.23793867601e-07
1.39110064301e-09	1.53017978732e-07
1.49810601813e-09	1.19007211197e-07
1.60511139326e-09	-5.52990897518e-09
1.71211676839e-09	-2.15434482698e-07
1.81912214352e-09	-4.54470665545e-07
1.92612751864e-09	-6.14238274466e-07
2.03313289377e-09	-5.62704997265e-07
2.1401382689e-09	-2.02159512241e-07
2.24714364403e-09	4.58940064618e-07
2.35414901915e-09	1.25432097775e-06
2.46115439428e-09	1.86631382348e-06
2.56815976941e-09	1.91603294297e-06
2.67516514453e-09	1.12612076464e-06
2.78217051966e-09	-4.9800769375e-07
2.88917589479e-09	-2.55646114056e-06
2.99618126992e-09	-4.29694955528e-06
3.10318664504e-09	-4.84568818138e-06
3.21019202017e-09	-3.57528392669e-06
3.3171973953e-09	-4.70865671787e-07
3.42420277042e-09	3.68600603906e-06
3.53120814555e-09	7.45526494939e-06
3.63821352068e-09	9.21481569094e-06
3.74521889581e-09	7.82945789979e-06
3.85222427093e-09	3.24071402247e-06
3.95922964606e-09	-3.31146702592e-06
4.06623502119e-09	-9.60101988312e-06
4.17324039632e-09	-1.32043587655e-05
4.28024577144e-09	-1.24762218547e-05
4.38725114657e-09	-7.30165220375e-06
4.4942565217e-09	7.29367911845e-07
4.60126189682e-09	8.84733708517e-06
4.70826727195e-09	1.41456866913e-05
4.81527264708e-09	1.47168166222e-05
4.92227802221e-09	1.04016435216e-05
5.02928339733e-09	2.83334043161e-06
5.13628877246e-09	-5.23690641785e-06
5.24329414759e-09	-1.10334240162e-05
5.35029952272e-09	-1.27993471324e-05
5.45730489784e-09	-1.0365351045e-05
5.56431027297e-09	-5.04897616338e-06
5.6713156481e-09	1.00988188478e-06
5.77832102322e-09	5.74480736759e-06
5.88532639835e-09	7.89855130279e-06
5.99233177348e-09	7.32695389161e-06
6.09933714861e-09	4.8217884796e-06
6.20634252373e-09	1.61460479831e-06
6.31334789886e-09	-1.17140098155e-06
6.42035327399e-09	-2.88612159238e-06
6.52735864911e-09	-3.42927978636e-06
6.63436402424e-09	-3.08604307975e-06
6.74136939937e-09	-2.26478277909e-06
6.8483747745e-09	-1.28786427922e-06
6.95538014962e-09	-3.18759362017e-07
7.06238552475e-09	5.84491658628e-07
7.16939089988e-09	1.36595144795e-06
7.27639627501e-09	1.90621426555e-06
7.38340165013e-09	2.04176558327e-06
7.49040702526e-09	1.65523420037e-06
7.59741240039e-09	7.76289482474e-07
7.70441777551e-09	-3.74526052838e-07
7.81142315064e-09	-1.43577267409e-06
7.91842852577e-09	-2.03486297323e-06
8.0254339009e-09	-1.94112294594e-06
8.13243927602e-09	-1.17143929401e-06
8.23944465115e-09	2.18989271161e-09
8.34645002628e-09	1.15043280857e-06
8.45345540141e-09	1.85096007499e-06
8.56046077653e-09	1.85201872682e-06
8.66746615166e-09	1.16886121759e-06
8.77447152679e-09	7.47704973492e-08
8.88147690191e-09	-1.00809131709e-06
8.98848227704e-09	-1.67327937106e-06
9.09548765217e-09	-1.68450856108e-06
9.2024930273e-09	-1.06063612293e-06
9.30949840242e-09	-6.02979923769e-08
9.41650377755e-09	9.2440905064e-07
9.52350915268e-09	1.52147197241e-06
9.63051452781e-09	1.5203414705e-06
9.73751990293e-09	9.43425447986e-07
9.84452527806e-09	3.13040651179e-08
9.95153065319e-09	-8.57212796745e-07
1.00585360283e-08	-1.38604355016e-06
1.01655414034e-08	-1.36835978992e-06
1.02725467786e-08	-8.3192890088e-07
1.03795521537e-08	-1.58010493578e-10
1.04865575288e-08	8.00079646979e-07
1.0593562904e-08	1.26637269204e-06
1.07005682791e-08	1.23461927615e-06
1.08075736542e-08	7.36034621696e-07
1.09145790293e-08	-2.22951115347e-08
1.10215844045e-08	-7.42712302326e-07
1.11285897796e-08	-1.15341970286e-06
1.12355951547e-08	-1.1105341855e-06
1.13426005298e-08	-6.47805563858e-07
1.1449605905e-08	4.31039310911e-08
1.15566112801e-08	6.91325226398e-07
1.16636166552e-08	1.0525907328e-06
1.17706220304e-08	1.00088573163e-06
1.18776274055e-08	5.71688076434e-07
1.19846327806e-08	-5.76734358049e-08
1.20916381557e-08	-6.40796201878e-07
1.21986435309e-08	-9.5824964319e-07
1.2305648906e-08	-8.99839733393e-07
1.24126542811e-08	-5.02152261106e-07
1.25196596562e-08	7.08960286033e-08
1.26266650314e-08	5.95166966377e-07
1.27336704065e-08	8.73636395227e-07
1.28406757816e-08	8.10109156646e-07
1.29476811567e-08	4.41843894805e-07
1.30546865319e-08	-7.9736373948e-08
1.3161691907e-08	-5.50885715711e-07
1.32686972821e-08	-7.94838570073e-07
1.33757026573e-08	-7.2780096616e-07
1.34827080324e-08	-3.87157001569e-07
1.35897134075e-08	8.73543655189e-08
1.36967187826e-08	5.10587938152e-07
1.38037241578e-08	7.23957953142e-07
1.39107295329e-08	6.54580276205e-07
1.4017734908e-08	3.39640479297e-07
1.41247402831e-08	-9.19546607747e-08
1.42317456583e-08	-4.7200015274e-07
1.43387510334e-08	-6.58310682411e-07
1.44457564085e-08	-5.87659087614e-07
1.45527617837e-08	-2.96731059279e-07
1.46597671588e-08	9.56438199751e-08
1.47667725339e-08	4.36704198137e-07
1.4873777909e-08	5.99043744387e-07
1.49807832842e-08	5.27953773144e-07
1.50877886593e-08	2.59383597268e-07
1.51947940344e-08	-9.71977485165e-08
1.53017994095e-08	-4.03151034334e-07
1.54088047847e-08	-5.44364013422e-07
1.55158101598e-08	-4.73613766871e-07
1.56228155349e-08	-2.2587391868e-07
1.57298209101e-08	9.80697691944e-08
1.58368262852e-08	3.72405281723e-07
1.59438316603e-08	4.94958612762e-07
1.60508370354e-08	4.25073267252e-07
1.61578424106e-08	1.96658234586e-07
1.62648477857e-08	-9.75407701276e-08
1.63718531608e-08	-3.43393026014e-07
1.64788585359e-08	-4.49497491672e-07
1.65858639111e-08	-3.80977155601e-07
1.66928692862e-08	-1.70545561673e-07
1.67998746613e-08	9.65149240528e-08
1.69068800365e-08	3.16719649618e-07
1.70138854116e-08	4.08338337365e-07
1.71208907867e-08	3.4156005313e-07
1.72278961618e-08	1.47806289874e-07
1.7334901537e-08	-9.45444540434e-08
1.74419069121e-08	-2.91699336685e-07
1.75489122872e-08	-3.70599309463e-07
1.76559176623e-08	-3.05865341943e-07
1.77629230375e-08	-1.27569791175e-07
1.78699284126e-08	9.22853899965e-08
1.79769337877e-08	2.68694520855e-07
1.80839391629e-08	3.36406998258e-07
1.8190944538e-08	2.73914935178e-07
1.82979499131e-08	1.09935328396e-07
1.84049552882e-08	-8.9425803651e-08
1.85119606634e-08	-2.47186619617e-07
1.86189660385e-08	-3.05099092657e-07
1.87259714136e-08	-2.45037085733e-07
1.88329767887e-08	-9.43223028571e-08
1.89399821639e-08	8.63902656079e-08
1.9046987539e-08	2.27396810715e-07
1.91539929141e-08	2.76731213944e-07
1.92609982893e-08	2.19203798224e-07
1.93680036644e-08	8.0743852493e-08
1.94750090395e-08	-8.30128144003e-08
1.95820144146e-08	-2.08977766647e-07
1.96890197898e-08	-2.5081504873e-07
1.97960251649e-08	-1.95890251575e-07
1.990303054e-08	-6.87586734216e-08
2.00100359151e-08	7.95767647332e-08
2.01170412903e-08	1.92025723322e-07
2.02240466654e-08	2.27315865686e-07
2.03310520405e-08	1.75023757265e-07
2.04380574157e-08	5.83559227607e-08
2.05450627908e-08	-7.5954744716e-08
2.06520681659e-08	-1.76283222686e-07
2.0759073541e-08	-2.05877014992e-07
2.08660789162e-08	-1.56234520432e-07
2.09730842913e-08	-4.92264646823e-08
2.10800896664e-08	7.23466655472e-08
2.11870950415e-08	1.61806980259e-07
2.12941004167e-08	1.86453306128e-07
2.14011057918e-08	1.39423789847e-07
2.15081111669e-08	4.13179961356e-08
2.16151165421e-08	-6.86867949184e-08
2.17221219172e-08	-1.48402079958e-07
2.18291272923e-08	-1.68752237073e-07
2.19361326674e-08	-1.2430128038e-07
2.20431380426e-08	-3.44048558532e-08
2.21501434177e-08	6.50908305033e-08
2.22571487928e-08	1.36072060286e-07
2.23641541679e-08	1.52707613665e-07
2.24711595431e-08	1.10779637907e-07
2.25781649182e-08	2.84446137755e-08
2.26851702933e-08	-6.15132762505e-08
2.27921756685e-08	-1.24676191149e-07
2.28991810436e-08	-1.38114060633e-07
2.30061864187e-08	-9.86410881865e-08
2.31131917938e-08	-2.32627357377e-08
2.3220197169e-08	5.8044822282e-08
2.33272025441e-08	1.14208162927e-07
2.34342079192e-08	1.24889567132e-07
2.35412132943e-08	8.77862902371e-08
2.36482186695e-08	1.88102475818e-08
2.37552240446e-08	-5.46470708684e-08
2.38622294197e-08	-1.04548220747e-07
2.39692347949e-08	-1.12869649627e-07
2.407624017e-08	-7.80546258738e-08
2.41832455451e-08	-1.49662771065e-08
2.42902509202e-08	5.1373238108e-08
2.43972562954e-08	9.56775849659e-08
2.45042616705e-08	1.01984213075e-07
2.46112670456e-08	6.93637360882e-08
2.47182724207e-08	1.16839640185e-08
2.48252777959e-08	-4.82075002139e-08
2.4932283171e-08	-8.75097043718e-08
2.50392885461e-08	-9.21030860468e-08
2.51462939213e-08	-6.15804012227e-08
2.52532992964e-08	-8.86860718197e-09
2.53603046715e-08	4.51809896163e-08
2.54673100466e-08	8.00138053592e-08
2.55743154218e-08	8.3156479036e-08
2.56813207969e-08	5.4633613189e-08
2.5788326172e-08	6.48443077012e-09
2.58953315471e-08	-4.22736938788e-08
2.60023369223e-08	-7.31189118142e-08
2.61093422974e-08	-7.50414486106e-08
2.62163476725e-08	-4.8421849641e-08
2.63233530477e-08	-4.45986447772e-09
2.64303584228e-08	3.95059664982e-08
2.65373637979e-08	6.6797177567e-08
2.6644369173e-08	6.76989770909e-08
2.67513745482e-08	4.2885474727e-08
2.68583799233e-08	2.75778844205e-09
2.69653852984e-08	-3.6872588538e-08
2.70723906735e-08	-6.09917947259e-08
2.71793960487e-08	-6.10460801909e-08
2.72864014238e-08	-3.79405875606e-08
2.73934067989e-08	-1.33125099833e-09
2.75004121741e-08	3.4375400304e-08
2.76074175492e-08	5.56706929444e-08
2.77144229243e-08	5.50277796663e-08
2.78214282994e-08	3.35364127579e-08
2.79284336746e-08	1.50361501028e-10
2.80354390497e-08	-3.20092539141e-08
2.81424444248e-08	-5.07906463554e-08
2.82494497999e-08	-4.95808265555e-08
2.83564551751e-08	-2.96112041553e-08
2.84634605502e-08	8.25575052765e-10
2.85704659253e-08	2.97794056081e-08
