% time-domain voltage integration by openEMS v0.0.36-16-g7d7688a @Sat Jan  4 12:13:27 2025
% start-coordinates: (0,-0.0218571,2.2079e-05) m -> [39,44,23]
% stop-coordinates: (0,-0.0201207,2.2079e-05) m -> [39,50,23]
% t/s	voltage
0	-0
1.07005375127e-10	3.05507668941e-07
2.14010750254e-10	4.51732915963e-07
3.21016125382e-10	5.52597796855e-07
4.28021500509e-10	3.62155574862e-07
5.35026875636e-10	-2.62959918729e-07
6.42032250763e-10	-1.34244797323e-06
7.49037625891e-10	-2.55248788505e-06
8.56043001018e-10	-3.38761670093e-06
9.63048376145e-10	-2.90176657813e-06
1.07005375127e-09	-1.34818840536e-07
1.1770591264e-09	5.09427724182e-06
1.28406450153e-09	1.16974777029e-05
1.39106987665e-09	1.69428009258e-05
1.49807525178e-09	1.68454610048e-05
1.60508062691e-09	7.61208258382e-06
1.71208600204e-09	-1.20864261817e-05
1.81909137716e-09	-3.86010854072e-05
1.92609675229e-09	-6.24229382993e-05
2.03310212742e-09	-6.95365165484e-05
2.14010750254e-09	-4.68155335511e-05
2.24711287767e-09	1.08763090338e-05
2.3541182528e-09	9.34576160034e-05
2.46112362793e-09	0.000173655160324
2.56812900305e-09	0.000212341632505
2.67513437818e-09	0.000173090965291
2.78213975331e-09	4.11061857903e-05
2.88914512844e-09	-0.00016059848258
2.99615050356e-09	-0.000367892462236
3.10315587869e-09	-0.000491100916406
3.21016125382e-09	-0.000448617538495
3.31716662894e-09	-0.00020752099681
3.42417200407e-09	0.000186421611943
3.5311773792e-09	0.000607358007983
3.63818275433e-09	0.000884874480107
3.74518812945e-09	0.000869507719472
3.85219350458e-09	0.000504069914314
3.95919887971e-09	-0.000130760185129
4.06620425484e-09	-0.000823968231998
4.17320962996e-09	-0.00130142177659
4.28021500509e-09	-0.00133378624014
4.38722038022e-09	-0.000842692723381
4.49422575534e-09	4.25502084909e-05
4.60123113047e-09	0.00101093058038
4.7082365056e-09	0.00167816029716
4.81524188073e-09	0.00174061514554
4.92224725585e-09	0.00111261654092
5.02925263098e-09	-1.46887759911e-05
5.13625800611e-09	-0.00122658390319
5.24326338124e-09	-0.00203792701359
5.35026875636e-09	-0.00208936532727
5.45727413149e-09	-0.0013061521604
5.56427950662e-09	5.06826945639e-05
5.67128488174e-09	0.00147008735803
5.77829025687e-09	0.0023859427456
5.885295632e-09	0.00240582470724
5.99230100713e-09	0.0014794740564
6.09930638225e-09	-6.58131248201e-05
6.20631175738e-09	-0.00164309713
6.31331713251e-09	-0.00263365986757
6.42032250763e-09	-0.00263443379663
6.52732788276e-09	-0.00162406556774
6.63433325789e-09	2.17002361751e-05
6.74133863302e-09	0.00167378847254
6.84834400814e-09	0.00269608541566
6.95534938327e-09	0.00269562487665
7.0623547584e-09	0.00167638667335
7.16936013353e-09	3.57768631147e-05
7.27636550865e-09	-0.00159350303875
7.38337088378e-09	-0.00259180324792
7.49037625891e-09	-0.00259193670354
7.59738163403e-09	-0.00161593461962
7.70438700916e-09	-5.80960486332e-05
7.81139238429e-09	0.00147542836203
7.91839775942e-09	0.00240440141351
8.02540313454e-09	0.0023956294317
8.13240850967e-09	0.00148276536493
8.2394138848e-09	4.18987160629e-05
8.34641925993e-09	-0.00136293072865
8.45342463505e-09	-0.00220079612336
8.56043001018e-09	-0.00217470507778
8.66743538531e-09	-0.00132623204263
8.77444076043e-09	-7.49945957068e-06
8.88144613556e-09	0.00126395697589
8.98845151069e-09	0.00200787080394
9.09545688582e-09	0.00196220050566
9.20246226094e-09	0.00117435573338
9.30946763607e-09	-2.85199957943e-05
9.4164730112e-09	-0.00117435443099
9.52347838633e-09	-0.00183077726979
9.63048376145e-09	-0.00176752309198
9.73748913658e-09	-0.00103629456862
9.84449451171e-09	5.99204186074e-05
9.95149988683e-09	0.00109134776721
1.0058505262e-08	0.00166927666578
1.01655106371e-08	0.00159186260134
1.02725160122e-08	0.000913711126486
1.03795213873e-08	-8.48575847385e-05
1.04865267625e-08	-0.00101273522159
1.05935321376e-08	-0.00152057679225
1.07005375127e-08	-0.00143182637112
1.08075428879e-08	-0.000803113336588
1.0914548263e-08	0.000106294194211
1.10215536381e-08	0.000940631616686
1.11285590132e-08	0.00138631499431
1.12355643884e-08	0.00128923844022
1.13425697635e-08	0.000707135546691
1.14495751386e-08	-0.000120540658259
1.15565805137e-08	-0.000870369185577
1.16635858889e-08	-0.00126089232072
1.1770591264e-08	-0.00115777386964
1.18775966391e-08	-0.000619097103481
1.19846020143e-08	0.000134054346745
1.20916073894e-08	0.000807764379715
1.21986127645e-08	0.00114952374133
1.23056181396e-08	0.00104245663533
1.24126235148e-08	0.000544422870007
1.25196288899e-08	-0.000140618828482
1.2626634265e-08	-0.000745586250559
1.27336396401e-08	-0.00104404711601
1.28406450153e-08	-0.000934553238039
1.29476503904e-08	-0.000474344426038
1.30546557655e-08	0.000148515267028
1.31616611407e-08	0.000691501511028
1.32686665158e-08	0.000951732108661
1.33756718909e-08	0.000841380217025
1.3482677266e-08	0.000416549148213
1.35896826412e-08	-0.000149516210513
1.36966880163e-08	-0.000636659588054
1.38036933914e-08	-0.000863104378368
1.39106987665e-08	-0.000752971409383
1.40177041417e-08	-0.000360963314961
1.41247095168e-08	0.000153373130161
1.42317148919e-08	0.000590233667026
1.43387202671e-08	0.000786874068581
1.44457256422e-08	0.000677938176523
1.45527310173e-08	0.000316498702887
1.46597363924e-08	-0.00015061664908
1.47667417676e-08	-0.000542139139725
1.48737471427e-08	-0.000712446653779
1.49807525178e-08	-0.000605449149589
1.50877578929e-08	-0.000272399018286
1.51947632681e-08	0.000151673422806
1.53017686432e-08	0.000502413589857
1.54087740183e-08	0.00064959888914
1.55157793935e-08	0.000545223592781
1.56227847686e-08	0.000238546008404
1.57297901437e-08	-0.000146324581692
1.58367955188e-08	-0.000460378643766
1.5943800894e-08	-0.000587193910178
1.60508062691e-08	-0.000485861422931
1.61578116442e-08	-0.000203587325814
1.62648170193e-08	0.000145585109749
1.63718223945e-08	0.000426631182563
1.64788277696e-08	0.000535555995157
1.65858331447e-08	0.000437664475612
1.66928385199e-08	0.000178045512257
1.6799843895e-08	-0.000138597071782
1.69068492701e-08	-0.000389954326238
1.70138546452e-08	-0.000483187195641
1.71208600204e-08	-0.000389009112041
1.72278653955e-08	-0.000150348819261
1.73348707706e-08	0.000136706222293
1.74418761457e-08	0.000361413209248
1.75488815209e-08	0.000440921967311
1.7655886896e-08	0.000350657970557
1.77628922711e-08	0.000131381142182
1.78698976463e-08	-0.000128763701468
1.79769030214e-08	-0.000329515609337
1.80839083965e-08	-0.000396998078941
1.81909137716e-08	-0.00031074114122
1.82979191468e-08	-0.000109378212983
1.84049245219e-08	0.000126280302538
1.8511929897e-08	0.000305521944028
1.86189352721e-08	0.000362523234799
1.87259406473e-08	0.00028036448748
1.88329460224e-08	9.55634081947e-05
1.89399513975e-08	-0.000117833693366
1.90469567727e-08	-0.000277776529401
1.91539621478e-08	-0.000325649654769
1.92609675229e-08	-0.000247594860411
1.9367972898e-08	-7.80653731454e-05
1.94749782732e-08	0.000115114844448
1.95819836483e-08	0.00025775514041
1.96889890234e-08	0.000297687705825
1.97959943985e-08	0.000223712011575
1.99029997737e-08	6.82707831174e-05
2.00100051488e-08	-0.000106537292595
2.01170105239e-08	-0.000233650798691
2.0224015899e-08	-0.000266686207397
2.03310212742e-08	-0.00019673159386
2.04380266493e-08	-5.42817192581e-05
2.05450320244e-08	0.000103836002381
2.06520373996e-08	0.000217045702811
2.07590427747e-08	0.000244126817051
2.08660481498e-08	0.000178117469659
2.09730535249e-08	4.76363432824e-05
2.10800589001e-08	-9.53416215452e-05
2.11870642752e-08	-0.000196097583284
2.12940696503e-08	-0.000218033000237
2.14010750254e-08	-0.000155854897457
2.15080804006e-08	-3.63857612911e-05
2.16150857757e-08	9.28532581383e-05
2.17220911508e-08	0.000182459362804
2.1829096526e-08	0.000199964286367
2.19361019011e-08	0.000141501063808
2.20431072762e-08	3.21689902876e-05
2.21501126513e-08	-8.46003977131e-05
2.22571180265e-08	-0.000164226868947
2.23641234016e-08	-0.000177933121449
2.24711287767e-08	-0.000123055626318
2.25781341518e-08	-2.30471955547e-05
2.2685139527e-08	8.24211574582e-05
2.27921449021e-08	0.000153130240506
2.28991502772e-08	0.000163594108926
2.30061556524e-08	0.00011215953964
2.31131610275e-08	2.07153825045e-05
2.32201664026e-08	-7.45093875594e-05
2.33271717777e-08	-0.000137248342071
2.34341771529e-08	-0.000144946644468
2.3541182528e-08	-9.68023564383e-05
2.36481879031e-08	-1.32266219453e-05
2.37551932782e-08	7.27153287698e-05
2.38621986534e-08	0.00012833117853
2.39692040285e-08	0.000133687744892
2.40762094036e-08	8.86893394636e-05
2.41832147788e-08	1.23397198308e-05
2.42902201539e-08	-6.51921818644e-05
2.4397225529e-08	-0.000114451824629
2.45042309041e-08	-0.000117838299957
2.46112362793e-08	-7.58313885854e-05
2.47182416544e-08	-6.11059248712e-06
2.48252470295e-08	6.38108472231e-05
2.49322524046e-08	0.000107401824607
2.50392577798e-08	0.000109137346499
2.51462631549e-08	6.99663560226e-05
2.525326853e-08	6.32372569953e-06
2.53602739052e-08	-5.67065249015e-05
2.54672792803e-08	-9.52402806433e-05
2.55742846554e-08	-9.55997234087e-05
2.56812900305e-08	-5.91172961322e-05
2.57882954057e-08	-1.04966807157e-06
2.58953007808e-08	5.57474349989e-05
2.60023061559e-08	8.97759791769e-05
2.6109311531e-08	8.90054448064e-05
2.62163169062e-08	5.50643337647e-05
2.63233222813e-08	2.10191575434e-06
2.64303276564e-08	-4.90559330046e-05
2.65373330316e-08	-7.90768144725e-05
2.66443384067e-08	-7.73814981585e-05
2.67513437818e-08	-4.58339516172e-05
2.68583491569e-08	2.4515873136e-06
2.69653545321e-08	4.85137748001e-05
2.70723599072e-08	7.49656683183e-05
2.71793652823e-08	7.25253967175e-05
2.72863706574e-08	4.32311260283e-05
2.73933760326e-08	-7.72209176603e-07
2.75003814077e-08	-4.22262085067e-05
2.76073867828e-08	-6.55055914649e-05
2.7714392158e-08	-6.24763865744e-05
2.78213975331e-08	-3.53002938027e-05
2.79284029082e-08	4.78467504195e-06
2.80354082833e-08	4.20797480274e-05
2.81424136585e-08	6.254001255e-05
2.82494190336e-08	5.90543027101e-05
2.83564244087e-08	3.3864450188e-05
2.84634297838e-08	-2.6391427923e-06
2.8570435159e-08	-3.61750289812e-05
