% time-domain current integration by openEMS v0.0.36-15-g1ccf094 @Fri Aug 30 13:01:59 2024
% start-coordinates: (-0.0005,0.03,0.001125) m -> [36,31,24]
% stop-coordinates: (0.001,0.03,0.0015) m -> [39,31,25]
% t/s	current
4.42733703151e-13	0
3.58614299552e-11	-1.11468945185e-09
7.12801262073e-11	-1.67074531987e-09
1.06698822459e-10	-1.82105219793e-09
1.42117518711e-10	-5.89646054205e-10
1.77536214964e-10	2.63249133603e-09
2.12954911216e-10	8.15718514957e-09
2.48373607468e-10	1.43692266974e-08
2.8379230372e-10	1.8344703534e-08
3.19210999972e-10	1.50779868591e-08
3.54629696224e-10	-5.23996901425e-10
3.90048392476e-10	-3.06465466338e-08
4.25467088728e-10	-7.10458891717e-08
4.6088578498e-10	-1.07692436302e-07
4.96304481232e-10	-1.17243267539e-07
5.31723177484e-10	-7.32440170736e-08
5.67141873736e-10	4.1115168159e-08
6.02560569988e-10	2.17484085852e-07
6.3797926624e-10	4.09649885569e-07
6.73397962493e-10	5.34153059562e-07
7.08816658745e-10	4.9092949439e-07
7.44235354997e-10	2.04534316595e-07
7.79654051249e-10	-3.25499200926e-07
8.15072747501e-10	-9.86308009487e-07
8.50491443753e-10	-1.55206646468e-06
8.85910140005e-10	-1.73922751401e-06
9.21328836257e-10	-1.31351271193e-06
9.56747532509e-10	-2.15318578967e-07
9.92166228761e-10	1.35034179038e-06
1.02758492501e-09	2.91470450975e-06
1.06300362127e-09	3.86664760299e-06
1.09842231752e-09	3.67333541362e-06
1.13384101377e-09	2.12576424019e-06
1.16925971002e-09	-4.96807672334e-07
1.20467840627e-09	-3.43650731338e-06
1.24009710253e-09	-5.67304687138e-06
1.27551579878e-09	-6.29013038633e-06
1.31093449503e-09	-4.85739838041e-06
1.34635319128e-09	-1.6647073835e-06
1.38177188753e-09	2.31079275181e-06
1.41719058379e-09	5.72068620386e-06
1.45260928004e-09	7.33851811674e-06
1.48802797629e-09	6.53773895465e-06
1.52344667254e-09	3.55628253601e-06
1.55886536879e-09	-5.70122779209e-07
1.59428406505e-09	-4.3880895646e-06
1.6297027613e-09	-6.57105829305e-06
1.66512145755e-09	-6.41070300844e-06
1.7005401538e-09	-4.06203116654e-06
1.73595885005e-09	-4.53408546264e-07
1.77137754631e-09	3.08913786284e-06
1.80679624256e-09	5.34368064109e-06
1.84221493881e-09	5.62160266782e-06
1.87763363506e-09	3.96947507397e-06
1.91305233132e-09	1.08998381165e-06
1.94847102757e-09	-1.9611238713e-06
1.98388972382e-09	-4.16846933149e-06
2.01930842007e-09	-4.89156354888e-06
2.05472711632e-09	-4.03273315897e-06
2.09014581258e-09	-2.00478439183e-06
2.12556450883e-09	4.61672186702e-07
2.16098320508e-09	2.58442491941e-06
2.19640190133e-09	3.77385822503e-06
2.23182059758e-09	3.78340996576e-06
2.26723929384e-09	2.73654222838e-06
2.30265799009e-09	1.04236426068e-06
2.33807668634e-09	-7.57755628911e-07
2.37349538259e-09	-2.158691359e-06
2.40891407884e-09	-2.82632026938e-06
2.4443327751e-09	-2.66688016382e-06
2.47975147135e-09	-1.82180747288e-06
2.5151701676e-09	-5.99472400609e-07
2.55058886385e-09	6.29209353065e-07
2.5860075601e-09	1.53850339757e-06
2.62142625636e-09	1.92943934962e-06
2.65684495261e-09	1.76654327788e-06
2.69226364886e-09	1.1657059531e-06
2.72768234511e-09	3.42859863167e-07
2.76310104136e-09	-4.57040016499e-07
2.79851973762e-09	-1.02882609099e-06
2.83393843387e-09	-1.25551571273e-06
2.86935713012e-09	-1.12642555905e-06
2.90477582637e-09	-7.24793324025e-07
2.94019452263e-09	-1.9183215727e-07
2.97561321888e-09	3.1666033351e-07
3.01103191513e-09	6.73374358939e-07
3.04645061138e-09	8.07409207937e-07
3.08186930763e-09	7.14647057976e-07
3.11728800389e-09	4.49322953955e-07
3.15270670014e-09	1.02670114188e-07
3.18812539639e-09	-2.25308966151e-07
3.22354409264e-09	-4.52412365348e-07
3.25896278889e-09	-5.32984756774e-07
3.29438148515e-09	-4.650323433e-07
3.3298001814e-09	-2.85226974484e-07
3.36521887765e-09	-5.46464633544e-08
3.4006375739e-09	1.60148047712e-07
3.43605627015e-09	3.05112365595e-07
3.47147496641e-09	3.51293465428e-07
3.50689366266e-09	2.99250274338e-07
3.54231235891e-09	1.75140996816e-07
3.57773105516e-09	2.06344576981e-08
3.61314975141e-09	-1.20044205687e-07
3.64856844767e-09	-2.12024033885e-07
3.68398714392e-09	-2.37678534631e-07
3.71940584017e-09	-1.98955774522e-07
3.75482453642e-09	-1.14229401049e-07
3.79024323267e-09	-1.14401439433e-08
3.82566192893e-09	8.05186246566e-08
3.86108062518e-09	1.39307687164e-07
3.89649932143e-09	1.5409450782e-07
3.93191801768e-09	1.26760198782e-07
3.96733671394e-09	6.97625353041e-08
4.00275541019e-09	1.54659218765e-09
4.03817410644e-09	-5.89757789271e-08
4.07359280269e-09	-9.72699680801e-08
4.10901149894e-09	-1.06390515953e-07
4.1444301952e-09	-8.77318058201e-08
4.17984889145e-09	-4.96345862189e-08
4.2152675877e-09	-4.3243111314e-09
4.25068628395e-09	3.57072273971e-08
4.2861049802e-09	6.09114962913e-08
4.32152367646e-09	6.67484982841e-08
4.35694237271e-09	5.42529896563e-08
4.39236106896e-09	2.89878130388e-08
4.42777976521e-09	-9.34914368145e-10
4.46319846146e-09	-2.72664539835e-08
4.49861715772e-09	-4.37693223887e-08
4.53403585397e-09	-4.75369859032e-08
4.56945455022e-09	-3.92858510168e-08
4.60487324647e-09	-2.27541203657e-08
4.64029194272e-09	-3.23774096422e-09
4.67571063898e-09	1.38675870787e-08
4.71112933523e-09	2.45468427806e-08
4.74654803148e-09	2.69313638057e-08
4.78196672773e-09	2.15439310836e-08
4.81738542398e-09	1.08216386963e-08
4.85280412024e-09	-1.78069314849e-09
4.88822281649e-09	-1.27669439465e-08
4.92364151274e-09	-1.95841298734e-08
4.95906020899e-09	-2.10271995371e-08
4.99447890525e-09	-1.74843162171e-08
5.0298976015e-09	-1.05395230321e-08
5.06531629775e-09	-2.4373429941e-09
5.100734994e-09	4.57388749098e-09
5.13615369025e-09	8.84626683018e-09
5.17157238651e-09	9.66297264426e-09
5.20699108276e-09	7.28147631079e-09
5.24240977901e-09	2.76033795821e-09
5.27782847526e-09	-2.43514874931e-09
5.31324717151e-09	-6.88446855079e-09
5.34866586777e-09	-9.51664880233e-09
5.38408456402e-09	-9.92040405379e-09
5.41950326027e-09	-8.28508639472e-09
5.45492195652e-09	-5.31355803801e-09
5.49034065277e-09	-1.96378513451e-09
5.52575934903e-09	8.42652891908e-10
5.56117804528e-09	2.44696796159e-09
5.59659674153e-09	2.58934984565e-09
5.63201543778e-09	1.43932621377e-09
5.66743413403e-09	-5.35955058112e-10
5.70285283029e-09	-2.71592837109e-09
5.73827152654e-09	-4.49556658566e-09
5.77369022279e-09	-5.46691536485e-09
5.80910891904e-09	-5.48039436055e-09
5.8445276153e-09	-4.65902205704e-09
5.87994631155e-09	-3.32318217389e-09
5.9153650078e-09	-1.89623516889e-09
5.95078370405e-09	-7.47677253443e-10
5.9862024003e-09	-1.50758350248e-10
6.02162109656e-09	-1.893105811e-10
6.05703979281e-09	-7.67779895217e-10
6.09245848906e-09	-1.67712543853e-09
6.12787718531e-09	-2.63499444486e-09
6.16329588156e-09	-3.38414385403e-09
6.19871457782e-09	-3.75878350667e-09
6.23413327407e-09	-3.70316866061e-09
6.26955197032e-09	-3.29961213907e-09
6.30497066657e-09	-2.6821256327e-09
6.34038936282e-09	-2.04242556201e-09
6.37580805908e-09	-1.5468916148e-09
6.41122675533e-09	-1.31104482826e-09
6.44664545158e-09	-1.35385769262e-09
6.48206414783e-09	-1.62797053616e-09
6.51748284408e-09	-2.04962891104e-09
6.55290154034e-09	-2.47763920491e-09
6.58832023659e-09	-2.8051108103e-09
6.62373893284e-09	-2.96561708524e-09
6.65915762909e-09	-2.93033575183e-09
6.69457632534e-09	-2.74618106033e-09
6.7299950216e-09	-2.46461873132e-09
6.76541371785e-09	-2.18064633017e-09
6.8008324141e-09	-1.95694549454e-09
6.83625111035e-09	-1.85860571378e-09
6.87166980661e-09	-1.88082771579e-09
6.90708850286e-09	-1.99972927106e-09
6.94250719911e-09	-2.17775153466e-09
6.97792589536e-09	-2.36743358251e-09
7.01334459161e-09	-2.51613552216e-09
7.04876328787e-09	-2.57988475028e-09
7.08418198412e-09	-2.57156962391e-09
7.11960068037e-09	-2.48890152932e-09
7.15501937662e-09	-2.37329600417e-09
7.19043807287e-09	-2.25678187249e-09
7.22585676913e-09	-2.1620794044e-09
7.26127546538e-09	-2.11357842339e-09
7.29669416163e-09	-2.11887285495e-09
7.33211285788e-09	-2.17178586226e-09
7.36753155413e-09	-2.24940643889e-09
7.40295025039e-09	-2.32643615483e-09
7.43836894664e-09	-2.38507547046e-09
7.47378764289e-09	-2.40867148449e-09
7.50920633914e-09	-2.40527309181e-09
7.54462503539e-09	-2.3751773881e-09
7.58004373165e-09	-2.32420549473e-09
7.6154624279e-09	-2.2803892108e-09
7.65088112415e-09	-2.24181784247e-09
7.6862998204e-09	-2.22209561862e-09
7.72171851665e-09	-2.22663465443e-09
7.75713721291e-09	-2.25358798289e-09
7.79255590916e-09	-2.28113727907e-09
7.82797460541e-09	-2.30816521452e-09
7.86339330166e-09	-2.33264185745e-09
7.89881199792e-09	-2.34155139722e-09
7.93423069417e-09	-2.34007035971e-09
