% time-domain voltage integration by openEMS v0.0.36-16-g7d7688a @Sun Jan  5 00:23:24 2025
% start-coordinates: (0,-0.00911115,2.2079e-05) m -> [40,49,23]
% stop-coordinates: (0,-0.00687496,2.2079e-05) m -> [40,56,23]
% t/s	voltage
0	-0
1.07019167913e-10	3.49149203771e-07
2.14038335826e-10	4.68835334999e-07
3.21057503739e-10	3.5276181265e-07
4.28076671652e-10	-1.60895206491e-07
5.35095839565e-10	-1.09004712101e-06
6.42115007478e-10	-2.27133122621e-06
7.49134175391e-10	-3.14654494105e-06
8.56153343304e-10	-2.82788863615e-06
9.63172511217e-10	-4.07110917422e-07
1.07019167913e-09	4.46630946271e-06
1.17721084704e-09	1.08956348868e-05
1.28423001496e-09	1.62537967299e-05
1.39124918287e-09	1.6488426354e-05
1.49826835078e-09	7.49243656628e-06
1.6052875187e-09	-1.24105371242e-05
1.71230668661e-09	-3.97834278374e-05
1.81932585452e-09	-6.4590411057e-05
1.92634502243e-09	-7.17099683243e-05
2.03336419035e-09	-4.63114029117e-05
2.14038335826e-09	1.77062120201e-05
2.24740252617e-09	0.000109434758087
2.35442169409e-09	0.000197634335564
2.461440862e-09	0.000236829368077
2.56846002991e-09	0.000184057664228
2.67547919783e-09	2.21123355004e-05
2.78249836574e-09	-0.000220439998884
2.88951753365e-09	-0.000464492786705
2.99653670156e-09	-0.000599473569309
3.10355586948e-09	-0.000525320516317
3.21057503739e-09	-0.000203903480724
3.3175942053e-09	0.000303012780932
3.42461337322e-09	0.000832475911011
3.53163254113e-09	0.00116692276788
3.63865170904e-09	0.00111871960689
3.74567087696e-09	0.000621208026132
3.85269004487e-09	-0.000215776504774
3.95970921278e-09	-0.0011194946419
4.06672838069e-09	-0.00174366844294
4.17374754861e-09	-0.00180502503645
4.28076671652e-09	-0.00121154646331
4.38778588443e-09	-0.000123150661238
4.49480505235e-09	0.00109008933941
4.60182422026e-09	0.00198325922247
4.70884338817e-09	0.00221290680929
4.81586255609e-09	0.00167955759389
4.922881724e-09	0.000573124081711
5.02990089191e-09	-0.000700776727172
5.13692005982e-09	-0.00168301229132
5.24393922774e-09	-0.00204191275407
5.35095839565e-09	-0.00169603528047
5.45797756356e-09	-0.000829493554193
5.56499673148e-09	0.000200511181902
5.67201589939e-09	0.00101765121508
5.7790350673e-09	0.00137259341136
5.88605423522e-09	0.0012214887829
5.99307340313e-09	0.000712183616997
6.10009257104e-09	9.58381424425e-05
6.20711173895e-09	-0.000388697277231
6.31413090687e-09	-0.000605446206464
6.42115007478e-09	-0.00055315328791
6.52816924269e-09	-0.000335463217198
6.63518841061e-09	-9.35715870582e-05
6.74220757852e-09	6.26049777566e-05
6.84922674643e-09	9.47022954279e-05
6.95624591435e-09	3.57711887773e-05
7.06326508226e-09	-4.20916221628e-05
7.17028425017e-09	-7.15717596904e-05
7.27730341809e-09	-2.35247534874e-05
7.384322586e-09	8.32118175822e-05
7.49134175391e-09	0.000196027476704
7.59836092182e-09	0.000256653931501
7.70538008974e-09	0.000228877193877
7.81239925765e-09	0.000114055152153
7.91941842556e-09	-5.04721970174e-05
8.02643759348e-09	-0.000207381166547
8.13345676139e-09	-0.000301909614791
8.2404759293e-09	-0.000301783238683
8.34749509722e-09	-0.000207584684176
8.45451426513e-09	-5.09776095896e-05
8.56153343304e-09	0.000117368183965
8.66855260095e-09	0.000245137827733
8.77557176887e-09	0.000294962588669
8.88259093678e-09	0.000255117338384
8.98961010469e-09	0.00014159161401
9.09662927261e-09	-8.37397567466e-06
9.20364844052e-09	-0.000148663059008
9.31066760843e-09	-0.000238476115555
9.41768677635e-09	-0.000254058231803
9.52470594426e-09	-0.000194701378859
9.63172511217e-09	-8.154245279e-05
9.73874428008e-09	4.94565756526e-05
9.845763448e-09	0.000159181654453
9.95278261591e-09	0.00021682548504
1.00598017838e-08	0.000208413151995
1.01668209517e-08	0.000139889660204
1.02738401196e-08	3.43265514857e-05
1.03808592876e-08	-7.56272429498e-05
1.04878784555e-08	-0.000157785616466
1.05948976234e-08	-0.000189750153368
1.07019167913e-08	-0.000164885683262
1.08089359592e-08	-9.3425380328e-05
1.09159551271e-08	1.40325770559e-06
1.1022974295e-08	9.08113870537e-05
1.1129993463e-08	0.00014910552818
1.12370126309e-08	0.000160991176017
1.13440317988e-08	0.00012546299331
1.14510509667e-08	5.53551276425e-05
1.15580701346e-08	-2.71329547559e-05
1.16650893025e-08	-9.73727992459e-05
1.17721084704e-08	-0.000135602089358
1.18791276383e-08	-0.000132405850309
1.19861468063e-08	-9.09040445549e-05
1.20931659742e-08	-2.51824005773e-05
1.22001851421e-08	4.43824687864e-05
1.230720431e-08	9.73727737801e-05
1.24142234779e-08	0.000119266285765
1.25212426458e-08	0.000105345056909
1.26282618137e-08	6.15470667071e-05
1.27352809816e-08	2.1803216157e-06
1.28423001496e-08	-5.46818737348e-05
1.29493193175e-08	-9.26465927478e-05
1.30563384854e-08	-0.000101681725027
1.31633576533e-08	-8.0692228039e-05
1.32703768212e-08	-3.73642747036e-05
1.33773959891e-08	1.45301997918e-05
1.3484415157e-08	5.94581674704e-05
1.3591434325e-08	8.47325718496e-05
1.36984534929e-08	8.40493667056e-05
1.38054726608e-08	5.89778237554e-05
1.39124918287e-08	1.80939559868e-05
1.40195109966e-08	-2.58858676716e-05
1.41265301645e-08	-6.00184871473e-05
1.42335493324e-08	-7.49056807763e-05
1.43405685003e-08	-6.72388314342e-05
1.44475876683e-08	-4.04383663408e-05
1.45546068362e-08	-3.30438635388e-06
1.46616260041e-08	3.28262990479e-05
1.4768645172e-08	5.75079229748e-05
1.48756643399e-08	6.41730271127e-05
1.49826835078e-08	5.18379247296e-05
1.50897026757e-08	2.50917757967e-05
1.51967218436e-08	-7.53141569021e-06
1.53037410116e-08	-3.62415426025e-05
1.54107601795e-08	-5.29020126123e-05
1.55177793474e-08	-5.33092661499e-05
1.56247985153e-08	-3.820345637e-05
1.57318176832e-08	-1.27949878106e-05
1.58388368511e-08	1.49875675106e-05
1.5945856019e-08	3.69468880308e-05
1.6052875187e-08	4.70076697638e-05
1.61598943549e-08	4.28773282692e-05
1.62669135228e-08	2.65055743967e-05
1.63739326907e-08	3.29759004103e-06
1.64809518586e-08	-1.96417433926e-05
1.65879710265e-08	-3.56606374226e-05
1.66949901944e-08	-4.04696997975e-05
1.68020093623e-08	-3.32648032781e-05
1.69090285303e-08	-1.67742273334e-05
1.70160476982e-08	3.71831998791e-06
1.71230668661e-08	2.20475101287e-05
1.7230086034e-08	3.30004445459e-05
1.73371052019e-08	3.37847786795e-05
1.74441243698e-08	2.47102084359e-05
1.75511435377e-08	8.93479023034e-06
1.76581627056e-08	-8.60226043642e-06
1.77651818736e-08	-2.27128607548e-05
1.78722010415e-08	-2.94770925393e-05
1.79792202094e-08	-2.73181410648e-05
1.80862393773e-08	-1.73346516021e-05
1.81932585452e-08	-2.8421889624e-06
1.83002777131e-08	1.17101113801e-05
1.8407296881e-08	2.20900717522e-05
1.8514316049e-08	2.55019881479e-05
1.86213352169e-08	2.1323202418e-05
1.87283543848e-08	1.11688948436e-05
1.88353735527e-08	-1.69369465652e-06
1.89423927206e-08	-1.33845057917e-05
1.90494118885e-08	-2.05674125482e-05
1.91564310564e-08	-2.13940131744e-05
1.92634502243e-08	-1.59597973379e-05
1.93704693923e-08	-6.17555895133e-06
1.94774885602e-08	4.8863399229e-06
1.95845077281e-08	1.39428452712e-05
1.9691526896e-08	1.84693403753e-05
1.97985460639e-08	1.73889761754e-05
1.99055652318e-08	1.13133530704e-05
2.00125843997e-08	2.27097228844e-06
2.01196035676e-08	-6.95269682183e-06
2.02266227356e-08	-1.3668726865e-05
2.03336419035e-08	-1.60576621511e-05
2.04406610714e-08	-1.36540717222e-05
2.05476802393e-08	-7.40987275094e-06
2.06546994072e-08	6.57553059114e-07
2.07617185751e-08	8.10704807463e-06
2.0868737743e-08	1.28071355903e-05
