% time-domain current integration by openEMS v0.0.36-16-g7d7688a @Sun Jan  5 00:23:24 2025
% start-coordinates: (-0.00405612,-0.00810881,-2.6092e-05) m -> [35,52,22]
% stop-coordinates: (0.00267486,-0.00810881,2.2079e-05) m -> [44,52,23]
% t/s	current
2.2501927652e-14	0
1.07041669841e-10	5.63333513171e-09
2.14060837754e-10	9.56097778726e-09
3.21080005667e-10	1.17520224663e-08
4.2809917358e-10	8.33646840448e-09
5.35118341493e-10	-5.02047337037e-09
6.42137509406e-10	-2.87772490282e-08
7.49156677319e-10	-5.79451295835e-08
8.56175845232e-10	-7.90860497091e-08
9.63195013145e-10	-7.11428995714e-08
1.07021418106e-09	-1.278312034e-08
1.17723334897e-09	1.04246140609e-07
1.28425251688e-09	2.59482789033e-07
1.3912716848e-09	3.93182517655e-07
1.49829085271e-09	4.12801483662e-07
1.60531002062e-09	2.23132190058e-07
1.71232918854e-09	-2.20114202421e-07
1.81934835645e-09	-8.51612412589e-07
1.92636752436e-09	-1.46201489315e-06
2.03338669227e-09	-1.72442742041e-06
2.14040586019e-09	-1.30114665353e-06
2.2474250281e-09	-1.63261262287e-08
2.35444419601e-09	1.96641667571e-06
2.46146336393e-09	4.05550872529e-06
2.56848253184e-09	5.32332705916e-06
2.67550169975e-09	4.81246479467e-06
2.78252086767e-09	1.98984116651e-06
2.88954003558e-09	-2.82411633634e-06
2.99655920349e-09	-8.2795149865e-06
3.10357837141e-09	-1.22555275084e-05
3.21059753932e-09	-1.25751830637e-05
3.31761670723e-09	-7.97506527306e-06
3.42463587514e-09	1.06102186237e-06
3.53165504306e-09	1.20402619359e-05
3.63867421097e-09	2.10433427128e-05
3.74569337888e-09	2.40834269789e-05
3.8527125468e-09	1.87882269529e-05
3.95973171471e-09	5.70451129533e-06
4.06675088262e-09	-1.14306230898e-05
4.17377005054e-09	-2.67429313681e-05
4.28078921845e-09	-3.43272658938e-05
4.38780838636e-09	-3.06228685076e-05
4.49482755427e-09	-1.60610961757e-05
4.60184672219e-09	4.78862421005e-06
4.7088658901e-09	2.47518346441e-05
4.81588505801e-09	3.67181528418e-05
4.92290422593e-09	3.63843573723e-05
5.02992339384e-09	2.39386263274e-05
5.13694256175e-09	3.98034626414e-06
5.24396172967e-09	-1.62909091159e-05
5.35098089758e-09	-2.98586237477e-05
5.45800006549e-09	-3.24997054122e-05
5.5650192334e-09	-2.41888410528e-05
5.67203840132e-09	-8.80780862644e-06
5.77905756923e-09	7.61025603424e-06
5.88607673714e-09	1.92983516172e-05
5.99309590506e-09	2.28350436373e-05
6.10011507297e-09	1.81188370334e-05
6.20713424088e-09	7.9889796325e-06
6.3141534088e-09	-3.19607124766e-06
6.42117257671e-09	-1.13470878205e-05
6.52819174462e-09	-1.40767406265e-05
6.63521091253e-09	-1.12961688501e-05
6.74223008045e-09	-4.88644946017e-06
6.84924924836e-09	2.28463864005e-06
6.95626841627e-09	7.53477934268e-06
7.06328758419e-09	9.27691962715e-06
7.1703067521e-09	7.39295546737e-06
7.27732592001e-09	3.03863089357e-06
7.38434508793e-09	-1.94990821001e-06
7.49136425584e-09	-5.77601986151e-06
7.59838342375e-09	-7.26923144612e-06
7.70540259166e-09	-6.17444038653e-06
7.81242175958e-09	-3.10581526719e-06
7.91944092749e-09	7.62010643029e-07
8.0264600954e-09	4.12840927311e-06
8.13347926332e-09	5.97881671638e-06
8.24049843123e-09	5.85858788327e-06
8.34751759914e-09	3.94997323383e-06
8.45453676706e-09	9.56300482358e-07
8.56155593497e-09	-2.15155068872e-06
8.66857510288e-09	-4.44093893748e-06
8.77559427079e-09	-5.28549207957e-06
8.88261343871e-09	-4.52401445727e-06
8.98963260662e-09	-2.47487014349e-06
9.09665177453e-09	1.87786682204e-07
9.20367094245e-09	2.65137941824e-06
9.31069011036e-09	4.20843207394e-06
9.41770927827e-09	4.45518753622e-06
9.52472844619e-09	3.3911896935e-06
9.6317476141e-09	1.39864960147e-06
9.73876678201e-09	-8.94347806479e-07
9.84578594993e-09	-2.8051456411e-06
9.95280511784e-09	-3.79784114557e-06
1.00598242858e-08	-3.63292974725e-06
1.01668434537e-08	-2.41966063186e-06
1.02738626216e-08	-5.65718494272e-07
1.03808817895e-08	1.35605762352e-06
1.04879009574e-08	2.78356606032e-06
1.05949201253e-08	3.32823810822e-06
1.07019392932e-08	2.87845955427e-06
1.08089584611e-08	1.61757293426e-06
1.09159776291e-08	-4.51631976262e-08
1.1022996797e-08	-1.60539184435e-06
1.11300159649e-08	-2.61514742306e-06
1.12370351328e-08	-2.81011921288e-06
1.13440543007e-08	-2.17665865421e-06
1.14510734686e-08	-9.42660790315e-07
1.15580926365e-08	5.01525960317e-07
1.16651118044e-08	1.72508021024e-06
1.17721309724e-08	2.38413213083e-06
1.18791501403e-08	2.31703052123e-06
1.19861693082e-08	1.58168859343e-06
1.20931884761e-08	4.27130714797e-07
1.2200207644e-08	-7.89006548985e-07
1.23072268119e-08	-1.71008446159e-06
1.24142459798e-08	-2.08403935176e-06
1.25212651478e-08	-1.831132181e-06
1.26282843157e-08	-1.05798005734e-06
1.27353034836e-08	-1.67761786685e-08
1.28423226515e-08	9.7575343716e-07
1.29493418194e-08	1.63374488693e-06
1.30563609873e-08	1.78369521109e-06
1.31633801552e-08	1.40889687827e-06
1.32703993231e-08	6.4600811811e-07
1.33774184911e-08	-2.62763308001e-07
1.3484437659e-08	-1.04563355308e-06
1.35914568269e-08	-1.48175865888e-06
1.36984759948e-08	-1.46275851876e-06
1.38054951627e-08	-1.01820046439e-06
1.39125143306e-08	-2.99770192669e-07
1.40195334985e-08	4.69277125603e-07
1.41265526664e-08	1.06279333068e-06
1.42335718344e-08	1.31759099986e-06
1.43405910023e-08	1.17753450013e-06
1.44476101702e-08	7.04205035618e-07
1.45546293381e-08	5.27643067016e-08
1.4661648506e-08	-5.78059200507e-07
1.47686676739e-08	-1.00605325315e-06
1.48756868418e-08	-1.11757958621e-06
1.49827060097e-08	-8.96948449736e-07
1.50897251777e-08	-4.25850970487e-07
1.51967443456e-08	1.45584309053e-07
1.53037635135e-08	6.45995442028e-07
1.54107826814e-08	9.33730575525e-07
1.55178018493e-08	9.36418871333e-07
1.56248210172e-08	6.68352583943e-07
1.57318401851e-08	2.21737394668e-07
1.58388593531e-08	-2.64195648469e-07
1.5945878521e-08	-6.4617154294e-07
1.60528976889e-08	-8.18671423986e-07
1.61599168568e-08	-7.42665349662e-07
1.62669360247e-08	-4.53369665365e-07
1.63739551926e-08	-4.61290063924e-08
1.64809743605e-08	3.54476924258e-07
1.65879935284e-08	6.32394460354e-07
1.66950126964e-08	7.13351369086e-07
1.68020318643e-08	5.84232680012e-07
1.69090510322e-08	2.93663930506e-07
1.70160702001e-08	-6.53746923263e-08
1.7123089368e-08	-3.84938005027e-07
1.72301085359e-08	-5.74242790208e-07
1.73371277038e-08	-5.8517719026e-07
1.74441468717e-08	-4.23989376941e-07
1.75511660397e-08	-1.46622284092e-07
1.76581852076e-08	1.60185209097e-07
1.77652043755e-08	4.0572024318e-07
1.78722235434e-08	5.21871470482e-07
1.79792427113e-08	4.81730069168e-07
1.80862618792e-08	3.05221988128e-07
1.81932810471e-08	5.08545454636e-08
1.83003002151e-08	-2.03344768579e-07
1.8407319383e-08	-3.83523030223e-07
1.85143385509e-08	-4.41218787728e-07
1.86213577188e-08	-3.66160577414e-07
1.87283768867e-08	-1.87172346955e-07
1.88353960546e-08	3.82374558683e-08
1.89424152225e-08	2.42122496275e-07
1.90494343904e-08	3.66358705151e-07
1.91564535584e-08	3.79067870426e-07
1.92634727263e-08	2.82447103928e-07
1.93704918942e-08	1.10360616645e-07
1.94775110621e-08	-8.32035169651e-08
1.958453023e-08	-2.40851818489e-07
1.96915493979e-08	-3.18681202316e-07
1.97985685658e-08	-2.98293485912e-07
1.99055877337e-08	-1.90806815681e-07
2.00126069017e-08	-3.20529878195e-08
2.01196260696e-08	1.2910898306e-07
2.02266452375e-08	2.45731001769e-07
2.03336644054e-08	2.86284091544e-07
2.04406835733e-08	2.42995440658e-07
2.05477027412e-08	1.32881282866e-07
2.06547219091e-08	-8.52530579465e-09
2.07617410771e-08	-1.38482477041e-07
2.0868760245e-08	-2.19826645775e-07
