% time-domain voltage integration by openEMS v0.0.36-16-g7d7688a @Tue Dec 24 21:26:19 2024
% start-coordinates: (-0.00672692,0.00460511,0) m -> [11,35,15]
% stop-coordinates: (-0.00172692,0.00460511,0) m -> [15,35,15]
% t/s	voltage
0	-0
8.26334224315e-11	-4.0905368337e-07
1.65266844863e-10	4.1735391676e-07
2.47900267294e-10	2.35258937664e-06
3.30533689726e-10	5.48561979485e-06
4.13167112157e-10	9.09190794118e-06
4.95800534589e-10	1.10938410671e-05
5.7843395702e-10	7.88362001458e-06
6.61067379452e-10	-4.92652588946e-06
7.43700801883e-10	-3.03528941004e-05
8.26334224315e-10	-6.64937660986e-05
9.08967646746e-10	-0.000102567233625
9.91601069178e-10	-0.000116941091619
1.07423449161e-09	-8.05347081041e-05
1.15686791404e-09	3.26481949742e-05
1.23950133647e-09	0.000227760385314
1.3221347589e-09	0.000470167098683
1.40476818134e-09	0.000675265444443
1.48740160377e-09	0.000719116607797
1.5700350262e-09	0.000477152178064
1.65266844863e-09	-0.000114002079499
1.73530187106e-09	-0.000992214889266
1.81793529349e-09	-0.00193581794156
1.90056871592e-09	-0.00259172869846
1.98320213836e-09	-0.00257875211537
2.06583556079e-09	-0.00164470079471
2.14846898322e-09	0.000179567054147
2.23110240565e-09	0.00250374700408
2.31373582808e-09	0.00463811145164
2.39636925051e-09	0.00579850561917
2.47900267294e-09	0.00539719569497
2.56163609538e-09	0.00330766564002
2.64426951781e-09	-1.68883270817e-05
2.72690294024e-09	-0.00364330981392
2.80953636267e-09	-0.00645903102122
2.8921697851e-09	-0.00756541558076
2.97480320753e-09	-0.00660746183712
3.05743662997e-09	-0.00390410987893
3.1400700524e-09	-0.000325500805047
3.22270347483e-09	0.003029630112
3.30533689726e-09	0.00522213010117
3.38797031969e-09	0.00577219866682
3.47060374212e-09	0.0047646779567
3.55323716455e-09	0.00274238310521
3.63587058699e-09	0.000456047200714
3.71850400942e-09	-0.00141431204975
3.80113743185e-09	-0.00246013648575
3.88377085428e-09	-0.00261061522178
3.96640427671e-09	-0.00207101728301
4.04903769914e-09	-0.00118598628615
4.13167112157e-09	-0.000295285179163
4.21430454401e-09	0.000366271182429
4.29693796644e-09	0.000704274410964
4.37957138887e-09	0.000744720076909
4.4622048113e-09	0.000584278241149
4.54483823373e-09	0.000337672398018
4.62747165616e-09	9.97644774543e-05
4.7101050786e-09	-7.19744257367e-05
4.79273850103e-09	-0.000158046750585
4.87537192346e-09	-0.000167620364664
4.95800534589e-09	-0.000125916369143
5.04063876832e-09	-6.26421024208e-05
5.12327219075e-09	-3.35930951678e-06
5.20590561318e-09	3.56016080332e-05
5.28853903562e-09	4.87164206788e-05
5.37117245805e-09	3.98764113925e-05
5.45380588048e-09	1.88000944945e-05
5.53643930291e-09	-3.43584635232e-06
5.61907272534e-09	-1.82863529972e-05
5.70170614777e-09	-2.20521985739e-05
5.7843395702e-09	-1.60576987582e-05
5.86697299264e-09	-5.07274836536e-06
5.94960641507e-09	5.42666305137e-06
6.0322398375e-09	1.14025623361e-05
6.11487325993e-09	1.14195296419e-05
6.19750668236e-09	6.68615223276e-06
6.28014010479e-09	2.96992084259e-08
6.36277352723e-09	-5.53679700488e-06
6.44540694966e-09	-8.05407296411e-06
6.52804037209e-09	-7.1389315508e-06
6.61067379452e-09	-3.85060076269e-06
6.69330721695e-09	3.01017735183e-08
6.77594063938e-09	2.85645523945e-06
6.85857406181e-09	3.7322942319e-06
6.94120748425e-09	2.70551012704e-06
7.02384090668e-09	5.70481674345e-07
7.10647432911e-09	-1.61077645089e-06
7.18910775154e-09	-2.9661947849e-06
7.27174117397e-09	-3.13396054707e-06
7.3543745964e-09	-2.2869160432e-06
7.43700801883e-09	-9.62690592132e-07
7.51964144127e-09	2.14704179768e-07
7.6022748637e-09	8.16315939289e-07
7.68490828613e-09	7.2172341703e-07
7.76754170856e-09	1.07108665048e-07
7.85017513099e-09	-6.76843072256e-07
7.93280855342e-09	-1.28768274976e-06
8.01544197586e-09	-1.52326470015e-06
8.09807539829e-09	-1.36090426395e-06
8.18070882072e-09	-9.51176318154e-07
8.26334224315e-09	-5.01915806694e-07
8.34597566558e-09	-2.02009729833e-07
8.42860908801e-09	-1.33212623155e-07
8.51124251044e-09	-2.83094582443e-07
8.59387593288e-09	-5.42727924824e-07
8.67650935531e-09	-7.89261491718e-07
8.75914277774e-09	-9.27000968431e-07
8.84177620017e-09	-9.29454728293e-07
8.9244096226e-09	-8.15362199091e-07
9.00704304503e-09	-6.57110916791e-07
9.08967646746e-09	-5.27364129255e-07
9.1723098899e-09	-4.68992574554e-07
9.25494331233e-09	-4.91653537438e-07
9.33757673476e-09	-5.69399816186e-07
9.42021015719e-09	-6.61030526317e-07
9.50284357962e-09	-7.26444937982e-07
9.58547700205e-09	-7.47052794736e-07
9.66811042449e-09	-7.21342701127e-07
9.75074384692e-09	-6.71420110621e-07
9.83337726935e-09	-6.19191837359e-07
9.91601069178e-09	-5.87398233165e-07
9.99864411421e-09	-5.84786363333e-07
1.00812775366e-08	-6.05965141176e-07
1.01639109591e-08	-6.36908382035e-07
1.02465443815e-08	-6.6275590882e-07
1.03291778039e-08	-6.79187067476e-07
1.04118112264e-08	-6.75079121493e-07
1.04944446488e-08	-6.61800527268e-07
1.05770780712e-08	-6.41302477788e-07
1.06597114937e-08	-6.29622746828e-07
1.07423449161e-08	-6.2314312288e-07
1.08249783385e-08	-6.26014156069e-07
1.0907611761e-08	-6.36514201346e-07
1.09902451834e-08	-6.46555037065e-07
1.10728786058e-08	-6.56017306255e-07
1.11555120283e-08	-6.55025061747e-07
1.12381454507e-08	-6.51846391975e-07
1.13207788731e-08	-6.44771489533e-07
1.14034122955e-08	-6.40503884597e-07
1.1486045718e-08	-6.36677071952e-07
1.15686791404e-08	-6.36724280412e-07
1.16513125628e-08	-6.39695798554e-07
1.17339459853e-08	-6.43862094307e-07
1.18165794077e-08	-6.48002739467e-07
1.18992128301e-08	-6.48069146791e-07
1.19818462526e-08	-6.47791225106e-07
1.2064479675e-08	-6.4599780103e-07
1.21471130974e-08	-6.43757530838e-07
1.22297465199e-08	-6.4149868706e-07
1.23123799423e-08	-6.39817230308e-07
1.23950133647e-08	-6.42435068698e-07
1.24776467872e-08	-6.41197559048e-07
1.25602802096e-08	-6.44929102123e-07
1.2642913632e-08	-6.44049620746e-07
1.27255470545e-08	-6.43065277472e-07
1.28081804769e-08	-6.43197040517e-07
1.28908138993e-08	-6.43530967182e-07
1.29734473217e-08	-6.44758387125e-07
1.30560807442e-08	-6.41310890614e-07
1.31387141666e-08	-6.43482920282e-07
1.3221347589e-08	-6.43154947966e-07
1.33039810115e-08	-6.4377152853e-07
1.33866144339e-08	-6.44731997568e-07
1.34692478563e-08	-6.43788126808e-07
1.35518812788e-08	-6.44123929305e-07
1.36345147012e-08	-6.44899287749e-07
1.37171481236e-08	-6.42790055849e-07
1.37997815461e-08	-6.41559822157e-07
1.38824149685e-08	-6.43213866169e-07
1.39650483909e-08	-6.42326781986e-07
1.40476818134e-08	-6.44042842168e-07
1.41303152358e-08	-6.43148240442e-07
1.42129486582e-08	-6.44102854608e-07
1.42955820806e-08	-6.43487624075e-07
1.43782155031e-08	-6.43802735567e-07
1.44608489255e-08	-6.43262069389e-07
1.45434823479e-08	-6.43517282128e-07
1.46261157704e-08	-6.43888498075e-07
1.47087491928e-08	-6.42718546828e-07
1.47913826152e-08	-6.43904726871e-07
1.48740160377e-08	-6.43190062988e-07
1.49566494601e-08	-6.43700730052e-07
1.50392828825e-08	-6.43414352908e-07
1.5121916305e-08	-6.43116848664e-07
1.52045497274e-08	-6.43897010377e-07
1.52871831498e-08	-6.43861397975e-07
1.53698165723e-08	-6.42949586904e-07
1.54524499947e-08	-6.4350832929e-07
1.55350834171e-08	-6.44810057793e-07
1.56177168396e-08	-6.44217379886e-07
1.5700350262e-08	-6.43504392883e-07
1.57829836844e-08	-6.44714660325e-07
1.58656171068e-08	-6.43684344936e-07
1.59482505293e-08	-6.43651574705e-07
1.60308839517e-08	-6.42774494963e-07
1.61135173741e-08	-6.43431107505e-07
1.61961507966e-08	-6.43599975092e-07
1.6278784219e-08	-6.43130277922e-07
1.63614176414e-08	-6.43050157123e-07
1.64440510639e-08	-6.42569517595e-07
1.65266844863e-08	-6.43987149829e-07
1.66093179087e-08	-6.43828158786e-07
1.66919513312e-08	-6.43457653382e-07
1.67745847536e-08	-6.43423348379e-07
1.6857218176e-08	-6.43952134283e-07
1.69398515985e-08	-6.43531876676e-07
1.70224850209e-08	-6.43735404537e-07
1.71051184433e-08	-6.44080984102e-07
1.71877518658e-08	-6.43524344923e-07
1.72703852882e-08	-6.43884618512e-07
1.73530187106e-08	-6.44683950668e-07
1.7435652133e-08	-6.43491546271e-07
1.75182855555e-08	-6.43540118972e-07
1.76009189779e-08	-6.43405030587e-07
1.76835524003e-08	-6.44284256168e-07
1.77661858228e-08	-6.43783963028e-07
1.78488192452e-08	-6.42870745082e-07
1.79314526676e-08	-6.43743732098e-07
1.80140860901e-08	-6.43367059183e-07
1.80967195125e-08	-6.44122366111e-07
1.81793529349e-08	-6.43490523089e-07
1.82619863574e-08	-6.42696249997e-07
1.83446197798e-08	-6.42877225232e-07
1.84272532022e-08	-6.43225376962e-07
1.85098866247e-08	-6.42896367253e-07
1.85925200471e-08	-6.44145529805e-07
1.86751534695e-08	-6.43802593459e-07
1.8757786892e-08	-6.43712937176e-07
1.88404203144e-08	-6.44048554932e-07
1.89230537368e-08	-6.43076077722e-07
1.90056871592e-08	-6.43167524572e-07
1.90883205817e-08	-6.43618534468e-07
1.91709540041e-08	-6.4398517452e-07
1.92535874265e-08	-6.43826453484e-07
1.9336220849e-08	-6.42932036499e-07
1.94188542714e-08	-6.43849247695e-07
1.95014876938e-08	-6.42522039129e-07
1.95841211163e-08	-6.43184193905e-07
1.96667545387e-08	-6.43304005621e-07
1.97493879611e-08	-6.43014942625e-07
1.98320213836e-08	-6.42513612092e-07
1.9914654806e-08	-6.42572317133e-07
1.99972882284e-08	-6.43379721055e-07
2.00799216509e-08	-6.42441278842e-07
2.01625550733e-08	-6.43856040483e-07
2.02451884957e-08	-6.4358098939e-07
2.03278219181e-08	-6.45059131443e-07
2.04104553406e-08	-6.43773560682e-07
2.0493088763e-08	-6.43340484885e-07
2.05757221854e-08	-6.4410039613e-07
2.06583556079e-08	-6.43454868055e-07
2.07409890303e-08	-6.43795857513e-07
2.08236224527e-08	-6.43266460543e-07
2.09062558752e-08	-6.43509679321e-07
2.09888892976e-08	-6.4407861089e-07
2.107152272e-08	-6.43251965471e-07
2.11541561425e-08	-6.433969304e-07
2.12367895649e-08	-6.43814431101e-07
2.13194229873e-08	-6.43337031647e-07
2.14020564098e-08	-6.42959307129e-07
2.14846898322e-08	-6.43524799671e-07
2.15673232546e-08	-6.42886362812e-07
2.16499566771e-08	-6.43161598646e-07
2.17325900995e-08	-6.43039783199e-07
