% time-domain current integration by openEMS v0.0.36-16-g7d7688a @Tue Dec 24 21:26:19 2024
% start-coordinates: (-0.00557564,-0.00921021,-0.00115128) m -> [12,27,14]
% stop-coordinates: (-0.00557564,-0.00345383,0) m -> [12,31,15]
% t/s	current
1.0872818741e-12	0
8.37207043056e-11	-4.35884661698e-10
1.66354126737e-10	-1.86444992778e-09
2.48987549169e-10	-3.77901043791e-09
3.316209716e-10	-5.56197887747e-09
4.14254394032e-10	-5.45435918653e-09
4.96887816463e-10	-1.329258148e-09
5.79521238895e-10	9.30459798099e-09
6.62154661326e-10	2.70346252051e-08
7.44788083758e-10	4.79338702064e-08
8.27421506189e-10	6.18054727397e-08
9.10054928621e-10	5.23777714534e-08
9.92688351052e-10	2.82661849482e-09
1.07532177348e-09	-9.53052321506e-08
1.15795519592e-09	-2.28769494015e-07
1.24058861835e-09	-3.5356765693e-07
1.32322204078e-09	-3.96877879894e-07
1.40585546321e-09	-2.77440733498e-07
1.48848888564e-09	5.45859464296e-08
1.57112230807e-09	5.72609565097e-07
1.6537557305e-09	1.14236058835e-06
1.73638915294e-09	1.53252688051e-06
1.81902257537e-09	1.481073582e-06
1.9016559978e-09	8.08671074992e-07
1.98428942023e-09	-4.612504938e-07
2.06692284266e-09	-2.03557624445e-06
2.14955626509e-09	-3.38966128766e-06
2.23218968752e-09	-3.92762922274e-06
2.31482310996e-09	-3.22263076669e-06
2.39745653239e-09	-1.24190103179e-06
2.48008995482e-09	1.55244867983e-06
2.56272337725e-09	4.29986221206e-06
2.64535679968e-09	6.02602403887e-06
2.72799022211e-09	6.01655165156e-06
2.81062364455e-09	4.12450935983e-06
2.89325706698e-09	8.71978727446e-07
2.97589048941e-09	-2.71266821983e-06
3.05852391184e-09	-5.46586488781e-06
3.14115733427e-09	-6.51788832329e-06
3.2237907567e-09	-5.60445869269e-06
3.30642417913e-09	-3.13699797516e-06
3.38905760157e-09	-1.46485525931e-08
3.471691024e-09	2.73138334705e-06
3.55432444643e-09	4.30890895586e-06
3.63695786886e-09	4.40744452135e-06
3.71959129129e-09	3.23728340845e-06
3.80222471372e-09	1.37829385949e-06
3.88485813615e-09	-4.76062922417e-07
3.96749155859e-09	-1.76862704393e-06
4.05012498102e-09	-2.23476945393e-06
4.13275840345e-09	-1.9275903469e-06
4.21539182588e-09	-1.13132477964e-06
4.29802524831e-09	-2.16426130351e-07
4.38065867074e-09	5.00759483657e-07
4.46329209318e-09	8.47450564834e-07
4.54592551561e-09	8.15347277694e-07
4.62855893804e-09	5.21959918842e-07
4.71119236047e-09	1.40003535876e-07
4.7938257829e-09	-1.74260165409e-07
4.87645920533e-09	-3.29918890429e-07
4.95909262776e-09	-3.15696183861e-07
5.0417260502e-09	-1.83882960414e-07
5.12435947263e-09	-1.57606372397e-08
5.20699289506e-09	1.14873401458e-07
5.28962631749e-09	1.66740449004e-07
5.37225973992e-09	1.38722612064e-07
5.45489316235e-09	6.07440568956e-08
5.53752658478e-09	-2.48858214036e-08
5.62016000722e-09	-8.22848704729e-08
5.70279342965e-09	-9.47077651858e-08
5.78542685208e-09	-6.66521060566e-08
5.86806027451e-09	-1.75970953364e-08
5.95069369694e-09	2.8432863175e-08
6.03332711937e-09	5.3932094346e-08
6.11596054181e-09	5.29773060975e-08
6.19859396424e-09	3.13908756766e-08
6.28122738667e-09	1.83067427884e-09
6.3638608091e-09	-2.24245635394e-08
6.44649423153e-09	-3.29756488782e-08
6.52912765396e-09	-2.83744068241e-08
6.61176107639e-09	-1.35204452079e-08
6.69439449883e-09	3.61040730645e-09
6.77702792126e-09	1.58475170764e-08
6.85966134369e-09	1.9366886761e-08
6.94229476612e-09	1.45382132999e-08
7.02492818855e-09	4.96088992108e-09
7.10756161098e-09	-4.61134197494e-09
7.19019503341e-09	-1.04314485938e-08
7.27282845585e-09	-1.09615436727e-08
7.35546187828e-09	-7.07333214223e-09
7.43809530071e-09	-1.17620613249e-09
7.52072872314e-09	3.97225585758e-09
7.60336214557e-09	6.51912168692e-09
7.685995568e-09	5.97878146991e-09
7.76862899044e-09	3.18714343805e-09
7.85126241287e-09	-2.73220224223e-10
7.9338958353e-09	-2.93618862557e-09
8.01652925773e-09	-3.90165588726e-09
8.09916268016e-09	-3.127546222e-09
8.18179610259e-09	-1.28935118138e-09
8.26442952502e-09	6.90235479883e-10
8.34706294746e-09	1.98633376414e-09
8.42969636989e-09	2.24181873065e-09
8.51232979232e-09	1.5623120575e-09
8.59496321475e-09	4.04572431112e-10
8.67759663718e-09	-6.85217771412e-10
8.76023005961e-09	-1.26674670753e-09
8.84286348204e-09	-1.26577404114e-09
8.92549690448e-09	-7.24903415072e-10
9.00813032691e-09	-3.35837330168e-11
9.09076374934e-09	5.29313648467e-10
9.17339717177e-09	7.78880959729e-10
9.2560305942e-09	6.67264521415e-10
9.33866401663e-09	3.15125314732e-10
9.42129743907e-09	-9.31548796435e-11
9.5039308615e-09	-3.70590447218e-10
9.58656428393e-09	-4.51470028029e-10
9.66919770636e-09	-3.41817879557e-10
9.75183112879e-09	-1.09929593206e-10
9.83446455122e-09	1.14776882443e-10
9.91709797365e-09	2.46196674158e-10
9.99973139609e-09	2.52089460417e-10
1.00823648185e-08	1.62526700431e-10
1.01649982409e-08	2.45507364438e-11
1.02476316634e-08	-8.45466821553e-11
1.03302650858e-08	-1.50637932683e-10
1.04128985082e-08	-1.40958494876e-10
1.04955319307e-08	-7.2003257523e-11
1.05781653531e-08	1.70104425337e-12
1.06607987755e-08	5.92347768058e-11
1.0743432198e-08	9.23029569444e-11
1.08260656204e-08	7.57069337776e-11
1.09086990428e-08	3.30390298453e-11
1.09913324653e-08	-1.49412687084e-11
1.10739658877e-08	-5.60042498488e-11
1.11565993101e-08	-4.9874136071e-11
1.12392327326e-08	-3.31885387228e-11
1.1321866155e-08	-3.99340976953e-12
1.14044995774e-08	1.52359427158e-11
1.14871329999e-08	2.5846533247e-11
1.15697664223e-08	3.16263092104e-11
1.16523998447e-08	1.05401555539e-11
1.17350332671e-08	-7.91224204211e-12
1.18176666896e-08	-1.74350464621e-11
1.1900300112e-08	-1.52341854409e-11
1.19829335344e-08	-1.25129464082e-11
1.20655669569e-08	-1.14396912082e-11
1.21482003793e-08	5.0559521847e-12
1.22308338017e-08	8.62554645764e-12
1.23134672242e-08	1.75456871254e-11
1.23961006466e-08	4.24661607962e-12
1.2478734069e-08	1.50837363433e-11
1.25613674915e-08	-1.05959234442e-11
1.26440009139e-08	-8.48925096886e-12
1.27266343363e-08	9.3867329274e-13
1.28092677588e-08	5.20124308206e-13
1.28919011812e-08	2.26605800097e-12
1.29745346036e-08	-2.00032590318e-13
1.30571680261e-08	1.74234704355e-13
1.31398014485e-08	-7.30239273997e-13
1.32224348709e-08	6.44372923075e-12
1.33050682933e-08	-3.13128516172e-12
1.33877017158e-08	-4.00258211991e-12
1.34703351382e-08	-3.36536310971e-12
1.35529685606e-08	-1.68777405246e-12
1.36356019831e-08	-9.34371850725e-12
1.37182354055e-08	-1.09929806143e-13
1.38008688279e-08	-5.33719878189e-13
1.38835022504e-08	-8.14114834574e-13
1.39661356728e-08	2.09443790436e-12
1.40487690952e-08	-1.44538320115e-12
1.41314025177e-08	-3.70311030104e-12
1.42140359401e-08	5.31627649888e-12
1.42966693625e-08	-1.56061014805e-12
1.4379302785e-08	-1.18783628766e-12
1.44619362074e-08	4.97016273623e-13
1.45445696298e-08	5.79253225247e-12
1.46272030522e-08	-4.92186326417e-12
1.47098364747e-08	-2.5566805617e-12
1.47924698971e-08	4.54229752769e-14
1.48751033195e-08	8.01892406643e-12
1.4957736742e-08	2.95311258086e-12
1.50403701644e-08	3.10491302807e-12
1.51230035868e-08	1.98252091826e-12
1.52056370093e-08	-6.56615332852e-13
1.52882704317e-08	-1.43486112748e-12
1.53709038541e-08	1.64941042595e-12
1.54535372766e-08	-7.61274181714e-13
1.5536170699e-08	-6.85870414283e-12
1.56188041214e-08	-2.26998758332e-12
1.57014375439e-08	8.20270587565e-12
1.57840709663e-08	-4.53061286404e-12
1.58667043887e-08	1.00993855206e-12
1.59493378112e-08	-5.17589486895e-12
1.60319712336e-08	4.05056500494e-12
1.6114604656e-08	-4.67628160587e-13
1.61972380784e-08	-1.76026413497e-12
1.62798715009e-08	-9.85544762119e-13
1.63625049233e-08	1.32135339996e-12
1.64451383457e-08	2.49750112084e-12
1.65277717682e-08	-2.62442411553e-12
1.66104051906e-08	1.19390716931e-12
1.6693038613e-08	1.58639242151e-13
1.67756720355e-08	-2.46809517268e-12
1.68583054579e-08	2.68825196478e-12
1.69409388803e-08	-5.02988579607e-12
1.70235723028e-08	1.99979182519e-12
1.71062057252e-08	-8.09642977662e-12
1.71888391476e-08	1.23527067481e-12
1.72714725701e-08	-3.85961705304e-12
1.73541059925e-08	-3.73907762391e-12
1.74367394149e-08	-9.26964885059e-13
1.75193728374e-08	4.98422917522e-12
1.76020062598e-08	-3.8988132384e-13
1.76846396822e-08	-1.24700770543e-12
1.77672731046e-08	-1.15915415287e-12
1.78499065271e-08	9.48697175505e-13
1.79325399495e-08	3.8645280552e-13
1.80151733719e-08	1.94240673893e-12
1.80978067944e-08	-3.26029654663e-12
1.81804402168e-08	3.51186571143e-12
1.82630736392e-08	6.07439445965e-12
1.83457070617e-08	1.76037428991e-12
1.84283404841e-08	-2.04862862785e-12
1.85109739065e-08	6.04352375436e-12
1.8593607329e-08	-4.46700098786e-12
1.86762407514e-08	-8.15112788464e-13
1.87588741738e-08	-4.14631957241e-12
1.88415075963e-08	-2.16863766528e-12
1.89241410187e-08	-2.73968781689e-13
1.90067744411e-08	-4.55605930587e-13
1.90894078636e-08	-1.85609904182e-12
1.9172041286e-08	-2.05549813281e-12
1.92546747084e-08	1.98524638569e-12
1.93373081308e-08	-4.85264042491e-12
1.94199415533e-08	-6.77925326553e-14
1.95025749757e-08	5.60240829423e-12
1.95852083981e-08	3.17859085407e-12
1.96678418206e-08	-2.62729779339e-13
1.9750475243e-08	3.27811866194e-12
1.98331086654e-08	2.81928256782e-12
1.99157420879e-08	3.14349154346e-12
1.99983755103e-08	-1.34443983182e-13
2.00810089327e-08	-8.86479149635e-13
2.01636423552e-08	7.29465533117e-13
2.02462757776e-08	-6.30819127403e-13
2.03289092e-08	-4.70545781159e-12
2.04115426225e-08	2.13668839566e-12
2.04941760449e-08	3.36330572767e-12
2.05768094673e-08	-2.66198673347e-12
2.06594428897e-08	-2.48513427718e-12
2.07420763122e-08	-2.13296199279e-12
2.08247097346e-08	2.16530959829e-12
2.0907343157e-08	-1.92865146596e-12
2.09899765795e-08	-1.99440334039e-12
2.10726100019e-08	-1.45279079565e-12
2.11552434243e-08	6.08912963454e-12
2.12378768468e-08	-2.73327129159e-12
2.13205102692e-08	-8.46524998536e-14
2.14031436916e-08	4.28561743385e-12
2.14857771141e-08	2.25358143605e-13
2.15684105365e-08	1.06802902026e-12
2.16510439589e-08	-4.58887160042e-13
2.17336773814e-08	4.69433736675e-12
