% time-domain current integration by openEMS v0.0.36-16-g7d7688a @Tue Dec 24 21:26:19 2024
% start-coordinates: (-0.00557564,0.00115128,-0.00115128) m -> [12,33,14]
% stop-coordinates: (-0.00557564,0.00690766,0) m -> [12,37,15]
% t/s	current
1.0872818741e-12	0
8.37207043056e-11	4.35884828232e-10
1.66354126737e-10	1.86445014982e-09
2.48987549169e-10	3.779010882e-09
3.316209716e-10	5.5619775452e-09
4.14254394032e-10	5.45435829835e-09
4.96887816463e-10	1.32925792595e-09
5.79521238895e-10	-9.30459886916e-09
6.62154661326e-10	-2.70346269815e-08
7.44788083758e-10	-4.79338702064e-08
8.27421506189e-10	-6.18054727397e-08
9.10054928621e-10	-5.2377789217e-08
9.92688351052e-10	-2.82663914497e-09
1.07532177348e-09	9.5305239256e-08
1.15795519592e-09	2.28769494015e-07
1.24058861835e-09	3.53567742195e-07
1.32322204078e-09	3.96877794628e-07
1.40585546321e-09	2.77440676655e-07
1.48848888564e-09	-5.45859002443e-08
1.57112230807e-09	-5.72609678784e-07
1.6537557305e-09	-1.14236047466e-06
1.73638915294e-09	-1.5325269942e-06
1.81902257537e-09	-1.48107335463e-06
1.9016559978e-09	-8.08671018149e-07
1.98428942023e-09	4.61250351691e-07
2.06692284266e-09	2.03557624445e-06
2.14955626509e-09	3.38966106028e-06
2.23218968752e-09	3.92762922274e-06
2.31482310996e-09	3.22263031194e-06
2.39745653239e-09	1.24189932649e-06
2.48008995482e-09	-1.55244731559e-06
2.56272337725e-09	-4.29986175732e-06
2.64535679968e-09	-6.02602358413e-06
2.72799022211e-09	-6.01655028731e-06
2.81062364455e-09	-4.12450754084e-06
2.89325706698e-09	-8.71979409567e-07
2.97589048941e-09	2.7126684472e-06
3.05852391184e-09	5.46586579731e-06
3.14115733427e-09	6.51788786854e-06
3.2237907567e-09	5.60445823794e-06
3.30642417913e-09	3.13699638355e-06
3.38905760157e-09	1.46494443243e-08
3.471691024e-09	-2.7313838018e-06
3.55432444643e-09	-4.30891032011e-06
3.63695786886e-09	-4.4074449761e-06
3.71959129129e-09	-3.23728409057e-06
3.80222471372e-09	-1.37829385949e-06
3.88485813615e-09	4.76063092947e-07
3.96749155859e-09	1.7686272713e-06
4.05012498102e-09	2.23476968131e-06
4.13275840345e-09	1.92759102902e-06
4.21539182588e-09	1.13132557544e-06
4.29802524831e-09	2.16426812472e-07
4.38065867074e-09	-5.00758233102e-07
4.46329209318e-09	-8.47450621677e-07
4.54592551561e-09	-8.15347846128e-07
4.62855893804e-09	-5.21959634625e-07
4.71119236047e-09	-1.4000394799e-07
4.7938257829e-09	1.74259767505e-07
4.87645920533e-09	3.29919515707e-07
4.95909262776e-09	3.15695416475e-07
5.0417260502e-09	1.83882804095e-07
5.12435947263e-09	1.57601665052e-08
5.20699289506e-09	-1.14874076473e-07
5.28962631749e-09	-1.66740193208e-07
5.37225973992e-09	-1.38722811016e-07
5.45489316235e-09	-6.0744312691e-08
5.53752658478e-09	2.48858835761e-08
5.62016000722e-09	8.22846644155e-08
5.70279342965e-09	9.47077936075e-08
5.78542685208e-09	6.66521913217e-08
5.86806027451e-09	1.75965588767e-08
5.95069369694e-09	-2.84323977695e-08
6.03332711937e-09	-5.39316999948e-08
6.11596054181e-09	-5.29774091262e-08
6.19859396424e-09	-3.13909644944e-08
6.28122738667e-09	-1.83092407902e-09
6.3638608091e-09	2.24248477565e-08
6.44649423153e-09	3.2975030706e-08
6.52912765396e-09	2.83744565621e-08
6.61176107639e-09	1.35199362816e-08
6.69439449883e-09	-3.6103273704e-09
6.77702792126e-09	-1.58468100864e-08
6.85966134369e-09	-1.93669791315e-08
6.94229476612e-09	-1.4538323434e-08
7.02492818855e-09	-4.9606052599e-09
7.10756161098e-09	4.61100002624e-09
7.19019503341e-09	1.04321244976e-08
7.27282845585e-09	1.09613944588e-08
7.35546187828e-09	7.07318470461e-09
7.43809530071e-09	1.17651621778e-09
7.52072872314e-09	-3.97205557334e-09
7.60336214557e-09	-6.51895604165e-09
7.685995568e-09	-5.97931304469e-09
7.76862899044e-09	-3.18746784522e-09
7.85126241287e-09	2.73380346139e-10
7.9338958353e-09	2.93566526643e-09
8.01652925773e-09	3.90156662533e-09
8.09916268016e-09	3.12764103505e-09
8.18179610259e-09	1.28941624045e-09
8.26442952502e-09	-6.90106194412e-10
8.34706294746e-09	-1.98646588068e-09
8.42969636989e-09	-2.24213936306e-09
8.51232979232e-09	-1.56203605606e-09
8.59496321475e-09	-4.04517780384e-10
8.67759663718e-09	6.85338508166e-10
8.76023005961e-09	1.26688526336e-09
8.84286348204e-09	1.26588173277e-09
8.92549690448e-09	7.24778681516e-10
9.00813032691e-09	3.36712636939e-11
9.09076374934e-09	-5.29646326797e-10
9.17339717177e-09	-7.79060260747e-10
9.2560305942e-09	-6.67191357717e-10
9.33866401663e-09	-3.15217907332e-10
9.42129743907e-09	9.2797748652e-11
9.5039308615e-09	3.70673630679e-10
9.58656428393e-09	4.51546022795e-10
9.66919770636e-09	3.41610018051e-10
9.75183112879e-09	1.09936823534e-10
9.83446455122e-09	-1.14876566593e-10
9.91709797365e-09	-2.46200726473e-10
9.99973139609e-09	-2.5202953613e-10
1.00823648185e-08	-1.62749716481e-10
1.01649982409e-08	-2.46241273899e-11
1.02476316634e-08	8.43634606618e-11
1.03302650858e-08	1.50878670668e-10
1.04128985082e-08	1.40996728182e-10
1.04955319307e-08	7.19305448538e-11
1.05781653531e-08	-1.58908108026e-12
1.06607987755e-08	-5.90814203116e-11
1.0743432198e-08	-9.22372594969e-11
1.08260656204e-08	-7.6052622533e-11
1.09086990428e-08	-3.28699636953e-11
1.09913324653e-08	1.50213955857e-11
1.10739658877e-08	5.60055682386e-11
1.11565993101e-08	4.9847719702e-11
1.12392327326e-08	3.36593149186e-11
1.1321866155e-08	3.706763195e-12
1.14044995774e-08	-1.51714821262e-11
1.14871329999e-08	-2.57818211225e-11
1.15697664223e-08	-3.14675126234e-11
1.16523998447e-08	-1.05633548783e-11
1.17350332671e-08	7.99074088148e-12
1.18176666896e-08	1.72554869698e-11
1.1900300112e-08	1.53609035214e-11
1.19829335344e-08	1.25773055165e-11
1.20655669569e-08	1.1623735828e-11
1.21482003793e-08	-4.97294132956e-12
1.22308338017e-08	-8.56508440561e-12
1.23134672242e-08	-1.78637677567e-11
1.23961006466e-08	-4.20086231426e-12
1.2478734069e-08	-1.52518050273e-11
1.25613674915e-08	1.03605622345e-11
1.26440009139e-08	8.26012348798e-12
1.27266343363e-08	-1.13681264922e-12
1.28092677588e-08	-8.04433451275e-13
1.28919011812e-08	-2.70501524825e-12
1.29745346036e-08	2.97779216649e-13
1.30571680261e-08	-1.53126399364e-13
1.31398014485e-08	6.97076565307e-13
1.32224348709e-08	-6.48002051323e-12
1.33050682933e-08	3.1607834839e-12
1.33877017158e-08	4.15761826009e-12
1.34703351382e-08	3.37867602819e-12
1.35529685606e-08	2.01096496226e-12
1.36356019831e-08	9.20807527449e-12
1.37182354055e-08	1.48521304847e-13
1.38008688279e-08	3.91264440552e-13
1.38835022504e-08	8.2554601176e-13
1.39661356728e-08	-2.24134643137e-12
1.40487690952e-08	1.45045108736e-12
1.41314025177e-08	3.74115799104e-12
1.42140359401e-08	-5.14908038082e-12
1.42966693625e-08	1.34786235992e-12
1.4379302785e-08	1.41036076047e-12
1.44619362074e-08	-3.88237185456e-13
1.45445696298e-08	-5.97003869951e-12
1.46272030522e-08	4.84601117914e-12
1.47098364747e-08	2.54084535529e-12
1.47924698971e-08	-4.10996106939e-14
1.48751033195e-08	-7.88802009821e-12
1.4957736742e-08	-2.86766617397e-12
1.50403701644e-08	-3.26438919299e-12
1.51230035868e-08	-1.86627276133e-12
1.52056370093e-08	5.98297886928e-13
1.52882704317e-08	1.5038515138e-12
1.53709038541e-08	-1.67710517782e-12
1.54535372766e-08	5.21741178906e-13
1.5536170699e-08	6.94174622298e-12
1.56188041214e-08	2.46521184542e-12
1.57014375439e-08	-8.03647079439e-12
1.57840709663e-08	4.53706430065e-12
1.58667043887e-08	-1.11550363131e-12
1.59493378112e-08	5.3672791038e-12
1.60319712336e-08	-4.10777314941e-12
1.6114604656e-08	4.22523723908e-13
1.61972380784e-08	1.73853986762e-12
1.62798715009e-08	1.09504170055e-12
1.63625049233e-08	-1.53383913643e-12
1.64451383457e-08	-2.54669917966e-12
1.65277717682e-08	2.74711807122e-12
1.66104051906e-08	-1.18303153732e-12
1.6693038613e-08	5.78036289623e-15
1.67756720355e-08	2.39068313757e-12
1.68583054579e-08	-2.79926667783e-12
1.69409388803e-08	4.88568820817e-12
1.70235723028e-08	-1.85181666008e-12
1.71062057252e-08	8.18568650363e-12
1.71888391476e-08	-1.30493944643e-12
1.72714725701e-08	3.94749857802e-12
1.73541059925e-08	3.67962734935e-12
1.74367394149e-08	8.56506760048e-13
1.75193728374e-08	-5.10541652357e-12
1.76020062598e-08	3.49636443929e-13
1.76846396822e-08	1.17959732693e-12
1.77672731046e-08	1.07013389036e-12
1.78499065271e-08	-7.49349204649e-13
1.79325399495e-08	-4.74850139678e-13
1.80151733719e-08	-1.97511755215e-12
1.80978067944e-08	3.33388611856e-12
1.81804402168e-08	-3.6064029367e-12
1.82630736392e-08	-6.04639558907e-12
1.83457070617e-08	-1.6289721308e-12
1.84283404841e-08	2.09365467671e-12
1.85109739065e-08	-5.94179740132e-12
1.8593607329e-08	4.57552312011e-12
1.86762407514e-08	6.72256196023e-13
1.87588741738e-08	4.03931575688e-12
1.88415075963e-08	2.18982471045e-12
1.89241410187e-08	3.44153091442e-13
1.90067744411e-08	5.6088933411e-13
1.90894078636e-08	1.74725240786e-12
1.9172041286e-08	2.1328177939e-12
1.92546747084e-08	-1.74373200341e-12
1.93373081308e-08	4.85915387788e-12
1.94199415533e-08	2.52396411063e-13
1.95025749757e-08	-5.58031008555e-12
1.95852083981e-08	-3.09616416706e-12
1.96678418206e-08	1.94541377365e-13
1.9750475243e-08	-3.43928943485e-12
1.98331086654e-08	-2.86537395373e-12
1.99157420879e-08	-3.19869629915e-12
1.99983755103e-08	6.92624668557e-14
2.00810089327e-08	9.71205971548e-13
2.01636423552e-08	-6.0326938757e-13
2.02462757776e-08	6.01481755028e-13
2.03289092e-08	4.4353813157e-12
2.04115426225e-08	-2.07635037636e-12
2.04941760449e-08	-3.31909760093e-12
2.05768094673e-08	2.75472786943e-12
2.06594428897e-08	2.63483766055e-12
2.07420763122e-08	2.15693370283e-12
2.08247097346e-08	-2.2135739422e-12
2.0907343157e-08	1.86009129106e-12
2.09899765795e-08	1.89263622136e-12
2.10726100019e-08	1.4526184075e-12
2.11552434243e-08	-6.20013328873e-12
2.12378768468e-08	2.83133759493e-12
2.13205102692e-08	-4.26787782632e-14
2.14031436916e-08	-4.2900275346e-12
2.14857771141e-08	-9.21248754365e-14
2.15684105365e-08	-1.11274271047e-12
2.16510439589e-08	4.96058218374e-13
2.17336773814e-08	-4.75781523554e-12
