% time-domain voltage integration by openEMS v0.0.36-16-g7d7688a @Tue Dec 24 21:26:19 2024
% start-coordinates: (-0.00672692,-0.00575638,0) m -> [11,29,15]
% stop-coordinates: (-0.00172692,-0.00575638,0) m -> [15,29,15]
% t/s	voltage
0	-0
8.26334224315e-11	4.07943460345e-07
1.65266844863e-10	-4.15356232963e-07
2.47900267294e-10	-2.34915620467e-06
3.30533689726e-10	-5.48256457478e-06
4.13167112157e-10	-9.09119535208e-06
4.95800534589e-10	-1.10996652438e-05
5.7843395702e-10	-7.90225806213e-06
6.61067379452e-10	4.88600107929e-06
7.43700801883e-10	3.03037927551e-05
8.26334224315e-10	6.6460985181e-05
9.08967646746e-10	0.000102578256701
9.91601069178e-10	0.000117037954624
1.07423449161e-09	8.07413689472e-05
1.15686791404e-09	-3.23573167407e-05
1.23950133647e-09	-0.00022747075127
1.3221347589e-09	-0.000470036189654
1.40476818134e-09	-0.000675479648635
1.48740160377e-09	-0.000719807008863
1.5700350262e-09	-0.000478288951854
1.65266844863e-09	0.000112687281216
1.73530187106e-09	0.000991226828774
1.81793529349e-09	0.00193576535094
1.90056871592e-09	0.00259308546083
1.98320213836e-09	0.00258156529162
2.06583556079e-09	0.00164838656201
2.14846898322e-09	-0.000176180430572
2.23110240565e-09	-0.00250210228842
2.31373582808e-09	-0.00463937141467
2.39636925051e-09	-0.00580297166016
2.47900267294e-09	-0.0054039589595
2.56163609538e-09	-0.00331472203834
2.64426951781e-09	1.20389304357e-05
2.72690294024e-09	0.00364272727165
2.80953636267e-09	0.00646345526911
2.8921697851e-09	0.00757381028961
2.97480320753e-09	0.00661724875681
3.05743662997e-09	0.0039120442234
3.1400700524e-09	0.000328860289301
3.22270347483e-09	-0.0030319946236
3.30533689726e-09	-0.00522935320623
3.38797031969e-09	-0.00578172830865
3.47060374212e-09	-0.0047732568346
3.55323716455e-09	-0.00274726614589
3.63587058699e-09	-0.000455960427644
3.71850400942e-09	0.00141881339368
3.80113743185e-09	0.00246703316225
3.88377085428e-09	0.00261729920749
3.96640427671e-09	0.00207529531326
4.04903769914e-09	0.00118681418826
4.13167112157e-09	0.000292982454994
4.21430454401e-09	-0.000370341847884
4.29693796644e-09	-0.000708361767465
4.37957138887e-09	-0.000747391022742
4.4622048113e-09	-0.000584882036492
4.54483823373e-09	-0.000336433266057
4.62747165616e-09	-9.75330649453e-05
4.7101050786e-09	7.41579533496e-05
4.79273850103e-09	0.000159374518262
4.87537192346e-09	0.00016778070858
4.95800534589e-09	0.0001251070953
5.04063876832e-09	6.13872616668e-05
5.12327219075e-09	2.24163825635e-06
5.20590561318e-09	-3.61744223483e-05
5.28853903562e-09	-4.86358048875e-05
5.37117245805e-09	-3.93125328628e-05
5.45380588048e-09	-1.80761744559e-05
5.53643930291e-09	4.00230538844e-06
5.61907272534e-09	1.85033854905e-05
5.70170614777e-09	2.19063847453e-05
5.7843395702e-09	1.568150401e-05
5.86697299264e-09	4.66061123916e-06
5.94960641507e-09	-5.70521552845e-06
6.0322398375e-09	-1.14640133688e-05
6.11487325993e-09	-1.12837383313e-05
6.19750668236e-09	-6.44809455252e-06
6.28014010479e-09	1.97926503631e-07
6.36277352723e-09	5.66560078141e-06
6.44540694966e-09	8.05391289305e-06
6.52804037209e-09	7.03531031832e-06
6.61067379452e-09	3.70468370647e-06
6.69330721695e-09	-1.50826927836e-07
6.77594063938e-09	-2.91000850439e-06
6.85857406181e-09	-3.71189989323e-06
6.94120748425e-09	-2.63420744773e-06
7.02384090668e-09	-4.8534342767e-07
7.10647432911e-09	1.67116792227e-06
7.18910775154e-09	2.98472701843e-06
7.27174117397e-09	3.11172493639e-06
7.3543745964e-09	2.24040141461e-06
7.43700801883e-09	9.14698304655e-07
7.51964144127e-09	-2.44874861721e-07
7.6022748637e-09	-8.19856801115e-07
7.68490828613e-09	-7.03610957942e-07
7.76754170856e-09	-7.83422677841e-08
7.85017513099e-09	7.01892588495e-07
7.93280855342e-09	1.30112923102e-06
8.01544197586e-09	1.52107230633e-06
8.09807539829e-09	1.34777889116e-06
8.18070882072e-09	9.34485598236e-07
8.26334224315e-09	4.89063289422e-07
8.34597566558e-09	1.97559515414e-07
8.42860908801e-09	1.37092669661e-07
8.51124251044e-09	2.91670414043e-07
8.59387593288e-09	5.53016832328e-07
8.67650935531e-09	7.9605490555e-07
8.75914277774e-09	9.2838459409e-07
8.84177620017e-09	9.26008766555e-07
8.9244096226e-09	8.10160798892e-07
9.00704304503e-09	6.51305199995e-07
9.08967646746e-09	5.24021430692e-07
9.1723098899e-09	4.69335873277e-07
9.25494331233e-09	4.93797791989e-07
9.33757673476e-09	5.72052329062e-07
9.42021015719e-09	6.64633517999e-07
9.50284357962e-09	7.27496313857e-07
9.58547700205e-09	7.46844293076e-07
9.66811042449e-09	7.19703791674e-07
9.75074384692e-09	6.69503648965e-07
9.83337726935e-09	6.17611746634e-07
9.91601069178e-09	5.87687239317e-07
9.99864411421e-09	5.85269873454e-07
1.00812775366e-08	6.07198330727e-07
1.01639109591e-08	6.38547803078e-07
1.02465443815e-08	6.63441781512e-07
1.03291778039e-08	6.79415776972e-07
1.04118112264e-08	6.74295932868e-07
1.04944446488e-08	6.60509471118e-07
1.05770780712e-08	6.4129352495e-07
1.06597114937e-08	6.29701801813e-07
1.07423449161e-08	6.22846528131e-07
1.08249783385e-08	6.26353994448e-07
1.0907611761e-08	6.37174977669e-07
1.09902451834e-08	6.46815294658e-07
1.10728786058e-08	6.55220929957e-07
1.11555120283e-08	6.55640363334e-07
1.12381454507e-08	6.51901913784e-07
1.13207788731e-08	6.45136324806e-07
1.14034122955e-08	6.39462982122e-07
1.1486045718e-08	6.36865422621e-07
1.15686791404e-08	6.36578818103e-07
1.16513125628e-08	6.40097539417e-07
1.17339459853e-08	6.44106265213e-07
1.18165794077e-08	6.47898858119e-07
1.18992128301e-08	6.47634522011e-07
1.19818462526e-08	6.48103252843e-07
1.2064479675e-08	6.46152656714e-07
1.21471130974e-08	6.43858740546e-07
1.22297465199e-08	6.41358738562e-07
1.23123799423e-08	6.39213709519e-07
1.23950133647e-08	6.42885567004e-07
1.24776467872e-08	6.40691538933e-07
1.25602802096e-08	6.44536555683e-07
1.2642913632e-08	6.44110571102e-07
1.27255470545e-08	6.43385590138e-07
1.28081804769e-08	6.43344677087e-07
1.28908138993e-08	6.43471665285e-07
1.29734473217e-08	6.44721012577e-07
1.30560807442e-08	6.41786954247e-07
1.31387141666e-08	6.43479864948e-07
1.3221347589e-08	6.42834436348e-07
1.33039810115e-08	6.43581017812e-07
1.33866144339e-08	6.44857962584e-07
1.34692478563e-08	6.43721890015e-07
1.35518812788e-08	6.44049109155e-07
1.36345147012e-08	6.44755260737e-07
1.37171481236e-08	6.43506893994e-07
1.37997815461e-08	6.41881968022e-07
1.38824149685e-08	6.43515008392e-07
1.39650483909e-08	6.42010519414e-07
1.40476818134e-08	6.43878180995e-07
1.41303152358e-08	6.43186297111e-07
1.42129486582e-08	6.43846590265e-07
1.42955820806e-08	6.42826236685e-07
1.43782155031e-08	6.43712908754e-07
1.44608489255e-08	6.43214519869e-07
1.45434823479e-08	6.43420349888e-07
1.46261157704e-08	6.4402209432e-07
1.47087491928e-08	6.42603367851e-07
1.47913826152e-08	6.4369571362e-07
1.48740160377e-08	6.4280104084e-07
1.49566494601e-08	6.4331646854e-07
1.50392828825e-08	6.4308002834e-07
1.5121916305e-08	6.42944456786e-07
1.52045497274e-08	6.435607105e-07
1.52871831498e-08	6.43664932909e-07
1.53698165723e-08	6.43264002065e-07
1.54524499947e-08	6.43658850663e-07
1.55350834171e-08	6.45475452643e-07
1.56177168396e-08	6.44457173848e-07
1.5700350262e-08	6.43124479893e-07
1.57829836844e-08	6.44408089556e-07
1.58656171068e-08	6.43558479396e-07
1.59482505293e-08	6.4329218219e-07
1.60308839517e-08	6.43058001515e-07
1.61135173741e-08	6.43119392407e-07
1.61961507966e-08	6.43036230485e-07
1.6278784219e-08	6.42923325245e-07
1.63614176414e-08	6.43105778408e-07
1.64440510639e-08	6.42212995672e-07
1.65266844863e-08	6.43855941007e-07
1.66093179087e-08	6.4360808949e-07
1.66919513312e-08	6.43465995154e-07
1.67745847536e-08	6.42686217134e-07
1.6857218176e-08	6.43738474082e-07
1.69398515985e-08	6.43153384772e-07
1.70224850209e-08	6.43324995053e-07
1.71051184433e-08	6.44371993985e-07
1.71877518658e-08	6.4330964733e-07
1.72703852882e-08	6.44062069455e-07
1.73530187106e-08	6.44534779326e-07
1.7435652133e-08	6.43656605348e-07
1.75182855555e-08	6.42997420641e-07
1.76009189779e-08	6.43472873207e-07
1.76835524003e-08	6.44013056217e-07
1.77661858228e-08	6.43553306645e-07
1.78488192452e-08	6.42878674739e-07
1.79314526676e-08	6.43680436951e-07
1.80140860901e-08	6.4320074955e-07
1.80967195125e-08	6.44223987933e-07
1.81793529349e-08	6.43640547082e-07
1.82619863574e-08	6.42595111344e-07
1.83446197798e-08	6.43143749812e-07
1.84272532022e-08	6.43273139644e-07
1.85098866247e-08	6.4328602889e-07
1.85925200471e-08	6.44262442506e-07
1.86751534695e-08	6.43476965934e-07
1.8757786892e-08	6.43711189241e-07
1.88404203144e-08	6.44269562144e-07
1.89230537368e-08	6.43039953729e-07
1.90056871592e-08	6.43103490461e-07
1.90883205817e-08	6.43722358973e-07
1.91709540041e-08	6.44033264052e-07
1.92535874265e-08	6.43627743102e-07
1.9336220849e-08	6.42866652356e-07
1.94188542714e-08	6.43711103976e-07
1.95014876938e-08	6.42692043584e-07
1.95841211163e-08	6.43123570399e-07
1.96667545387e-08	6.43031540903e-07
1.97493879611e-08	6.42754756086e-07
1.98320213836e-08	6.42599289336e-07
1.9914654806e-08	6.426314485e-07
1.99972882284e-08	6.43349736151e-07
2.00799216509e-08	6.42810618956e-07
2.01625550733e-08	6.43758284014e-07
2.02451884957e-08	6.43635701181e-07
2.03278219181e-08	6.44867128585e-07
2.04104553406e-08	6.43601225647e-07
2.0493088763e-08	6.43304446157e-07
2.05757221854e-08	6.43934811251e-07
2.06583556079e-08	6.43741074668e-07
2.07409890303e-08	6.43749018536e-07
2.08236224527e-08	6.43531720357e-07
2.09062558752e-08	6.43672876777e-07
2.09888892976e-08	6.44147490902e-07
2.107152272e-08	6.4349502793e-07
2.11541561425e-08	6.43077825657e-07
2.12367895649e-08	6.4348222395e-07
2.13194229873e-08	6.43563879521e-07
2.14020564098e-08	6.43132423761e-07
2.14846898322e-08	6.43345643425e-07
2.15673232546e-08	6.42997918021e-07
2.16499566771e-08	6.43112599619e-07
2.17325900995e-08	6.43351512508e-07
