% time-domain voltage integration by openEMS v0.0.36-16-g7d7688a @Tue Dec 31 14:48:53 2024
% start-coordinates: (-0.000333333,-0.022,1.16e-05) m -> [26,32,13]
% stop-coordinates: (-0.000333333,-0.02,1.16e-05) m -> [26,36,13]
% t/s	voltage
0	-0
1.07010246236e-10	2.2651467475e-06
2.14020492473e-10	3.69835856873e-06
3.21030738709e-10	4.49611886211e-06
4.28040984945e-10	3.32365465283e-06
5.35051231181e-10	-1.24231934251e-06
6.42061477418e-10	-1.02227890011e-05
7.49071723654e-10	-2.03307762376e-05
8.5608196989e-10	-2.75165625681e-05
9.63092216127e-10	-2.46654885814e-05
1.07010246236e-09	-3.88258926876e-06
1.1771127086e-09	3.76566629257e-05
1.28412295484e-09	9.1743369012e-05
1.39113320107e-09	0.000137093638841
1.49814344731e-09	0.000141444281326
1.60515369354e-09	7.24005330994e-05
1.71216393978e-09	-8.31723491501e-05
1.81917418602e-09	-0.000298925571769
1.92618443225e-09	-0.000500070149428
2.03319467849e-09	-0.000573792200157
2.14020492473e-09	-0.000409201620641
2.24721517096e-09	4.2983361709e-05
2.3542254172e-09	0.000711664026312
2.46123566343e-09	0.00138140632771
2.56824590967e-09	0.00173415927566
2.67525615591e-09	0.00146222799958
2.78226640214e-09	0.000427089022196
2.88927664838e-09	-0.00120306947792
2.99628689462e-09	-0.00291623681551
3.10329714085e-09	-0.00397656101268
3.21030738709e-09	-0.00369838500046
3.31731763332e-09	-0.00178637367208
3.42432787956e-09	0.00140519665729
3.5313381258e-09	0.00484835344832
3.63834837203e-09	0.0071321426658
3.74535861827e-09	0.00701045931783
3.85236886451e-09	0.0040097112942
3.95937911074e-09	-0.00118375149032
4.06638935698e-09	-0.00678869814146
4.17339960321e-09	-0.0105141618405
4.28040984945e-09	-0.0104897230049
4.38742009569e-09	-0.00617114457418
4.49443034192e-09	0.00120725442139
4.60144058816e-09	0.00891568005318
4.7084508344e-09	0.0137289969716
4.81546108063e-09	0.0132861437742
4.92247132687e-09	0.0072330366238
5.02948157311e-09	-0.0023968907044
5.13649181934e-09	-0.0118261624593
5.24350206558e-09	-0.0170168459881
5.35051231181e-09	-0.0154100873042
5.45752255805e-09	-0.00716513127554
5.56453280429e-09	0.00469824468018
5.67154305052e-09	0.0154004582437
5.77855329676e-09	0.0203478722833
5.885563543e-09	0.0171191687696
5.99257378923e-09	0.00662320017
6.09958403547e-09	-0.0071213900228
6.2065942817e-09	-0.0185538722435
6.31360452794e-09	-0.0228633275256
6.42061477418e-09	-0.0180421469267
6.52762502041e-09	-0.00581290009723
6.63463526665e-09	0.00899900961667
6.74164551289e-09	0.0204120905837
6.84865575912e-09	0.0237540400121
6.95566600536e-09	0.0176104006823
7.06267625159e-09	0.00443322386127
7.16968649783e-09	-0.0104530367535
7.27669674407e-09	-0.0210363792721
7.3837069903e-09	-0.0230823569
7.49071723654e-09	-0.0158552953508
7.59772748278e-09	-0.00238961120522
7.70473772901e-09	0.0117886706721
7.81174797525e-09	0.0209447247908
7.91875822148e-09	0.0214728675783
8.02576846772e-09	0.0133285167394
8.13277871396e-09	-1.59117771545e-05
8.23978896019e-09	-0.0130479126237
8.34679920643e-09	-0.0204949119361
8.45380945267e-09	-0.0194623369025
8.5608196989e-09	-0.0105598561349
8.66782994514e-09	0.00242040977173
8.77484019137e-09	0.0141140742926
8.88185043761e-09	0.0197994057089
8.98886068385e-09	0.0173028018326
9.09587093008e-09	0.00782638951205
9.20288117632e-09	-0.00461596416426
9.30989142256e-09	-0.0148938045604
9.41690166879e-09	-0.0188730210066
9.52391191503e-09	-0.0150763462298
9.63092216127e-09	-0.00522491105585
9.7379324075e-09	0.00653098995099
9.84494265374e-09	0.0153590985574
9.95195289997e-09	0.0177281337092
1.00589631462e-08	0.0128187548835
1.01659733924e-08	0.00279583676456
1.02729836387e-08	-0.00813756202115
1.03799938849e-08	-0.0155019471422
1.04870041312e-08	-0.0163746553008
1.05940143774e-08	-0.0105473403819
1.07010246236e-08	-0.000549214673811
1.08080348699e-08	0.00944454886485
1.09150451161e-08	0.0153561902698
1.10220553623e-08	0.0148673638469
1.11290656086e-08	0.00832640199224
1.12360758548e-08	-0.00145621514821
1.1343086101e-08	-0.0104112642584
1.14500963473e-08	-0.0149031549226
1.15571065935e-08	-0.0132042606128
1.16641168398e-08	-0.0061555650027
1.1771127086e-08	0.0032382485806
1.18781373322e-08	0.0110874901293
1.19851475785e-08	0.0142272526864
1.20921578247e-08	0.0114918027539
1.21991680709e-08	0.00414141676447
1.23061783172e-08	-0.00471220194595
1.24131885634e-08	-0.0114212242188
1.25201988096e-08	-0.0133040710352
1.26272090559e-08	-0.00971410301281
1.27342193021e-08	-0.00225194175437
1.28412295484e-08	0.00594447611365
1.29482397946e-08	0.0115183432354
1.30552500408e-08	0.0122668338008
1.31622602871e-08	0.00800856482238
1.32692705333e-08	0.000604524095252
1.33762807795e-08	-0.00685238989536
1.34832910258e-08	-0.0113276512129
1.3590301272e-08	-0.0110777951195
1.36973115182e-08	-0.00632487557596
1.38043217645e-08	0.000884480279638
1.39113320107e-08	0.00755859503988
1.4018342257e-08	0.010999836144
1.41253525032e-08	0.0098924281192
1.42323627494e-08	0.00480056396918
1.43393729957e-08	-0.00210848743882
1.44463832419e-08	-0.00798455713084
1.45533934881e-08	-0.0104679701617
1.46604037344e-08	-0.00863404822303
1.47674139806e-08	-0.00333228906675
1.48744242268e-08	0.00320184740121
1.49814344731e-08	0.00828694924712
1.50884447193e-08	0.00989365653368
1.51954549656e-08	0.00745185726555
1.53024652118e-08	0.00204720746842
1.5409475458e-08	-0.00405718776165
1.55164857043e-08	-0.00836646097014
1.56234959505e-08	-0.00917078024941
1.57305061967e-08	-0.00622202944942
1.5837516443e-08	-0.000802134503829
1.59445266892e-08	0.00483128096676
1.60515369354e-08	0.00838275364367
1.61585471817e-08	0.00845293398015
1.62655574279e-08	0.00508849715698
1.63725676742e-08	-0.000267159950454
1.64795779204e-08	-0.0053903660737
1.65865881666e-08	-0.00819890317507
1.66935984129e-08	-0.00759700447088
1.68006086591e-08	-0.00390226606396
1.69076189053e-08	0.00131299192435
1.70146291516e-08	0.005888662301
1.71216393978e-08	0.00797054270515
1.7228649644e-08	0.00676163635217
1.73356598903e-08	0.00282587092079
1.74426701365e-08	-0.00217003993748
1.75496803827e-08	-0.0061611168785
1.7656690629e-08	-0.00753756356426
1.77637008752e-08	-0.00579358724644
1.78707111215e-08	-0.00171142987529
1.79777213677e-08	0.0029869149148
1.80847316139e-08	0.00636530725751
1.81917418602e-08	0.00707172357943
1.82987521064e-08	0.00487868214259
1.84057623526e-08	0.000751280231952
1.85127725989e-08	-0.0035759495222
1.86197828451e-08	-0.00632778886938
1.87267930913e-08	-0.00641673256177
1.88338033376e-08	-0.00387158186641
1.89408135838e-08	0.000201529634069
1.90478238301e-08	0.00409912934992
1.91548340763e-08	0.00623287021881
1.92618443225e-08	0.00577650149353
1.93688545688e-08	0.00298381099128
1.9475864815e-08	-0.000943782928516
1.95828750612e-08	-0.00437361875083
1.96898853075e-08	-0.0059201521799
1.97968955537e-08	-0.00500387733337
1.99039057999e-08	-0.00206486381649
2.00109160462e-08	0.00164501242398
2.01179262924e-08	0.00459495477844
2.02249365387e-08	0.00560619495809
2.03319467849e-08	0.00432130464469
2.04389570311e-08	0.00132579703131
2.05459672774e-08	-0.00211688996933
2.06529775236e-08	-0.0045975294488
2.07599877698e-08	-0.00513655232498
2.08669980161e-08	-0.0035686691408
2.09740082623e-08	-0.000586453631058
2.10810185085e-08	0.00256435907795
2.11880287548e-08	0.00460384375765
2.1295039001e-08	0.00473638912081
2.14020492473e-08	0.00295838071906
2.15090594935e-08	3.83037040592e-05
2.16160697397e-08	-0.00281406662543
2.1723079986e-08	-0.00444727780996
2.18300902322e-08	-0.00423110861448
2.19371004784e-08	-0.00229770268197
2.20441107247e-08	0.000530475856067
2.21511209709e-08	0.00308899875381
2.22581312171e-08	0.00434905476868
2.23651414634e-08	0.00382985459873
2.24721517096e-08	0.00178043697088
2.25791619559e-08	-0.00093655706587
2.26861722021e-08	-0.00320607668255
2.27931824483e-08	-0.00411715629161
2.29001926946e-08	-0.00332729757065
2.30072029408e-08	-0.0011907580847
2.3114213187e-08	0.00139837175084
2.32212234333e-08	0.00337862575543
2.33282336795e-08	0.00395556649892
2.34352439257e-08	0.00292018946493
2.3542254172e-08	0.000724302122762
2.36492644182e-08	-0.00171495476388
2.37562746645e-08	-0.00339701629127
2.38632849107e-08	-0.003648249869
2.39702951569e-08	-0.00239185913233
2.40773054032e-08	-0.00016974749451
2.41843156494e-08	0.00209011262632
2.42913258956e-08	0.00346060679294
2.43983361419e-08	0.00339638555306
2.45053463881e-08	0.00195133505622
2.46123566343e-08	-0.000254257451161
2.47193668806e-08	-0.00229911947099
2.48263771268e-08	-0.00334606511751
2.49333873731e-08	-0.00298531848239
2.50403976193e-08	-0.00139506947744
2.51474078655e-08	0.000743859851355
