% time-domain current integration by openEMS v0.0.36-16-g7d7688a @Tue Dec 31 14:48:53 2024
% start-coordinates: (-0.00166667,-0.0213333,-1.16e-05) m -> [23,33,11]
% stop-coordinates: (0.001,-0.0213333,3.48e-05) m -> [28,33,15]
% t/s	current
5.83289252351e-15	0
1.07016079129e-10	2.02401935212e-08
2.14026325365e-10	2.99247915336e-08
3.21036571601e-10	2.98960038947e-08
4.28046817838e-10	8.6426501511e-09
5.35057064074e-10	-4.16538235015e-08
6.4206731031e-10	-1.16609875533e-07
7.49077556546e-10	-1.9133102569e-07
8.56087802783e-10	-2.16440795953e-07
9.63098049019e-10	-1.29631516188e-07
1.07010829526e-09	1.14985802213e-07
1.17711854149e-09	5.03489502535e-07
1.28412878773e-09	9.22535775771e-07
1.39113903396e-09	1.15016382551e-06
1.4981492802e-09	9.08915922082e-07
1.60515952644e-09	-9.40726163634e-09
1.71216977267e-09	-1.57355907504e-06
1.81918001891e-09	-3.3710164189e-06
1.92619026515e-09	-4.59640614281e-06
2.03320051138e-09	-4.25912412538e-06
2.14021075762e-09	-1.61517266406e-06
2.24722100385e-09	3.29583644998e-06
2.35423125009e-09	9.25580388866e-06
2.46124149633e-09	1.39068406497e-05
2.56825174256e-09	1.44103823914e-05
2.6752619888e-09	8.65812944539e-06
2.78227223504e-09	-3.36958510161e-06
2.88928248127e-09	-1.87489495147e-05
2.99629272751e-09	-3.18980819429e-05
3.10330297374e-09	-3.62738101103e-05
3.21031321998e-09	-2.71097524092e-05
3.31732346622e-09	-4.16956117988e-06
3.42433371245e-09	2.68334679276e-05
3.53134395869e-09	5.52071796847e-05
3.63835420493e-09	6.87932260917e-05
3.74536445116e-09	5.89593255427e-05
3.8523746974e-09	2.50538923865e-05
3.95938494363e-09	-2.38441680267e-05
4.06639518987e-09	-7.11616885383e-05
4.17340543611e-09	-9.86682352959e-05
4.28041568234e-09	-9.37969671213e-05
4.38742592858e-09	-5.53791978746e-05
4.49443617482e-09	4.89047579322e-06
4.60144642105e-09	6.62517704768e-05
4.70845666729e-09	0.00010664864385
4.81546691353e-09	0.000111342524178
4.92247715976e-09	7.87478711572e-05
5.029487406e-09	2.09997888305e-05
5.13649765223e-09	-4.09608946939e-05
5.24350789847e-09	-8.564779273e-05
5.35051814471e-09	-9.91236083792e-05
5.45752839094e-09	-7.96458771219e-05
5.56453863718e-09	-3.72304712073e-05
5.67154888342e-09	1.12569450721e-05
5.77855912965e-09	4.90665042889e-05
5.88556937589e-09	6.55866751913e-05
5.99257962212e-09	5.91843672737e-05
6.09958986836e-09	3.62319842679e-05
6.2066001146e-09	7.34346895115e-06
6.31361036083e-09	-1.72065938386e-05
6.42062060707e-09	-3.09531023959e-05
6.52763085331e-09	-3.25106339005e-05
6.63464109954e-09	-2.46918534685e-05
6.74165134578e-09	-1.23669697132e-05
6.84866159201e-09	-2.41543943957e-07
6.95567183825e-09	8.57809391164e-06
7.06268208449e-09	1.29449090309e-05
7.16969233072e-09	1.32179566208e-05
7.27670257696e-09	1.05107865238e-05
7.3837128232e-09	6.08729260421e-06
7.49072306943e-09	1.09291590888e-06
7.59773331567e-09	-3.4638330817e-06
7.7047435619e-09	-6.6844650064e-06
7.81175380814e-09	-7.86967302702e-06
7.91876405438e-09	-6.73293743603e-06
8.02577430061e-09	-3.60586295756e-06
8.13278454685e-09	5.33189336238e-07
8.23979479309e-09	4.30663112638e-06
8.34680503932e-09	6.40445568934e-06
8.45381528556e-09	6.08959817328e-06
8.56082553179e-09	3.51547350874e-06
8.66783577803e-09	-3.02704819433e-07
8.77484602427e-09	-3.87036288885e-06
8.8818562705e-09	-5.80211644774e-06
8.98886651674e-09	-5.37541518497e-06
9.09587676298e-09	-2.81638313027e-06
9.20288700921e-09	8.00439920567e-07
9.30989725545e-09	3.9963015297e-06
9.41690750169e-09	5.49250353288e-06
9.52391774792e-09	4.72436568089e-06
9.63092799416e-09	2.06330992114e-06
9.73793824039e-09	-1.37165045544e-06
9.84494848663e-09	-4.16615330323e-06
9.95195873287e-09	-5.19579543834e-06
1.00589689791e-08	-4.08106552641e-06
1.01659792253e-08	-1.32457853397e-06
1.02729894716e-08	1.9125052404e-06
1.03799997178e-08	4.29920919487e-06
1.0487009964e-08	4.88136583954e-06
1.05940202103e-08	3.4624329146e-06
1.07010304565e-08	6.66919788728e-07
1.08080407028e-08	-2.33328410104e-06
1.0915050949e-08	-4.30911086369e-06
1.10220611952e-08	-4.47799084213e-06
1.11290714415e-08	-2.81293455373e-06
1.12360816877e-08	-3.62475418569e-08
1.13430919339e-08	2.69264069175e-06
1.14501021802e-08	4.26114229413e-06
1.15571124264e-08	4.05641458201e-06
1.16641226726e-08	2.20428250941e-06
1.17711329189e-08	-4.99936788856e-07
1.18781431651e-08	-2.9322472983e-06
1.19851534114e-08	-4.10686288888e-06
1.20921636576e-08	-3.57544695362e-06
1.21991739038e-08	-1.5965925968e-06
1.23061841501e-08	9.86968530015e-07
1.24131943963e-08	3.10659493152e-06
1.25202046425e-08	3.90977675124e-06
1.26272148888e-08	3.10179643748e-06
1.2734225135e-08	1.0528256098e-06
1.28412353812e-08	-1.37128768074e-06
1.29482456275e-08	-3.17366061608e-06
1.30552558737e-08	-3.63623166777e-06
1.316226612e-08	-2.6049178814e-06
1.32692763662e-08	-5.37554001312e-07
1.33762866124e-08	1.69818770246e-06
1.34832968587e-08	3.1884846976e-06
1.35903071049e-08	3.34649985234e-06
1.36973173511e-08	2.14183023672e-06
1.38043275974e-08	9.89363115877e-08
1.39113378436e-08	-1.93076175492e-06
1.40183480898e-08	-3.12309748551e-06
1.41253583361e-08	-3.01501768263e-06
1.42323685823e-08	-1.68309668425e-06
1.43393788286e-08	3.01121616531e-07
1.44463890748e-08	2.11586416299e-06
1.4553399321e-08	3.02862736135e-06
1.46604095673e-08	2.69108886641e-06
1.47674198135e-08	1.27063606215e-06
1.48744300597e-08	-6.29873511571e-07
1.4981440306e-08	-2.22774360736e-06
1.50884505522e-08	-2.88157275463e-06
1.51954607984e-08	-2.34837398239e-06
1.53024710447e-08	-8.72111058925e-07
1.54094812909e-08	9.256497151e-07
1.55164915372e-08	2.3077611786e-06
1.56235017834e-08	2.72214288088e-06
1.57305120296e-08	2.02212163458e-06
1.58375222759e-08	5.17069963735e-07
1.59445325221e-08	-1.16345722745e-06
1.60515427683e-08	-2.33215860135e-06
1.61585530146e-08	-2.5249673854e-06
1.62655632608e-08	-1.68452015714e-06
1.6372573507e-08	-1.75070880459e-07
1.64795837533e-08	1.37433744385e-06
1.65865939995e-08	2.33161949836e-06
1.66936042458e-08	2.3191512355e-06
1.6800614492e-08	1.36261064654e-06
1.69076247382e-08	-1.27950272599e-07
1.70146349845e-08	-1.53303903971e-06
1.71216452307e-08	-2.28102067013e-06
1.72286554769e-08	-2.08046435546e-06
1.73356657232e-08	-1.03347667846e-06
1.74426759694e-08	4.13939005739e-07
1.75496862156e-08	1.66159281889e-06
1.76566964619e-08	2.20377273763e-06
1.77637067081e-08	1.83409281362e-06
1.78707169544e-08	7.23946641301e-07
1.79777272006e-08	-6.5601074084e-07
1.80847374468e-08	-1.73527962488e-06
1.81917476931e-08	-2.07909033634e-06
1.82987579393e-08	-1.56371561388e-06
1.84057681855e-08	-4.20081391894e-07
1.85127784318e-08	8.69004907145e-07
1.8619788678e-08	1.77280128355e-06
1.87267989242e-08	1.93075561583e-06
1.88338091705e-08	1.29653005843e-06
1.89408194167e-08	1.49215679812e-07
1.9047829663e-08	-1.02938849977e-06
1.91548399092e-08	-1.75681270775e-06
1.92618501554e-08	-1.74751278337e-06
1.93688604017e-08	-1.02437240912e-06
1.94758706479e-08	9.86623192034e-08
1.95828808941e-08	1.15271166123e-06
1.96898911404e-08	1.70971748048e-06
1.97969013866e-08	1.55606323915e-06
1.99039116328e-08	7.73569468038e-07
2.00109218791e-08	-3.01996607277e-07
2.01179321253e-08	-1.22493008803e-06
2.02249423715e-08	-1.62395008374e-06
2.03319526178e-08	-1.35152254188e-06
2.0438962864e-08	-5.36668153472e-07
2.05459731103e-08	4.74617252166e-07
2.06529833565e-08	1.26659165289e-06
2.07599936027e-08	1.52415532284e-06
2.0867003849e-08	1.1573838492e-06
2.09740140952e-08	3.31952435317e-07
2.10810243414e-08	-6.05401112352e-07
2.11880345877e-08	-1.27232829072e-06
2.12950448339e-08	-1.40616998578e-06
2.14020550801e-08	-9.66741026787e-07
2.15090653264e-08	-1.46599006712e-07
2.16160755726e-08	7.1291532322e-07
2.17230858189e-08	1.26325073779e-06
2.18300960651e-08	1.28958083678e-06
2.19371063113e-08	7.94067489096e-07
2.20441165576e-08	-1.07563380425e-08
2.21511268038e-08	-7.92035393715e-07
2.225813705e-08	-1.23435154364e-06
2.23651472963e-08	-1.16632645586e-06
2.24721575425e-08	-6.2665611722e-07
2.25791677887e-08	1.55962766257e-07
2.2686178035e-08	8.59331180436e-07
2.27931882812e-08	1.19980927593e-06
2.29001985275e-08	1.04673335954e-06
2.30072087737e-08	4.71858612627e-07
2.31142190199e-08	-2.83081817543e-07
2.32212292662e-08	-9.07608352918e-07
2.33282395124e-08	-1.15004434065e-06
2.34352497586e-08	-9.18810087569e-07
2.35422600049e-08	-3.16900383268e-07
2.36492702511e-08	4.0340103169e-07
2.37562804973e-08	9.45732892887e-07
2.38632907436e-08	1.09171764962e-06
2.39703009898e-08	7.88971419752e-07
2.40773112361e-08	1.69526614968e-07
2.41843214823e-08	-5.07051765908e-07
2.42913317285e-08	-9.62327817433e-07
2.43983419748e-08	-1.01386581264e-06
2.4505352221e-08	-6.48160437322e-07
2.46123624672e-08	-2.35261552461e-08
2.47193727135e-08	5.98286305831e-07
2.48263829597e-08	9.61780983744e-07
2.49333932059e-08	9.22868707676e-07
2.50404034522e-08	5.06113110532e-07
2.51474136984e-08	-1.08947673993e-07
