% time-domain current integration by openEMS v0.0.36-16-g7d7688a @Sun Dec 22 17:56:33 2024
% start-coordinates: (-0.0130833,-0.00024827,0.000375) m -> [19,27,14]
% stop-coordinates: (-0.0125,0,0.000375) m -> [20,28,14]
% t/s	current
7.68301479584e-14	0
6.24629102902e-11	9.68394142653e-10
1.24848990432e-10	4.67476590771e-09
1.87235070575e-10	1.00023278549e-08
2.49621150717e-10	1.56181876321e-08
3.12007230859e-10	1.63447690937e-08
3.74393311001e-10	6.79642786494e-09
4.36779391144e-10	-1.63555018418e-08
4.99165471286e-10	-5.15276887825e-08
5.61551551428e-10	-8.74346000046e-08
6.2393763157e-10	-1.02390650625e-07
6.86323711713e-10	-6.93632742355e-08
7.48709791855e-10	3.15033190645e-08
8.11095871997e-10	1.94951525145e-07
8.73481952139e-10	3.75198396796e-07
9.35868032282e-10	4.82789516809e-07
9.98254112424e-10	4.07352899856e-07
1.06064019257e-09	6.56691341305e-08
1.12302627271e-09	-5.33247487056e-07
1.18541235285e-09	-1.2366555211e-06
1.24779843299e-09	-1.74576973677e-06
1.31018451314e-09	-1.69361669577e-06
1.37257059328e-09	-8.00785358024e-07
1.43495667342e-09	9.32799423481e-07
1.49734275356e-09	3.09106076202e-06
1.5597288337e-09	4.85608188683e-06
1.62211491385e-09	5.23557446286e-06
1.68450099399e-09	3.47406171386e-06
1.74688707413e-09	-4.86610474582e-07
1.80927315427e-09	-5.71730333832e-06
1.87165923442e-09	-1.03850843516e-05
1.93404531456e-09	-1.2300142771e-05
1.9964313947e-09	-9.80612094281e-06
2.05881747484e-09	-2.68304575002e-06
2.12120355498e-09	7.36154743208e-06
2.18358963513e-09	1.6958820197e-05
2.24597571527e-09	2.21576392505e-05
2.30836179541e-09	2.00018093892e-05
2.37074787555e-09	9.98178893497e-06
2.4331339557e-09	-5.3201524679e-06
2.49552003584e-09	-2.08186793316e-05
2.55790611598e-09	-3.067362195e-05
2.62029219612e-09	-3.05831090373e-05
2.68267827626e-09	-1.96841247089e-05
2.74506435641e-09	-1.19827370781e-06
2.80745043655e-09	1.85625995073e-05
2.86983651669e-09	3.25193759636e-05
2.93222259683e-09	3.55646698154e-05
2.99460867698e-09	2.65858325292e-05
3.05699475712e-09	8.91331092134e-06
3.11938083726e-09	-1.10033734018e-05
3.1817669174e-09	-2.61322365986e-05
3.24415299755e-09	-3.15442885039e-05
3.30653907769e-09	-2.61497261818e-05
3.36892515783e-09	-1.28307146952e-05
3.43131123797e-09	2.9793432077e-06
3.49369731811e-09	1.55788002303e-05
3.55608339826e-09	2.11480091821e-05
3.6184694784e-09	1.89236889128e-05
3.68085555854e-09	1.1041531252e-05
3.74324163868e-09	1.28337831029e-06
3.80562771883e-09	-6.61699277771e-06
3.86801379897e-09	-1.03639767985e-05
3.93039987911e-09	-9.68011772784e-06
3.99278595925e-09	-5.98541191721e-06
4.05517203939e-09	-1.47094499425e-06
4.11755811954e-09	1.93908681467e-06
4.17994419968e-09	3.28988744513e-06
4.24233027982e-09	2.7435339689e-06
4.30471635996e-09	1.22741312225e-06
4.36710244011e-09	-1.6126048763e-07
4.42948852025e-09	-6.89384762609e-07
4.49187460039e-09	-2.46144054472e-07
4.55426068053e-09	7.30146439309e-07
4.61664676067e-09	1.56016460551e-06
4.67903284082e-09	1.68947690327e-06
4.74141892096e-09	9.45759438764e-07
4.8038050011e-09	-4.05246254331e-07
4.86619108124e-09	-1.80155518592e-06
4.92857716139e-09	-2.64137588601e-06
4.99096324153e-09	-2.54041560765e-06
5.05334932167e-09	-1.48714332227e-06
5.11573540181e-09	1.5520348029e-07
5.17812148195e-09	1.79211190243e-06
5.2405075621e-09	2.82490714199e-06
5.30289364224e-09	2.8739523259e-06
5.36527972238e-09	1.91622984858e-06
5.42766580252e-09	2.90028708605e-07
5.49005188267e-09	-1.43083730109e-06
5.55243796281e-09	-2.64475056611e-06
5.61482404295e-09	-2.93466155199e-06
5.67721012309e-09	-2.21075219997e-06
5.73959620324e-09	-7.35292871923e-07
5.80198228338e-09	9.74780732577e-07
5.86436836352e-09	2.32864181271e-06
5.92675444366e-09	2.86769181912e-06
5.9891405238e-09	2.41738439399e-06
6.05152660395e-09	1.14416400265e-06
6.11391268409e-09	-5.06395679167e-07
6.17629876423e-09	-1.96484711523e-06
6.23868484437e-09	-2.73299406217e-06
6.30107092452e-09	-2.55419672612e-06
6.36345700466e-09	-1.49981678987e-06
6.4258430848e-09	5.76807934749e-08
6.48822916494e-09	1.57608678819e-06
6.55061524508e-09	2.53286589214e-06
6.61300132523e-09	2.605394684e-06
6.67538740537e-09	1.78058519396e-06
6.73777348551e-09	3.54842995876e-07
6.80015956565e-09	-1.17319257242e-06
6.8625456458e-09	-2.27774398809e-06
6.92493172594e-09	-2.58630848293e-06
6.98731780608e-09	-2.00494764613e-06
7.04970388622e-09	-7.45039983485e-07
7.11208996636e-09	7.53115216412e-07
7.17447604651e-09	1.97387703338e-06
7.23686212665e-09	2.50287757808e-06
7.29924820679e-09	2.16710577661e-06
7.36163428693e-09	1.09122959202e-06
7.42402036708e-09	-3.47284583313e-07
7.48640644722e-09	-1.6503331608e-06
7.54879252736e-09	-2.37121480495e-06
7.6111786075e-09	-2.26818019655e-06
7.67356468764e-09	-1.38670429806e-06
7.73595076779e-09	-3.98888921893e-08
7.79833684793e-09	1.30258945319e-06
7.86072292807e-09	2.17899491872e-06
7.92310900821e-09	2.2947144771e-06
7.98549508836e-09	1.62092180744e-06
8.0478811685e-09	4.00292691438e-07
8.11026724864e-09	-9.41129087551e-07
8.17265332878e-09	-1.9422884634e-06
8.23503940893e-09	-2.2652059215e-06
8.29742548907e-09	-1.80821029971e-06
8.35981156921e-09	-7.37395680517e-07
8.42219764935e-09	5.73015654481e-07
8.48458372949e-09	1.6709668671e-06
8.54696980964e-09	2.18216973735e-06
8.60935588978e-09	1.93761434275e-06
8.67174196992e-09	1.02977287497e-06
8.73412805006e-09	-2.21414126145e-07
8.79651413021e-09	-1.38141172101e-06
8.85890021035e-09	-2.05202854886e-06
8.92128629049e-09	-2.00886393031e-06
8.98367237063e-09	-1.27623229673e-06
9.04605845077e-09	-1.15380196064e-07
9.10844453092e-09	1.06902655261e-06
9.17083061106e-09	1.8702272655e-06
9.2332166912e-09	2.01893408303e-06
9.29560277134e-09	1.47329433275e-06
9.35798885149e-09	4.29676305203e-07
9.42037493163e-09	-7.47895740005e-07
9.48276101177e-09	-1.65451569956e-06
9.54514709191e-09	-1.98296447707e-06
9.60753317205e-09	-1.62740980159e-06
9.6699192522e-09	-7.17725583854e-07
9.73230533234e-09	4.27377472079e-07
9.79469141248e-09	1.41186978908e-06
9.85707749262e-09	1.89902095826e-06
9.91946357277e-09	1.72725867742e-06
9.98184965291e-09	9.63719116953e-07
1.00442357331e-08	-1.21508364259e-07
1.01066218132e-08	-1.15096406716e-06
1.01690078933e-08	-1.7715069589e-06
1.02313939735e-08	-1.77569472726e-06
1.02937800536e-08	-1.17066508665e-06
1.03561661338e-08	-1.72407283117e-07
1.04185522139e-08	8.71446900419e-07
1.0480938294e-08	1.60263016369e-06
1.05433243742e-08	1.77474009888e-06
1.06057104543e-08	1.33603953145e-06
1.06680965345e-08	4.44518491349e-07
1.07304826146e-08	-5.88701936977e-07
1.07928686948e-08	-1.40757333611e-06
1.08552547749e-08	-1.73351338617e-06
1.0917640855e-08	-1.46034165027e-06
1.09800269352e-08	-6.88926263592e-07
1.10424130153e-08	3.09609447413e-07
1.11047990955e-08	1.18909747471e-06
1.11671851756e-08	1.64867708463e-06
1.12295712558e-08	1.53570670136e-06
1.12919573359e-08	8.96558503882e-07
1.1354343416e-08	-4.20455457117e-08
1.14167294962e-08	-9.53786184255e-07
1.14791155763e-08	-1.52619895744e-06
1.15415016565e-08	-1.56760938808e-06
1.16038877366e-08	-1.07107246095e-06
1.16662738167e-08	-2.1391636551e-07
1.17286598969e-08	7.05559102698e-07
1.1791045977e-08	1.3713881799e-06
1.18534320572e-08	1.5584242874e-06
1.19158181373e-08	1.20831452932e-06
1.19782042175e-08	4.47588718089e-07
1.20405902976e-08	-4.57709319335e-07
1.21029763777e-08	-1.19489345707e-06
1.21653624579e-08	-1.51264248416e-06
1.2227748538e-08	-1.30676801291e-06
1.22901346182e-08	-6.5460380938e-07
1.23525206983e-08	2.13937681792e-07
1.24149067785e-08	9.97618371912e-07
1.24772928586e-08	1.42833471273e-06
1.25396789387e-08	1.36293078867e-06
1.26020650189e-08	8.30591488921e-07
1.2664451099e-08	2.02341023936e-08
1.27268371792e-08	-7.86529597008e-07
1.27892232593e-08	-1.31309400331e-06
1.28516093395e-08	-1.38269410854e-06
1.29139954196e-08	-9.77280478764e-07
1.29763814997e-08	-2.41764496423e-07
1.30387675799e-08	5.67513325223e-07
1.310115366e-08	1.17199533634e-06
1.31635397402e-08	1.36665971695e-06
1.32259258203e-08	1.08949689093e-06
1.32883119004e-08	4.41470803025e-07
1.33506979806e-08	-3.50225889179e-07
1.34130840607e-08	-1.0117249758e-06
1.34754701409e-08	-1.31729325403e-06
1.3537856221e-08	-1.16651790449e-06
1.36002423012e-08	-6.17175714979e-07
1.36626283813e-08	1.36719918942e-07
1.37250144614e-08	8.33668764244e-07
1.37874005416e-08	1.23529548546e-06
1.38497866217e-08	1.20781885471e-06
1.39121727019e-08	7.66309881328e-07
1.3974558782e-08	6.75962397167e-08
1.40369448622e-08	-6.45474642624e-07
1.40993309423e-08	-1.12819031983e-06
1.41617170224e-08	-1.21786604268e-06
1.42241031026e-08	-8.88525164555e-07
1.42864891827e-08	-2.58307977674e-07
1.43488752629e-08	4.52799412187e-07
1.4411261343e-08	9.99532403512e-07
1.44736474232e-08	1.19605942928e-06
1.45360335033e-08	9.79260562417e-07
1.45984195834e-08	4.28814473707e-07
1.46608056636e-08	-2.61907445065e-07
1.47231917437e-08	-8.53787639699e-07
1.47855778239e-08	-1.14487852443e-06
1.4847963904e-08	-1.03923719053e-06
1.49103499841e-08	-5.78381389005e-07
1.49727360643e-08	7.48117230387e-08
1.50351221444e-08	6.93809454333e-07
1.50975082246e-08	1.06675543066e-06
1.51598943047e-08	1.06896777652e-06
1.52222803849e-08	7.04378464889e-07
1.5284666465e-08	1.02651732448e-07
1.53470525451e-08	-5.26864027961e-07
1.54094386253e-08	-9.67770233729e-07
1.54718247054e-08	-1.07101482172e-06
1.55342107856e-08	-8.05288152605e-07
1.55965968657e-08	-2.66339242216e-07
1.56589829459e-08	3.57285955488e-07
1.5721369026e-08	8.50250444273e-07
1.57837551061e-08	1.04486252894e-06
1.58461411863e-08	8.78135438143e-07
1.59085272664e-08	4.120203414e-07
1.59709133466e-08	-1.89481937696e-07
1.60332994267e-08	-7.18168791991e-07
1.60956855068e-08	-9.93554522211e-07
1.6158071587e-08	-9.24500625388e-07
1.62204576671e-08	-5.39191717053e-07
1.62828437473e-08	2.61307846472e-08
1.63452298274e-08	5.75294905047e-07
1.64076159076e-08	9.20106856483e-07
1.64700019877e-08	9.44805265135e-07
1.65323880678e-08	6.44864371679e-07
1.6594774148e-08	1.27258061866e-07
1.66571602281e-08	-4.2763670649e-07
1.67195463083e-08	-8.28780002848e-07
1.67819323884e-08	-9.40308837016e-07
1.68443184686e-08	-7.27551139335e-07
1.69067045487e-08	-2.67664347575e-07
1.69690906288e-08	2.78199848935e-07
1.7031476709e-08	7.21459286979e-07
1.70938627891e-08	9.11262134196e-07
1.71562488693e-08	7.85791485214e-07
1.72186349494e-08	3.92247045511e-07
1.72810210296e-08	-1.30814143517e-07
1.73434071097e-08	-6.02257955507e-07
1.74057931898e-08	-8.610218174e-07
1.746817927e-08	-8.21091020953e-07
1.75305653501e-08	-4.99945599586e-07
1.75929514303e-08	-1.13195177676e-08
1.76553375104e-08	4.75038376635e-07
1.77177235905e-08	7.92241849012e-07
1.77801096707e-08	8.33463047911e-07
1.78424957508e-08	5.87970873767e-07
1.7904881831e-08	1.43644356854e-07
1.79672679111e-08	-3.44407396824e-07
1.80296539913e-08	-7.08007178218e-07
1.80920400714e-08	-8.23869072519e-07
1.81544261515e-08	-6.5540587002e-07
1.82168122317e-08	-2.64137668182e-07
1.82791983118e-08	2.12707320202e-07
1.8341584392e-08	6.10351662544e-07
1.84039704721e-08	7.93385595443e-07
1.84663565523e-08	7.01806129655e-07
1.85287426324e-08	3.70573388864e-07
1.85911287125e-08	-8.36113045466e-08
1.86535147927e-08	-5.03363537518e-07
1.87159008728e-08	-7.45087675114e-07
1.8778286953e-08	-7.28084671664e-07
1.88406730331e-08	-4.61417130282e-07
1.89030591133e-08	-3.9716546496e-08
1.89654451934e-08	3.90312010268e-07
1.90278312735e-08	6.80921118601e-07
1.90902173537e-08	7.34038565042e-07
1.91526034338e-08	5.34429545951e-07
1.9214989514e-08	1.53839678774e-07
1.92773755941e-08	-2.74710941994e-07
1.93397616742e-08	-6.03453997883e-07
1.94021477544e-08	-7.20819230082e-07
1.94645338345e-08	-5.89273838614e-07
1.95269199147e-08	-2.57191175024e-07
1.95893059948e-08	1.58856224175e-07
1.9651692075e-08	5.15033207193e-07
1.97140781551e-08	6.89909313678e-07
1.97764642352e-08	6.25798463716e-07
1.98388503154e-08	3.47722021843e-07
1.99012363955e-08	-4.62156037884e-08
1.99636224757e-08	-4.19355274062e-07
2.00260085558e-08	-6.43865689653e-07
2.0088394636e-08	-6.44510123493e-07
2.01507807161e-08	-4.23873188993e-07
2.02131667962e-08	-6.05010299637e-08
2.02755528764e-08	3.19031897789e-07
2.03379389565e-08	5.8418260096e-07
2.04003250367e-08	6.45355100914e-07
2.04627111168e-08	4.84173540372e-07
2.05250971969e-08	1.58852884624e-07
2.05874832771e-08	-2.16813972997e-07
2.06498693572e-08	-5.13240479449e-07
2.07122554374e-08	-6.29719693279e-07
2.07746415175e-08	-5.28601674432e-07
2.08370275977e-08	-2.473901759e-07
2.08994136778e-08	1.15115092569e-07
2.09617997579e-08	4.33488168028e-07
2.10241858381e-08	5.99045847594e-07
2.10865719182e-08	5.56900999982e-07
2.11489579984e-08	3.24131775642e-07
2.12113440785e-08	-1.69844582842e-08
2.12737301587e-08	-3.47964146385e-07
2.13361162388e-08	-5.55308190542e-07
2.13985023189e-08	-5.6937676618e-07
2.14608883991e-08	-3.87791970979e-07
2.15232744792e-08	-7.53978710577e-08
2.15856605594e-08	2.58869761183e-07
2.16480466395e-08	4.99955717714e-07
2.17104327197e-08	5.66325581985e-07
2.17728187998e-08	4.37443901546e-07
2.18352048799e-08	1.60100398716e-07
2.18975909601e-08	-1.68648156773e-07
2.19599770402e-08	-4.35328502135e-07
2.20223631204e-08	-5.4922122672e-07
2.20847492005e-08	-4.73192784511e-07
2.21471352806e-08	-2.35733097043e-07
2.22095213608e-08	7.96360524191e-08
2.22719074409e-08	3.63681948556e-07
2.23342935211e-08	5.1930214795e-07
2.23966796012e-08	4.94692017128e-07
2.24590656814e-08	3.0055048228e-07
2.25214517615e-08	5.68371927301e-09
2.25838378416e-08	-2.87404759547e-07
2.26462239218e-08	-4.78106073842e-07
2.27086100019e-08	-5.02250202317e-07
2.27709960821e-08	-3.53675176257e-07
2.28333821622e-08	-8.56097983615e-08
2.28957682424e-08	2.08409247193e-07
2.29581543225e-08	4.27115651291e-07
2.30205404026e-08	4.96420284435e-07
