% time-domain voltage integration by openEMS v0.0.36-16-g7d7688a @Sun Dec 22 17:56:33 2024
% start-coordinates: (-0.0125,0,0) m -> [20,28,13]
% stop-coordinates: (-0.0125,0,0.0015) m -> [20,28,17]
% t/s	voltage
0	-0
6.23860801423e-11	6.39135162572e-08
1.24772160285e-10	2.07926351692e-07
1.87158240427e-10	3.26474804524e-07
2.49544320569e-10	2.7523792312e-07
3.11930400711e-10	-4.98093299939e-09
3.74316480854e-10	-5.54203353431e-07
4.36702560996e-10	-1.28781715603e-06
4.99088641138e-10	-1.87148734199e-06
5.6147472128e-10	-1.79252106136e-06
6.23860801423e-10	-5.25283894603e-07
6.86246881565e-10	2.14033627799e-06
7.48632961707e-10	5.70645420339e-06
8.11019041849e-10	8.73963881531e-06
8.73405121992e-10	9.04086323317e-06
9.35791202134e-10	4.47429874839e-06
9.98177282276e-10	-5.76369666305e-06
1.06056336242e-09	-1.97318991013e-05
1.12294944256e-09	-3.21532079397e-05
1.1853355227e-09	-3.53633622581e-05
1.24772160285e-09	-2.22475900955e-05
1.31010768299e-09	9.5241030067e-06
1.37249376313e-09	5.36022062079e-05
1.43487984327e-09	9.3990645837e-05
1.49726592341e-09	0.000108779515358
1.55965200356e-09	7.88767829363e-05
1.6220380837e-09	-8.94397089723e-07
1.68442416384e-09	-0.000113265108666
1.74681024398e-09	-0.00021832676066
1.80919632413e-09	-0.000264762638835
1.87158240427e-09	-0.000211009326449
1.93396848441e-09	-4.86132485094e-05
1.99635456455e-09	0.000183419469977
2.05874064469e-09	0.000403122438001
2.12112672484e-09	0.000512219688972
2.18351280498e-09	0.000437318129116
2.24589888512e-09	0.000169208302395
2.30828496526e-09	-0.000219351801206
2.37067104541e-09	-0.000590197450947
2.43305712555e-09	-0.000789313096902
2.49544320569e-09	-0.000711664091796
2.55782928583e-09	-0.000353420808096
2.62021536597e-09	0.000174202898052
2.68260144612e-09	0.000680328463204
2.74498752626e-09	0.000967898231465
2.8073736064e-09	0.000915319847991
2.86975968654e-09	0.00053043452499
2.93214576669e-09	-4.8362853704e-05
2.99453184683e-09	-0.000606151792454
3.05691792697e-09	-0.000938018056331
3.11930400711e-09	-0.00093062108499
3.18169008725e-09	-0.000603914129897
3.2440761674e-09	-9.64817591012e-05
3.30646224754e-09	0.000396533025196
3.36884832768e-09	0.000703721001628
3.43123440782e-09	0.000740787945688
3.49362048797e-09	0.000532210397068
3.55600656811e-09	0.000187020108569
3.61839264825e-09	-0.000155389570864
3.68077872839e-09	-0.000382589190849
3.74316480854e-09	-0.000445515332103
3.80555088868e-09	-0.000362764782039
3.86793696882e-09	-0.00019754339155
3.93032304896e-09	-2.28095013881e-05
3.9927091291e-09	0.000108077376353
4.05509520925e-09	0.000174234774022
4.11748128939e-09	0.000182838950423
4.17986736953e-09	0.00015464187527
4.24225344967e-09	0.000109352538857
4.30463952982e-09	5.80887308388e-05
4.36702560996e-09	4.40793041889e-06
4.4294116901e-09	-4.96290713272e-05
4.49179777024e-09	-9.78048119578e-05
4.55418385038e-09	-0.000128693041916
4.61656993053e-09	-0.000129925381771
4.67895601067e-09	-9.51348902163e-05
4.74134209081e-09	-2.95056552204e-05
4.80372817095e-09	4.94215801154e-05
4.8661142511e-09	0.000116690456707
4.92850033124e-09	0.000148780851305
4.99088641138e-09	0.000132822653541
5.05327249152e-09	7.22505064914e-05
5.11565857166e-09	-1.35105215122e-05
5.17804465181e-09	-9.5476891147e-05
5.24043073195e-09	-0.00014531760462
5.30281681209e-09	-0.000145562298712
5.36520289223e-09	-9.59896551649e-05
5.42758897238e-09	-1.38057391723e-05
5.48997505252e-09	7.24378896848e-05
5.55236113266e-09	0.00013296461475
5.6147472128e-09	0.000147191527503
5.67713329294e-09	0.0001107763037
5.73951937309e-09	3.68846476704e-05
5.80190545323e-09	-4.86553326482e-05
5.86429153337e-09	-0.000116439892736
5.92667761351e-09	-0.000143506498716
5.98906369366e-09	-0.000121088609376
6.0514497738e-09	-5.74756522838e-05
6.11383585394e-09	2.50700713877e-05
6.17622193408e-09	9.80689874268e-05
6.23860801423e-09	0.000136584734719
6.30099409437e-09	0.000127747542138
6.36338017451e-09	7.50903018343e-05
6.42576625465e-09	-2.78454484715e-06
6.48815233479e-09	-7.87656808825e-05
6.55053841494e-09	-0.00012670475553
6.61292449508e-09	-0.000130435808387
6.67531057522e-09	-8.926810915e-05
6.73769665536e-09	-1.7997503619e-05
6.80008273551e-09	5.84489534958e-05
6.86246881565e-09	0.000113766223876
6.92485489579e-09	0.000129297717649
6.98724097593e-09	0.00010031074271
7.04962705607e-09	3.73472867068e-05
7.11201313622e-09	-3.75884974346e-05
7.17439921636e-09	-9.87039147731e-05
7.2367852965e-09	-0.000125253474835
7.29917137664e-09	-0.000108552330857
7.36155745679e-09	-5.48041352886e-05
7.42394353693e-09	1.71331839738e-05
7.48632961707e-09	8.23496357043e-05
7.54871569721e-09	0.000118487736472
7.61110177735e-09	0.000113427158794
7.6734878575e-09	6.94104910508e-05
7.73587393764e-09	2.07345550507e-06
7.79826001778e-09	-6.51007740089e-05
7.86064609792e-09	-0.000109007340143
7.92303217807e-09	-0.000114885271614
7.98541825821e-09	-8.12617581687e-05
8.04780433835e-09	-2.02481446649e-05
8.11019041849e-09	4.68586167699e-05
8.17257649864e-09	9.69929278654e-05
8.23496257878e-09	0.000113229090857
8.29734865892e-09	9.04524531506e-05
8.35973473906e-09	3.69429953935e-05
8.4221208192e-09	-2.85986830022e-05
8.48450689935e-09	-8.3561431893e-05
8.54689297949e-09	-0.000109208434878
8.60927905963e-09	-9.70586461335e-05
8.67166513977e-09	-5.17095286341e-05
8.73405121992e-09	1.08567946882e-05
8.79643730006e-09	6.89100888849e-05
8.8588233802e-09	0.000102522290035
8.92120946034e-09	0.000100444864074
8.98359554048e-09	6.38655164948e-05
9.04598162063e-09	5.82924883474e-06
9.10836770077e-09	-5.343207431e-05
9.17075378091e-09	-9.35659791139e-05
9.23313986105e-09	-0.000101082167021
9.2955259412e-09	-7.38600374461e-05
9.35791202134e-09	-2.16981275116e-05
9.42029810148e-09	3.72087533833e-05
9.48268418162e-09	8.26045725262e-05
9.54507026176e-09	9.91060278466e-05
9.60745634191e-09	8.13939332147e-05
9.66984242205e-09	3.59400746675e-05
9.73222850219e-09	-2.13304224417e-05
9.79461458233e-09	-7.06100599928e-05
9.85700066248e-09	-9.50431312958e-05
9.91938674262e-09	-8.65246165631e-05
9.98177282276e-09	-4.83875983264e-05
1.00441589029e-08	5.87690954035e-06
1.0106544983e-08	5.7394324358e-05
1.01689310632e-08	8.84915789356e-05
1.02313171433e-08	8.87721453182e-05
1.02937032235e-08	5.85685857004e-05
1.03560893036e-08	8.66412324285e-06
1.04184753838e-08	-4.35619349446e-05
1.04808614639e-08	-8.01842634246e-05
1.0543247544e-08	-8.88606427907e-05
1.06056336242e-08	-6.69799555908e-05
1.06680197043e-08	-2.24230802814e-05
1.07304057845e-08	2.92598051601e-05
1.07927918646e-08	7.02584784449e-05
1.08551779448e-08	8.66244317876e-05
1.09175640249e-08	7.30249539629e-05
1.0979950105e-08	3.44831232724e-05
1.10423361852e-08	-1.54546110025e-05
1.11047222653e-08	-5.94753219048e-05
1.11671083455e-08	-8.25197148515e-05
1.12294944256e-08	-7.69332200434e-05
1.12918805057e-08	-4.50126899523e-05
1.13542665859e-08	1.91779204783e-06
1.1416652666e-08	4.754154088e-05
1.14790387462e-08	7.62226645747e-05
1.15414248263e-08	7.83559935371e-05
1.16038109065e-08	5.35728304385e-05
1.16661969866e-08	1.07248749828e-05
1.17285830667e-08	-3.52757679138e-05
1.17909691469e-08	-6.86211860739e-05
1.1853355227e-08	-7.80354203016e-05
1.19157413072e-08	-6.05788072789e-05
1.19781273873e-08	-2.25617523029e-05
1.20405134675e-08	2.2720135803e-05
1.21028995476e-08	5.9626174334e-05
1.21652856277e-08	7.55738328735e-05
1.22276717079e-08	6.53327806504e-05
1.2290057788e-08	3.27517764163e-05
1.23524438682e-08	-1.06824859358e-05
1.24148299483e-08	-4.99052157465e-05
1.24772160285e-08	-7.14977559255e-05
1.25396021086e-08	-6.82824174874e-05
1.26019881887e-08	-4.1699517169e-05
1.26643742689e-08	-1.18389172599e-06
1.2726760349e-08	3.91846097045e-05
1.27891464292e-08	6.55647418171e-05
1.28515325093e-08	6.91001714586e-05
1.29139185894e-08	4.8869161219e-05
1.29763046696e-08	1.21043124182e-05
1.30386907497e-08	-2.83812391899e-05
1.31010768299e-08	-5.86512924201e-05
1.316346291e-08	-6.84390597598e-05
1.32258489902e-08	-5.46250585103e-05
1.32882350703e-08	-2.22424437197e-05
1.33506211504e-08	1.73551215994e-05
1.34130072306e-08	5.04697172801e-05
1.34753933107e-08	6.58004228171e-05
1.35377793909e-08	5.83087203267e-05
1.3600165471e-08	3.08672142637e-05
1.36625515512e-08	-6.83191672124e-06
1.37249376313e-08	-4.17116880271e-05
1.37873237114e-08	-6.1841959905e-05
1.38497097916e-08	-6.0516740632e-05
1.39120958717e-08	-3.84726299671e-05
1.39744819519e-08	-3.54079429599e-06
1.4036868032e-08	3.21375346175e-05
1.40992541121e-08	5.63178336961e-05
1.41616401923e-08	6.08502514297e-05
1.42240262724e-08	4.44194647571e-05
1.42864123526e-08	1.29199063394e-05
1.43487984327e-08	-2.26523793572e-05
1.44111845129e-08	-5.00283540532e-05
1.4473570593e-08	-5.99024779149e-05
1.45359566731e-08	-4.91021828566e-05
1.45983427533e-08	-2.15979225686e-05
1.46607288334e-08	1.29475824906e-05
1.47231149136e-08	4.25749703936e-05
1.47855009937e-08	5.71750015297e-05
1.48478870739e-08	5.19347313457e-05
1.4910273154e-08	2.89158219857e-05
1.49726592341e-08	-3.74576484319e-06
1.50350453143e-08	-3.4722557757e-05
1.50974313944e-08	-5.34120608791e-05
1.51598174746e-08	-5.35656199645e-05
1.52222035547e-08	-3.53649575118e-05
1.52845896349e-08	-5.28366911112e-06
1.5346975715e-08	2.62123517132e-05
1.54093617951e-08	4.82957220811e-05
1.54717478753e-08	5.35008430234e-05
1.55341339554e-08	4.02472160204e-05
1.55965200356e-08	1.33112212097e-05
1.56589061157e-08	-1.78833452082e-05
1.57212921958e-08	-4.25649905083e-05
1.5783678276e-08	-5.23373528267e-05
1.58460643561e-08	-4.40364419774e-05
1.59084504363e-08	-2.07479120036e-05
1.59708365164e-08	9.3338555871e-06
1.60332225966e-08	3.57962380804e-05
1.60956086767e-08	4.96049915455e-05
1.61579947568e-08	4.61894696855e-05
1.6220380837e-08	2.69462525466e-05
1.62827669171e-08	-1.32003998488e-06
1.63451529973e-08	-2.88004616777e-05
1.64075390774e-08	-4.60774444946e-05
1.64699251576e-08	-4.73503223475e-05
1.65323112377e-08	-3.23795929944e-05
1.65946973178e-08	-6.50510878586e-06
1.6657083398e-08	2.1255822503e-05
1.67194694781e-08	4.13456755268e-05
1.67818555583e-08	4.69595743198e-05
1.68442416384e-08	3.63511835531e-05
1.69066277186e-08	1.33683538479e-05
1.69690137987e-08	-1.393518437e-05
1.70313998788e-08	-3.6126483792e-05
1.7093785959e-08	-4.56527668575e-05
1.71561720391e-08	-3.94110484194e-05
1.72185581193e-08	-1.97501067305e-05
1.72809441994e-08	6.40748748992e-06
1.73433302795e-08	3.00030878861e-05
1.74057163597e-08	4.29752617492e-05
1.74681024398e-08	4.10117827414e-05
1.753048852e-08	2.49751251431e-05
1.75928746001e-08	5.45041885402e-07
1.76552606803e-08	-2.37912340708e-05
1.77176467604e-08	-3.96825926146e-05
1.77800328405e-08	-4.17770979766e-05
1.78424189207e-08	-2.95265153909e-05
1.79048050008e-08	-7.31658985842e-06
1.7967191081e-08	1.70990360857e-05
1.80295771611e-08	3.5306803511e-05
1.80919632413e-08	4.11328201153e-05
1.81543493214e-08	3.27361958625e-05
1.82167354015e-08	1.31839790356e-05
1.82791214817e-08	-1.06660170331e-05
1.83415075618e-08	-3.05721478071e-05
1.8403893642e-08	-3.97554049414e-05
1.84662797221e-08	-3.52047309207e-05
1.85286658022e-08	-1.86584393305e-05
1.85910518824e-08	4.0533881247e-06
1.86534379625e-08	2.50605467045e-05
1.87158240427e-08	3.71762498617e-05
1.87782101228e-08	3.63553981515e-05
1.8840596203e-08	2.30409086726e-05
1.89029822831e-08	1.95812998527e-06
1.89653683632e-08	-1.95583165805e-05
1.90277544434e-08	-3.41155919159e-05
1.90901405235e-08	-3.68008868463e-05
1.91525266037e-08	-2.68421072178e-05
1.92149126838e-08	-7.81938638283e-06
1.9277298764e-08	1.3618519688e-05
1.93396848441e-08	3.0079454973e-05
1.94020709242e-08	3.59763816959e-05
1.94644570044e-08	2.94228625535e-05
1.95268430845e-08	1.28296346702e-05
1.95892291647e-08	-7.97862981017e-06
1.96516152448e-08	-2.58075788224e-05
1.9714001325e-08	-3.45786820617e-05
1.97763874051e-08	-3.13984128297e-05
1.98387734852e-08	-1.75089185177e-05
1.99011595654e-08	2.18922411932e-06
1.99635456455e-08	2.08623846447e-05
2.00259317257e-08	3.21134411934e-05
2.00883178058e-08	3.21715706377e-05
2.01507038859e-08	2.11570832107e-05
2.02130899661e-08	2.99139242088e-06
2.02754760462e-08	-1.59973596965e-05
2.03378621264e-08	-2.92780559903e-05
2.04002482065e-08	-3.2362406273e-05
2.04626342867e-08	-2.4323046091e-05
2.05250203668e-08	-8.06387060948e-06
2.05874064469e-08	1.07276048311e-05
2.06497925271e-08	2.5569122954e-05
2.07121786072e-08	3.14181170324e-05
2.07745646874e-08	2.6383488148e-05
2.08369507675e-08	1.23333795727e-05
2.08993368477e-08	-5.79608069984e-06
2.09617229278e-08	-2.17314977817e-05
2.10241090079e-08	-3.00331626022e-05
2.10864950881e-08	-2.79483651866e-05
2.11488811682e-08	-1.63232825798e-05
2.12112672484e-08	7.3264322964e-07
2.12736533285e-08	1.72951345121e-05
2.13360394087e-08	2.76843047686e-05
2.13984254888e-08	2.84105021819e-05
2.14608115689e-08	1.93471282728e-05
2.15231976491e-08	3.73087920025e-06
2.15855837292e-08	-1.29922486849e-05
2.16479698094e-08	-2.50663651968e-05
2.17103558895e-08	-2.84074112642e-05
2.17727419696e-08	-2.19811640818e-05
2.18351280498e-08	-8.12080224932e-06
2.18975141299e-08	8.32292016639e-06
2.19599002101e-08	2.1673896299e-05
2.20222862902e-08	2.73904493042e-05
2.20846723704e-08	2.36081741605e-05
2.21470584505e-08	1.17449380923e-05
2.22094445306e-08	-4.02623641094e-06
2.22718306108e-08	-1.8242623355e-05
2.23342166909e-08	-2.60443061961e-05
2.23966027711e-08	-2.48335350079e-05
2.24589888512e-08	-1.51389408529e-05
2.25213749314e-08	-3.96201514263e-07
2.25837610115e-08	1.42693202179e-05
2.26461470916e-08	2.38232278207e-05
2.27085331718e-08	2.50504995165e-05
2.27709192519e-08	1.76362145794e-05
2.28333053321e-08	4.23676726768e-06
2.28956914122e-08	-1.0472157328e-05
2.29580774923e-08	-2.14242095353e-05
2.30204635725e-08	-2.49091790465e-05
