% time-domain voltage integration by openEMS v0.0.36-16-g7d7688a @Wed Jan  1 11:36:08 2025
% start-coordinates: (-0.000333333,-0.012,1.16e-05) m -> [26,37,13]
% stop-coordinates: (-0.000333333,-0.01,1.16e-05) m -> [26,41,13]
% t/s	voltage
0	-0
1.07010592982e-10	1.80682184237e-06
2.14021185964e-10	3.24988906186e-06
3.21031778946e-10	4.11378783838e-06
4.28042371928e-10	2.99728947084e-06
5.3505296491e-10	-1.27375903958e-06
6.42063557891e-10	-8.84625296749e-06
7.49074150873e-10	-1.84368889222e-05
8.56084743855e-10	-2.56542348325e-05
9.63095336837e-10	-2.32540960496e-05
1.07010592982e-09	-4.47529208714e-06
1.1771165228e-09	3.34020428454e-05
1.28412711578e-09	8.40398843138e-05
1.39113770876e-09	0.000127248616991
1.49814830175e-09	0.000133059647851
1.60515889473e-09	7.03957748556e-05
1.71216948771e-09	-7.43521695767e-05
1.81918008069e-09	-0.000278196388535
1.92619067367e-09	-0.00047148608428
2.03320126666e-09	-0.000546906107047
2.14021185964e-09	-0.000396370465751
2.24722245262e-09	3.17110107062e-05
2.3542330456e-09	0.000674300070386
2.46124363858e-09	0.00132781984576
2.56825423157e-09	0.00168375883368
2.67526482455e-09	0.00143682253838
2.78227541753e-09	0.000439023555373
2.88928601051e-09	-0.00116048731434
2.99629660349e-09	-0.00286953977775
3.10330719648e-09	-0.00396128714783
3.21031778946e-09	-0.00373742124066
3.31732838244e-09	-0.00186835200293
3.42433897542e-09	0.00133467128035
3.5313495684e-09	0.00487171055283
3.63836016139e-09	0.00731942674611
3.74537075437e-09	0.0073681906797
3.85238134735e-09	0.00444283528486
3.95939194033e-09	-0.000868578492373
4.06640253331e-09	-0.0068252729252
4.17341312629e-09	-0.0110725966515
4.28042371928e-09	-0.011564114131
4.38743431226e-09	-0.00751111854333
4.49444490524e-09	7.16747472325e-05
4.60145549822e-09	0.00853830191772
4.7084660912e-09	0.014529833803
4.81547668419e-09	0.015326539753
4.92248727717e-09	0.0100830075098
5.02949787015e-09	0.000382890852052
5.13650846313e-09	-0.0102025601082
5.24351905611e-09	-0.0174512560479
5.3505296491e-09	-0.018213262083
5.45754024208e-09	-0.0117989766877
5.56455083506e-09	-0.000411137589253
5.67156142804e-09	0.0116204898804
5.77857202102e-09	0.0195317955222
5.88558261401e-09	0.0200629923493
5.99259320699e-09	0.0128308383282
6.09960379997e-09	0.000543526395631
6.20661439295e-09	-0.0120522364741
6.31362498593e-09	-0.0200666969176
6.42063557891e-09	-0.0204238553997
6.5276461719e-09	-0.0130737530999
6.63465676488e-09	-0.000971354485955
6.74166735786e-09	0.0111499078339
6.84867795084e-09	0.0186849164311
6.95568854382e-09	0.018956054002
7.06269913681e-09	0.012184808962
7.16970972979e-09	0.00127997529125
7.27672032277e-09	-0.00942149548791
7.38373091575e-09	-0.0159095935524
7.49074150873e-09	-0.0160309984349
7.59775210172e-09	-0.0102026677923
7.7047626947e-09	-0.00107819734694
7.81177328768e-09	0.00763413694222
7.91878388066e-09	0.0126800513826
8.02579447364e-09	0.0124794712756
8.13280506663e-09	0.00760144647211
8.23981565961e-09	0.00036308914423
8.34682625259e-09	-0.0062214708887
8.45383684557e-09	-0.00967808673158
8.56084743855e-09	-0.00899309816305
8.66785803154e-09	-0.00487903982867
8.77486862452e-09	0.000665797520924
8.8818792175e-09	0.00527213059831
8.98888981048e-09	0.00718418485485
9.09590040346e-09	0.00591378891841
9.20291099644e-09	0.00232595999842
9.30992158943e-09	-0.00183450637269
9.41693218241e-09	-0.00474038970424
9.52394277539e-09	-0.0052533930284
9.63095336837e-09	-0.00335187721066
9.73796396135e-09	-6.39433801553e-05
9.84497455434e-09	0.00304163072724
9.95198514732e-09	0.00456308585126
1.00589957403e-08	0.00386620807694
1.01660063333e-08	0.00133059102518
1.02730169263e-08	-0.00185071214219
1.03800275192e-08	-0.00421311176615
1.04870381122e-08	-0.00466676912038
1.05940487052e-08	-0.00296891463222
1.07010592982e-08	0.000172877680598
1.08080698912e-08	0.00340567011153
1.09150804842e-08	0.00530879065627
1.10220910771e-08	0.00500120106153
1.11291016701e-08	0.00252383644693
1.12361122631e-08	-0.00116240477655
1.13431228561e-08	-0.004560529429
1.14501334491e-08	-0.00624816177879
1.1557144042e-08	-0.00546399265295
1.1664154635e-08	-0.00243205434526
1.1771165228e-08	0.00170879323559
1.1878175821e-08	0.00534422526835
1.1985186414e-08	0.00701942981686
1.2092197007e-08	0.00601802801248
1.21992075999e-08	0.00265636050608
1.23062181929e-08	-0.0018235387397
1.24132287859e-08	-0.0057242452167
1.25202393789e-08	-0.00754226755816
1.26272499719e-08	-0.006548182806
1.27342605648e-08	-0.00307250983315
1.28412711578e-08	0.00161184412718
1.29482817508e-08	0.00576518673915
1.30552923438e-08	0.00783419923391
1.31623029368e-08	0.00703487661667
1.32693135298e-08	0.00364607933443
1.33763241227e-08	-0.00109472501208
1.34833347157e-08	-0.00545138225425
1.35903453087e-08	-0.00783172389492
1.36973559017e-08	-0.00737194088288
1.38043664947e-08	-0.00424814532744
1.39113770876e-08	0.000396487606849
1.40183876806e-08	0.00487708376022
1.41253982736e-08	0.00758430396672
1.42324088666e-08	0.00756502419244
1.43394194596e-08	0.00485668639885
1.44464300526e-08	0.000458269987575
1.45534406455e-08	-0.00404368049931
1.46604512385e-08	-0.00705250550527
1.47674618315e-08	-0.0075301725883
1.48744724245e-08	-0.00535439478699
1.49814830175e-08	-0.00134126027115
1.50884936105e-08	0.00306476867991
1.51955042034e-08	0.00631511339452
1.53025147964e-08	0.00730349018704
1.54095253894e-08	0.00574123417027
1.55165359824e-08	0.00223489152268
1.56235465754e-08	-0.00195151887601
1.57305571683e-08	-0.00535548076732
1.58375677613e-08	-0.0068286289461
1.59445783543e-08	-0.00592286256142
1.60515889473e-08	-0.00302081700647
1.61585995403e-08	0.000824530121463
1.62656101333e-08	0.00427443924127
1.63726207262e-08	0.00617177132517
1.64796313192e-08	0.00592759356368
1.65866419122e-08	0.00369906594278
1.66936525052e-08	0.000306322086544
1.68006630982e-08	-0.00307056939346
1.69076736911e-08	-0.00530298822559
1.70146842841e-08	-0.0056895983289
1.71216948771e-08	-0.00417201581877
1.72287054701e-08	-0.00132639036747
1.73357160631e-08	0.00185563543346
1.74427266561e-08	0.00431277067401
1.7549737249e-08	0.00526684493525
1.7656747842e-08	0.00446495600045
1.7763758435e-08	0.00223831291078
1.7870769028e-08	-0.000632234710793
1.7977779621e-08	-0.00319031160325
1.80847902139e-08	-0.00462096848059
1.81918008069e-08	-0.00450691464357
1.82988113999e-08	-0.00294437952107
1.84058219929e-08	-0.000489171994559
1.85128325859e-08	0.00204051713808
1.86198431789e-08	0.00383549544495
1.87268537718e-08	0.00435121165356
1.88338643648e-08	0.00346850516507
1.89408749578e-08	0.00151375558926
1.90478855508e-08	-0.000860790423758
1.91548961438e-08	-0.00289331327076
1.92619067367e-08	-0.0039540285361
1.93689173297e-08	-0.00373682531063
1.94759279227e-08	-0.00234382395865
1.95829385157e-08	-0.000241389280745
1.96899491087e-08	0.00189469222096
1.97969597017e-08	0.0033939552377
1.99039702946e-08	0.003798870428
2.00109808876e-08	0.00300186942331
2.01179914806e-08	0.00127224273456
2.02250020736e-08	-0.00083369116328
2.03320126666e-08	-0.00264928760589
2.04390232595e-08	-0.00360632344382
2.05460338525e-08	-0.00341088027926
2.06530444455e-08	-0.00213325649383
2.07600550385e-08	-0.000183828569789
2.08670656315e-08	0.00181677759974
2.09740762245e-08	0.00323333294364
2.10810868174e-08	0.00361631362466
2.11880974104e-08	0.00284446412115
2.12951080034e-08	0.00116409940529
2.14021185964e-08	-0.000887908870936
2.15091291894e-08	-0.00265386127285
2.16161397823e-08	-0.00356509105768
2.17231503753e-08	-0.00332519604126
2.18301609683e-08	-0.0020071270701
2.19371715613e-08	-3.27865509462e-05
2.20441821543e-08	0.00196085768403
2.21511927473e-08	0.00332626258023
2.22582033402e-08	0.00361601775512
2.23652139332e-08	0.0027300931979
2.24722245262e-08	0.000951519221417
2.25792351192e-08	-0.00114276460954
2.26862457122e-08	-0.00286863822839
2.27932563051e-08	-0.00365833874093
2.29002668981e-08	-0.00324800342787
2.30072774911e-08	-0.00176690737135
2.31142880841e-08	0.000302383363305
2.32212986771e-08	0.00228065301781
2.33283092701e-08	0.00351537310053
2.3435319863e-08	0.00359640974784
2.3542330456e-08	0.00249336566776
2.3649341049e-08	0.000567301387491
2.3756351642e-08	-0.00154687427857
2.3863362235e-08	-0.00315010460326
2.39703728279e-08	-0.00371083914069
2.40773834209e-08	-0.00304203783162
2.41843940139e-08	-0.00136424721859
2.42914046069e-08	0.000767095210904
2.43984151999e-08	0.00264550338034
2.45054257929e-08	0.00364834873471
2.46124363858e-08	0.00344380468596
2.47194469788e-08	0.0021011501085
2.48264575718e-08	6.74753127896e-05
2.49334681648e-08	-0.00198133615777
2.50404787578e-08	-0.00336576928385
2.51474893508e-08	-0.00362856633728
2.52544999437e-08	-0.00268616317771
2.53615105367e-08	-0.000855308811879
2.54685211297e-08	0.0012534756388
2.55755317227e-08	0.00294004377793
2.56825423157e-08	0.00364740513032
2.57895529086e-08	0.00314606376924
2.58965635016e-08	0.00160846329527
2.60035740946e-08	-0.000450292725873
2.61105846876e-08	-0.00234560715035
2.62175952806e-08	-0.0034510694677
2.63246058736e-08	-0.00340606120881
2.64316164665e-08	-0.00223319380893
2.65386270595e-08	-0.000328277057633
2.66456376525e-08	0.00167376207537
2.67526482455e-08	0.00311058695661
2.68596588385e-08	0.00351187575143
2.69666694314e-08	0.00275332696037
2.70736800244e-08	0.00109466150752
2.71806906174e-08	-0.00090934515174
2.72877012104e-08	-0.00259478535736
2.73947118034e-08	-0.00340856332332
2.75017223964e-08	-0.00309009291232
2.76087329893e-08	-0.00175427674549
2.77157435823e-08	0.000149887125417
2.78227541753e-08	0.00199019914726
2.79297647683e-08	0.00316157273483
2.80367753613e-08	0.00328471354442
2.81437859542e-08	0.00232882023556
2.82507965472e-08	0.00061818582617
2.83578071402e-08	-0.00127774648718
2.84648177332e-08	-0.00273433330585
2.85718283262e-08	-0.00327717093751
2.86788389192e-08	-0.00273658614606
2.87858495121e-08	-0.00130020936194
2.88928601051e-08	0.000552062258066
2.89998706981e-08	0.00220853989595
2.91068812911e-08	0.00312768272124
2.92138918841e-08	0.0030148079386
2.9320902477e-08	0.00191663752776
2.942791307e-08	0.000202144436116
2.9534923663e-08	-0.00156100527965
2.9641934256e-08	-0.0027945896436
2.9748944849e-08	-0.00309920439031
2.9855955442e-08	-0.00238338697818
2.99629660349e-08	-0.000890700757736
3.00699766279e-08	0.000883203509147
3.01769872209e-08	0.00235488457838
3.02839978139e-08	0.00304512860021
3.03910084069e-08	0.00273458246375
3.04980189998e-08	0.00153342625708
3.06050295928e-08	-0.000157737873906
3.07120401858e-08	-0.00178122043144
3.08190507788e-08	-0.0028061469493
3.09260613718e-08	-0.00290189267253
3.10330719648e-08	-0.00204449400189
3.11400825577e-08	-0.00052215011965
3.12470931507e-08	0.00116168620298
3.13541037437e-08	0.00245464014006
3.14611143367e-08	0.00293639342999
3.15681249297e-08	0.00245539136813
3.16751355226e-08	0.00117619588855
3.17821461156e-08	-0.000476514629554
3.18891567086e-08	-0.00195901046391
3.19961673016e-08	-0.00278708388214
3.21031778946e-08	-0.00269426614977
3.22101884876e-08	-0.0017173755914
3.23171990805e-08	-0.000182516029327
3.24242096735e-08	0.00140390593151
3.25312202665e-08	0.0025218205119
3.26382308595e-08	0.00280825173832
3.27452414525e-08	0.00217492322554
3.28522520454e-08	0.000835425744299
3.29592626384e-08	-0.000766761317209
3.30662732314e-08	-0.00210483153933
3.31732838244e-08	-0.00274204087327
3.32802944174e-08	-0.00247404407128
3.33873050104e-08	-0.00139446604589
3.34943156033e-08	0.000137576312227
3.36013261963e-08	0.00161703172489
3.37083367893e-08	0.00255905414815
3.38153473823e-08	0.00265823488007
3.39223579753e-08	0.00188724504551
3.40293685682e-08	0.000504441566591
3.41363791612e-08	-0.00103282355121
3.42433897542e-08	-0.00221937667811
3.43504003472e-08	-0.00266807238222
3.44574109402e-08	-0.00223641353659
