% time-domain voltage integration by openEMS v0.0.36-16-g7d7688a @Sun Jan  5 10:58:00 2025
% start-coordinates: (0,-0.00911115,2.2079e-05) m -> [41,49,23]
% stop-coordinates: (0,-0.00687496,2.2079e-05) m -> [41,56,23]
% t/s	voltage
0	-0
1.0700332075e-10	3.17224795765e-07
2.140066415e-10	4.32943824791e-07
3.21009962251e-10	3.40325605919e-07
4.28013283001e-10	-1.14400279472e-07
5.35016603751e-10	-9.50908237485e-07
6.42019924501e-10	-2.05373925155e-06
7.49023245251e-10	-2.90388149438e-06
8.56026566001e-10	-2.69075508186e-06
9.63029886752e-10	-5.75003966219e-07
1.0700332075e-09	3.83326860742e-06
1.17703652825e-09	9.77201750629e-06
1.284039849e-09	1.49097036228e-05
1.39104316975e-09	1.55348370754e-05
1.4980464905e-09	7.78059825279e-06
1.60504981125e-09	-1.01280184026e-05
1.712053132e-09	-3.53534369424e-05
1.81905645275e-09	-5.89489768572e-05
1.9260597735e-09	-6.70657809678e-05
2.03306309425e-09	-4.5700672672e-05
2.140066415e-09	1.15738885142e-05
2.24706973575e-09	9.58281616477e-05
2.3540730565e-09	0.000179244814717
2.46107637725e-09	0.000220132786126
2.568079698e-09	0.000177842521225
2.67508301875e-09	3.41132872563e-05
2.7820863395e-09	-0.000187855712284
2.88908966025e-09	-0.000417712963099
2.99609298101e-09	-0.000553988065803
3.10309630176e-09	-0.000501688689837
3.21009962251e-09	-0.000219818903133
3.31710294326e-09	0.000241909634497
3.42410626401e-09	0.000738874041417
3.53110958476e-09	0.00107128397212
3.63811290551e-09	0.00106024721754
3.74511622626e-09	0.000632478673651
3.85211954701e-09	-0.000124725716887
3.95912286776e-09	-0.000970273125859
4.06612618851e-09	-0.00158615592227
4.17312950926e-09	-0.00170072860783
4.28013283001e-09	-0.00120902623166
4.38713615076e-09	-0.000235460989643
4.49413947151e-09	0.000895434350241
4.60114279226e-09	0.00177568432991
4.70814611301e-09	0.00207320813206
4.81514943376e-09	0.00166698194516
4.92215275451e-09	0.000698943287716
5.02915607526e-09	-0.000481091854454
5.13615939601e-09	-0.00145433652506
5.24316271676e-09	-0.00189603882609
5.35016603751e-09	-0.00169379956787
5.45716935826e-09	-0.000974468799541
5.56417267901e-09	-3.48220200976e-05
5.67117599976e-09	0.000787289754953
5.77817932051e-09	0.00124263959879
5.88518264126e-09	0.00124838548072
5.99218596201e-09	0.000889652648766
6.09918928276e-09	0.000356297747203
6.20619260351e-09	-0.000148087214257
6.31319592426e-09	-0.000482520154037
6.42019924501e-09	-0.000602194202656
6.52720256576e-09	-0.000545372262422
6.63420588651e-09	-0.000391034329368
6.74120920726e-09	-0.000213633284147
6.84821252801e-09	-5.61753104193e-05
6.95521584876e-09	7.12365654181e-05
7.06221916951e-09	0.000174650276676
7.16922249026e-09	0.000256171928413
7.27622581101e-09	0.000303801200062
7.38322913176e-09	0.000296212547255
7.49023245251e-09	0.000217959515794
7.59723577326e-09	7.4888389463e-05
7.70423909401e-09	-0.000100054702671
7.81124241476e-09	-0.000254851935097
7.91824573551e-09	-0.000337223544193
8.02524905626e-09	-0.000315777389915
8.13225237701e-09	-0.00019398445329
8.23925569776e-09	-1.07383837076e-05
8.34625901851e-09	0.000172912143171
8.45326233926e-09	0.000295581321552
8.56026566001e-09	0.000317419351632
8.66726898076e-09	0.000233832208323
8.77427230151e-09	7.6271287071e-05
8.88127562227e-09	-9.97322968033e-05
8.98827894302e-09	-0.000234499655562
9.09528226377e-09	-0.000284754372842
9.20228558452e-09	-0.000237628786635
9.30928890527e-09	-0.000113622124445
9.41629222602e-09	4.19297007284e-05
9.52329554677e-09	0.00017536562882
9.63029886752e-09	0.000243282143856
9.73730218827e-09	0.000226288002523
9.84430550902e-09	0.000134512674776
9.95130882977e-09	2.65463441451e-06
1.00583121505e-08	-0.000122994966659
1.01653154713e-08	-0.000200732465601
1.0272318792e-08	-0.000207140741622
1.03793221128e-08	-0.000143897519592
1.04863254335e-08	-3.59070363629e-05
1.05933287543e-08	7.82859833635e-05
1.0700332075e-08	0.000160144725669
1.08073353958e-08	0.000184017311767
1.09143387165e-08	0.000145041049109
1.10213420373e-08	5.96371596657e-05
1.1128345358e-08	-4.11229052588e-05
1.12353486788e-08	-0.000122706506772
1.13423519995e-08	-0.000158850376465
1.14493553203e-08	-0.000139905490869
1.1556358641e-08	-7.51708212192e-05
1.16633619618e-08	1.12337741029e-05
1.17703652825e-08	8.92321677384e-05
1.18773686033e-08	0.000133180274133
1.1984371924e-08	0.000130205500682
1.20913752448e-08	8.38291098262e-05
1.21983785655e-08	1.19012333926e-05
1.23053818863e-08	-6.01388519499e-05
1.2412385207e-08	-0.000108183772682
1.25193885278e-08	-0.000117450746984
1.26263918485e-08	-8.69249051902e-05
1.27333951693e-08	-2.89576389605e-05
1.284039849e-08	3.55798210876e-05
1.29474018108e-08	8.47423461892e-05
1.30544051315e-08	0.000102908199551
1.31614084523e-08	8.56671449583e-05
1.3268411773e-08	4.06923581977e-05
1.33754150938e-08	-1.54777433181e-05
1.34824184145e-08	-6.34476750747e-05
1.35894217353e-08	-8.76106341821e-05
1.3696425056e-08	-8.11622467154e-05
1.38034283768e-08	-4.79068089589e-05
1.39104316975e-08	-4.11742908213e-07
1.40174350183e-08	4.46660687885e-05
1.4124438339e-08	7.23761622794e-05
1.42314416598e-08	7.43806922401e-05
1.43384449805e-08	5.13920226695e-05
1.44454483013e-08	1.24458485971e-05
1.4552451622e-08	-2.85691960471e-05
1.46594549428e-08	-5.78196436436e-05
1.47664582635e-08	-6.61528938508e-05
1.48734615843e-08	-5.19052937307e-05
1.4980464905e-08	-2.10578664337e-05
1.50874682258e-08	1.51753345108e-05
1.51944715465e-08	4.4382532451e-05
1.53014748673e-08	5.7169925185e-05
1.5408478188e-08	5.01426266055e-05
1.55154815088e-08	2.67166897174e-05
1.56224848295e-08	-4.38731143504e-06
1.57294881503e-08	-3.23501760704e-05
1.5836491471e-08	-4.79863078908e-05
1.59434947918e-08	-4.67260201731e-05
1.60504981125e-08	-2.99014479879e-05
1.61575014333e-08	-3.9773408389e-06
1.6264504754e-08	2.18831719394e-05
1.63715080748e-08	3.90310387957e-05
1.64785113955e-08	4.21982208536e-05
1.65855147163e-08	3.10767804876e-05
1.6692518037e-08	1.01567255797e-05
1.67995213578e-08	-1.30364423967e-05
1.69065246785e-08	-3.06205804463e-05
1.70135279993e-08	-3.70141015082e-05
1.712053132e-08	-3.06804615775e-05
1.72275346408e-08	-1.4422687741e-05
1.73345379615e-08	5.7862452536e-06
1.74415412823e-08	2.29720865264e-05
1.7548544603e-08	3.1547997196e-05
1.76555479238e-08	2.9107283126e-05
1.77625512445e-08	1.70600094407e-05
1.78695545653e-08	-4.71840344574e-08
1.7976557886e-08	-1.62183353041e-05
1.80835612068e-08	-2.60936310497e-05
1.81905645275e-08	-2.67078255547e-05
1.82975678483e-08	-1.83532763458e-05
1.8404571169e-08	-4.30770779758e-06
1.85115744898e-08	1.04234027276e-05
1.86185778105e-08	2.0874823349e-05
1.87255811313e-08	2.37804433709e-05
1.8832584452e-08	1.85732301361e-05
1.89395877728e-08	7.43225422184e-06
1.90465910935e-08	-5.59578273851e-06
1.91535944143e-08	-1.6051479065e-05
1.9260597735e-08	-2.05742667276e-05
1.93676010558e-08	-1.79702678906e-05
1.94746043765e-08	-9.49387901983e-06
1.95816076973e-08	1.70229658636e-06
1.9688611018e-08	1.17271486033e-05
1.97956143388e-08	1.72894697243e-05
1.99026176595e-08	1.67674259046e-05
2.00096209803e-08	1.06643425397e-05
2.0116624301e-08	1.32143213705e-06
2.02236276218e-08	-7.96104296796e-06
2.03306309425e-08	-1.40812749123e-05
2.04376342633e-08	-1.51603019276e-05
2.0544637584e-08	-1.11098532898e-05
2.06516409048e-08	-3.56015513603e-06
2.07586442255e-08	4.77478971561e-06
2.08656475463e-08	1.10635704687e-05
2.0972650867e-08	1.33126235369e-05
2.10796541878e-08	1.09870177312e-05
2.11866575085e-08	5.11033749717e-06
2.12936608293e-08	-2.15995038388e-06
2.140066415e-08	-8.31653085243e-06
2.15076674708e-08	-1.13598657663e-05
2.16146707915e-08	-1.04385966324e-05
2.17216741123e-08	-6.07429717547e-06
2.1828677433e-08	8.72530465656e-08
2.19356807538e-08	5.88812787328e-06
2.20426840745e-08	9.4071415333e-06
2.21496873953e-08	9.58955274655e-06
2.2256690716e-08	6.55377607472e-06
2.23636940368e-08	1.48877327888e-06
2.24706973575e-08	-3.80181336368e-06
2.25777006783e-08	-7.53623874061e-06
