% time-domain current integration by openEMS v0.0.36-16-g7d7688a @Sun Jan  5 10:58:00 2025
% start-coordinates: (-0.00252587,-0.00810881,-2.6092e-05) m -> [38,52,22]
% stop-coordinates: (0.00179194,-0.00810881,2.2079e-05) m -> [44,52,23]
% t/s	current
2.48613663453e-14	0
1.07028182117e-10	2.92234969557e-09
2.14031502867e-10	5.36798339112e-09
3.21034823617e-10	7.30443217023e-09
4.28038144367e-10	6.61744170571e-09
5.35041465117e-10	2.28773423816e-11
6.42044785867e-10	-1.29165567131e-08
7.49048106618e-10	-3.09488612515e-08
8.56051427368e-10	-4.74262620287e-08
9.63054748118e-10	-5.01156200983e-08
1.07005806887e-09	-2.51923513162e-08
1.17706138962e-09	3.66958019526e-08
1.28406471037e-09	1.29955253669e-07
1.39106803112e-09	2.26010755e-07
1.49807135187e-09	2.72882004992e-07
1.60507467262e-09	2.08079740105e-07
1.71207799337e-09	-1.28460717619e-08
1.81908131412e-09	-3.79529097927e-07
1.92608463487e-09	-7.96442407136e-07
2.03308795562e-09	-1.08253732378e-06
2.14009127637e-09	-1.01648879536e-06
2.24709459712e-09	-4.3047998588e-07
2.35409791787e-09	6.74794534916e-07
2.46110123862e-09	2.04367711376e-06
2.56810455937e-09	3.1691008644e-06
2.67510788012e-09	3.42509929396e-06
2.78211120087e-09	2.31754029301e-06
2.88911452162e-09	-2.26077233378e-07
2.99611784237e-09	-3.65790469914e-06
3.10312116312e-09	-6.835422937e-06
3.21012448387e-09	-8.33784361021e-06
3.31712780462e-09	-7.01571389072e-06
3.42413112537e-09	-2.58292152466e-06
3.53113444612e-09	4.01754095947e-06
3.63813776687e-09	1.07057103378e-05
3.74514108762e-09	1.48859662659e-05
3.85214440837e-09	1.44336336234e-05
3.95914772912e-09	8.67622929945e-06
4.06615104987e-09	-1.07245750769e-06
4.17315437062e-09	-1.17397285067e-05
4.28015769137e-09	-1.94998938241e-05
4.38716101212e-09	-2.12248160096e-05
4.49416433287e-09	-1.58030507009e-05
4.60116765362e-09	-4.74659918837e-06
4.70817097437e-09	8.23467325972e-06
4.81517429512e-09	1.85807730304e-05
4.92217761587e-09	2.26313095482e-05
5.02918093662e-09	1.90570171981e-05
5.13618425738e-09	9.36758624448e-06
5.24318757813e-09	-2.72311490335e-06
5.35019089888e-09	-1.28033170768e-05
5.45719421963e-09	-1.7499391106e-05
5.56419754038e-09	-1.57153972395e-05
5.67120086113e-09	-8.88531576493e-06
5.77820418188e-09	-1.89025172403e-07
5.88520750263e-09	6.87365945851e-06
5.99221082338e-09	9.90925946098e-06
6.09921414413e-09	8.46270904731e-06
6.20621746488e-09	3.96184623241e-06
6.31322078563e-09	-1.11518500034e-06
6.42022410638e-09	-4.4186795094e-06
6.52722742713e-09	-4.71648900202e-06
6.63423074788e-09	-2.29350507652e-06
6.74123406863e-09	1.34531683216e-06
6.84823738938e-09	4.26738961323e-06
6.95524071013e-09	5.01138492837e-06
7.06224403088e-09	3.1998670238e-06
7.16924735163e-09	-3.65260007129e-07
7.27625067238e-09	-4.1161374611e-06
7.38325399313e-09	-6.42446730126e-06
7.49025731388e-09	-6.2849267124e-06
7.59726063463e-09	-3.70261204807e-06
7.70426395538e-09	3.46224112491e-07
7.81126727613e-09	4.33175227954e-06
7.91827059688e-09	6.77766956869e-06
8.02527391763e-09	6.81400752001e-06
8.13227723838e-09	4.4736793825e-06
8.23928055913e-09	6.42076599888e-07
8.34628387988e-09	-3.29839872393e-06
8.45328720063e-09	-5.98092037762e-06
8.56029052138e-09	-6.53273127682e-06
8.66729384213e-09	-4.85411965201e-06
8.77429716288e-09	-1.61414993727e-06
8.88130048363e-09	2.01783655029e-06
8.98830380438e-09	4.79679920318e-06
9.09530712513e-09	5.82873326493e-06
9.20231044588e-09	4.854679446e-06
9.30931376663e-09	2.30454020311e-06
9.41631708738e-09	-8.84354221853e-07
9.52332040813e-09	-3.60954004464e-06
9.63032372888e-09	-4.98143845107e-06
9.73732704963e-09	-4.61326499135e-06
9.84433037038e-09	-2.72033275905e-06
9.95133369113e-09	-1.73749352683e-08
1.00583370119e-08	2.54727910942e-06
1.01653403326e-08	4.12306053477e-06
1.02723436534e-08	4.23623714596e-06
1.03793469741e-08	2.92729100693e-06
1.04863502949e-08	7.10646190782e-07
1.05933536156e-08	-1.62311266649e-06
1.07003569364e-08	-3.28692635776e-06
1.08073602571e-08	-3.76009165848e-06
1.09143635779e-08	-2.94847041005e-06
1.10213668986e-08	-1.19269884635e-06
1.11283702194e-08	8.6898421614e-07
1.12353735401e-08	2.5304477731e-06
1.13423768609e-08	3.25736027662e-06
1.14493801816e-08	2.85676242129e-06
1.15563835024e-08	1.52328073e-06
1.16633868231e-08	-2.46775471169e-07
1.17703901439e-08	-1.83768815987e-06
1.18773934646e-08	-2.7268051781e-06
1.19843967854e-08	-2.65441030933e-06
1.20914001061e-08	-1.69646489212e-06
1.21984034269e-08	-2.21105281639e-07
1.23054067476e-08	1.25022802422e-06
1.24124100684e-08	2.22552080231e-06
1.25194133891e-08	2.40516146732e-06
1.26264167099e-08	1.77182869265e-06
1.27334200306e-08	5.81131530453e-07
1.28404233514e-08	-7.38585129056e-07
1.29474266721e-08	-1.73883915977e-06
1.30544299929e-08	-2.10214784602e-06
1.31614333136e-08	-1.741235792e-06
1.32684366344e-08	-8.15812484234e-07
1.33754399551e-08	3.34151110337e-07
1.34824432759e-08	1.31183765006e-06
1.35894465966e-08	1.7994236714e-06
1.36964499174e-08	1.66012046066e-06
1.38034532381e-08	9.7426868706e-07
1.39104565589e-08	7.25242088606e-10
1.40174598796e-08	-9.1932452051e-07
1.41244632004e-08	-1.48094602537e-06
1.42314665211e-08	-1.51549716065e-06
1.43384698419e-08	-1.03979562027e-06
1.44454731626e-08	-2.40415687358e-07
1.45524764834e-08	5.9777386241e-07
1.46594798041e-08	1.19225296658e-06
1.47664831249e-08	1.35724303618e-06
1.48734864456e-08	1.06065442651e-06
1.49804897664e-08	4.26523854458e-07
1.50874930871e-08	-3.14820198355e-07
1.51944964079e-08	-9.09591392428e-07
1.53014997286e-08	-1.16667945349e-06
1.54085030494e-08	-1.01823434306e-06
1.55155063701e-08	-5.35729043349e-07
1.56225096909e-08	1.0142856155e-07
1.57295130116e-08	6.71748694003e-07
1.58365163324e-08	9.88030933513e-07
1.59435196531e-08	9.58112536864e-07
1.60505229739e-08	6.10620816133e-07
1.61575262946e-08	7.8899866196e-08
1.62645296154e-08	-4.49240019407e-07
1.63715329361e-08	-7.97302050159e-07
1.64785362569e-08	-8.58516500557e-07
1.65855395776e-08	-6.27835618161e-07
1.66925428984e-08	-1.98133150775e-07
1.67995462191e-08	2.76116509212e-07
1.69065495399e-08	6.33848799225e-07
1.70135528606e-08	7.61652074743e-07
1.71205561814e-08	6.2913545662e-07
1.72275595021e-08	2.94624982189e-07
1.73345628229e-08	-1.19089115458e-07
1.74415661436e-08	-4.69330586839e-07
1.75485694644e-08	-6.42341717594e-07
1.76555727851e-08	-5.89764397319e-07
1.77625761059e-08	-3.41330689935e-07
1.78695794266e-08	9.31401089588e-09
1.79765827474e-08	3.39358194879e-07
1.80835860681e-08	5.39483323792e-07
1.81905893889e-08	5.49719970877e-07
1.82975927096e-08	3.76869365937e-07
1.84045960304e-08	8.8599868775e-08
1.85115993511e-08	-2.12433235447e-07
1.86186026719e-08	-4.24826652079e-07
1.87256059926e-08	-4.82293785353e-07
1.88326093134e-08	-3.73934710751e-07
1.89396126341e-08	-1.44924641177e-07
1.90466159549e-08	1.21626513305e-07
1.91536192756e-08	3.3452874959e-07
1.92606225964e-08	4.25425099593e-07
1.93676259171e-08	3.70473088651e-07
1.94746292379e-08	1.95901591837e-07
1.95816325586e-08	-3.34419603121e-08
1.96886358794e-08	-2.37893715394e-07
1.97956392002e-08	-3.50387495018e-07
1.99026425209e-08	-3.38220701224e-07
2.00096458417e-08	-2.12182797554e-07
2.01166491624e-08	-2.05626147221e-08
2.02236524832e-08	1.69001111772e-07
2.03306558039e-08	2.93206568358e-07
2.04376591247e-08	3.14003642643e-07
2.05446624454e-08	2.30002029866e-07
2.06516657662e-08	7.49379864828e-08
2.07586690869e-08	-9.54801180342e-08
2.08656724077e-08	-2.23410125955e-07
2.09726757284e-08	-2.68347804422e-07
2.10796790492e-08	-2.19712532612e-07
2.11866823699e-08	-9.88089752241e-08
2.12936856907e-08	5.00210965981e-08
2.14006890114e-08	1.75488267473e-07
2.15076923322e-08	2.36865062675e-07
2.16146956529e-08	2.1706441089e-07
2.17216989737e-08	1.2708288466e-07
2.18287022944e-08	7.97338861602e-10
2.19357056152e-08	-1.17592676929e-07
2.20427089359e-08	-1.88895981523e-07
2.21497122567e-08	-1.91789496284e-07
2.22567155774e-08	-1.28991331394e-07
2.23637188982e-08	-2.50399221358e-08
2.24707222189e-08	8.30718249745e-08
2.25777255397e-08	1.58941446671e-07
