% time-domain voltage integration by openEMS v0.0.36-16-g7d7688a @Sat Jan  4 14:51:54 2025
% start-coordinates: (0,-0.00911115,2.2079e-05) m -> [40,49,23]
% stop-coordinates: (0,-0.00687496,2.2079e-05) m -> [40,56,23]
% t/s	voltage
0	-0
1.06960622026e-10	1.51783696722e-07
2.13921244052e-10	2.35952096972e-07
3.20881866078e-10	2.51329861811e-07
4.27842488105e-10	9.28056023142e-08
5.34803110131e-10	-2.80159994759e-07
6.41763732157e-10	-8.6320287096e-07
7.48724354183e-10	-1.47638164094e-06
8.55684976209e-10	-1.73406570525e-06
9.62645598235e-10	-1.15580279214e-06
1.06960622026e-09	6.37740711795e-07
1.17656684229e-09	3.60715847592e-06
1.28352746431e-09	6.95294806974e-06
1.39048808634e-09	9.01684052224e-06
1.49744870837e-09	7.6435636629e-06
1.60440933039e-09	1.10877051895e-06
1.71136995242e-09	-1.06230927486e-05
1.81833057444e-09	-2.47080884037e-05
1.92529119647e-09	-3.52127340193e-05
2.0322518185e-09	-3.45130174537e-05
2.13921244052e-09	-1.64407060765e-05
2.24617306255e-09	1.96071146092e-05
2.35313368458e-09	6.54221630612e-05
2.4600943066e-09	0.000103814561953
2.56705492863e-09	0.00011308851208
2.67401555065e-09	7.5889681284e-05
2.78097617268e-09	-1.03687020783e-05
2.88793679471e-09	-0.000126296725284
2.99489741673e-09	-0.000231490423175
3.10185803876e-09	-0.000276177339401
3.20881866078e-09	-0.000221350390348
3.31577928281e-09	-6.0145615862e-05
3.42273990484e-09	0.000169660066604
3.52970052686e-09	0.000390603279811
3.63666114889e-09	0.000510111582116
3.74362177092e-09	0.000457810449007
3.85058239294e-09	0.000220882644498
3.95754301497e-09	-0.000139367337397
4.06450363699e-09	-0.000500858819578
4.17146425902e-09	-0.000722985365428
4.27842488105e-09	-0.000703092402546
4.38538550307e-09	-0.000423841927841
4.4923461251e-09	3.06296728922e-05
4.59930674712e-09	0.00050012201973
4.70626736915e-09	0.000807981195976
4.81322799118e-09	0.000831683064462
4.9201886132e-09	0.000554760343221
5.02714923523e-09	7.70478800405e-05
5.13410985726e-09	-0.000422563745815
5.24107047928e-09	-0.000756337467465
5.34803110131e-09	-0.000801973073976
5.45499172333e-09	-0.00055019503634
5.56195234536e-09	-0.000106273786514
5.66891296739e-09	0.000354304600478
5.77587358941e-09	0.000656773176161
5.88283421144e-09	0.000695019502018
5.98979483346e-09	0.000469345868623
6.09675545549e-09	8.04847804829e-05
6.20371607752e-09	-0.000315267145197
6.31067669954e-09	-0.00056956923072
6.41763732157e-09	-0.000597913807724
6.5245979436e-09	-0.000406542723795
6.63155856562e-09	-8.23237387522e-05
6.73851918765e-09	0.000247147434493
6.84547980967e-09	0.000464877790364
6.9524404317e-09	0.000506242613483
7.05940105373e-09	0.000376242609491
7.16636167575e-09	0.000138691855682
7.27332229778e-09	-0.000114745581413
7.3802829198e-09	-0.00030093820169
7.48724354183e-09	-0.000372453727323
7.59420416386e-09	-0.000326925874106
7.70116478588e-09	-0.000198596173504
7.80812540791e-09	-3.90459608752e-05
7.91508602994e-09	0.000103136740108
8.02204665196e-09	0.000195987304323
8.12900727399e-09	0.000228139901083
8.23596789601e-09	0.000205041027584
8.34292851804e-09	0.000141873202665
8.44988914007e-09	5.73052161599e-05
8.55684976209e-09	-3.01143504657e-05
8.66381038412e-09	-0.00010355532595
8.77077100614e-09	-0.000149212861288
8.87773162817e-09	-0.000158439255756
8.9846922502e-09	-0.000130283824546
9.09165287222e-09	-7.2848723903e-05
9.19861349425e-09	-1.92147167866e-06
9.30557411628e-09	6.33658169136e-05
9.4125347383e-09	0.000106438384137
9.51949536033e-09	0.000118343114082
9.62645598235e-09	9.99301264528e-05
9.73341660438e-09	6.02023151259e-05
9.84037722641e-09	1.23702677683e-05
9.94733784843e-09	-3.0882204328e-05
1.00542984705e-08	-6.08037012171e-05
1.01612590925e-08	-7.36669908292e-05
1.02682197145e-08	-7.00126975062e-05
1.03751803365e-08	-5.30355050614e-05
1.04821409586e-08	-2.72678685178e-05
1.05891015806e-08	2.04585060715e-06
1.06960622026e-08	2.92574557079e-05
1.08030228246e-08	4.88374598717e-05
1.09099834467e-08	5.6458488416e-05
1.10169440687e-08	5.03740538988e-05
1.11239046907e-08	3.23713404669e-05
1.12308653127e-08	7.57796811968e-06
1.13378259348e-08	-1.70287316905e-05
1.14447865568e-08	-3.48813819073e-05
1.15517471788e-08	-4.19419970967e-05
1.16587078009e-08	-3.77521646442e-05
1.17656684229e-08	-2.50878090355e-05
1.18726290449e-08	-8.52639402638e-06
1.19795896669e-08	7.31350183969e-06
1.2086550289e-08	1.90859873328e-05
1.2193510911e-08	2.51957426372e-05
1.2300471533e-08	2.55422291957e-05
1.2407432155e-08	2.09577679016e-05
1.25143927771e-08	1.27618512806e-05
1.26213533991e-08	2.59607099906e-06
1.27283140211e-08	-7.59737923772e-06
1.28352746431e-08	-1.57102971343e-05
1.29422352652e-08	-1.9879479396e-05
1.30491958872e-08	-1.9074426973e-05
1.31561565092e-08	-1.35685720579e-05
1.32631171312e-08	-4.99395042652e-06
1.33700777533e-08	4.14532973991e-06
1.34770383753e-08	1.13156304451e-05
1.35839989973e-08	1.47998493958e-05
1.36909596193e-08	1.41767661717e-05
1.37979202414e-08	1.02645651623e-05
1.39048808634e-08	4.62745026653e-06
1.40118414854e-08	-1.07418877349e-06
1.41188021075e-08	-5.58796693895e-06
1.42257627295e-08	-8.26310918001e-06
