% time-domain current integration by openEMS v0.0.36-16-g7d7688a @Sat Jan  4 14:51:54 2025
% start-coordinates: (-0.00252587,-0.00810881,-2.6092e-05) m -> [37,52,22]
% stop-coordinates: (0.00179194,-0.00810881,2.2079e-05) m -> [43,52,23]
% t/s	current
3.63070678975e-14	0
1.06996929094e-10	1.5556016475e-09
2.1395755112e-10	1.93843785468e-09
3.20918173146e-10	1.33254285384e-09
4.27878795173e-10	-5.61924617948e-10
5.34839417199e-10	-4.60862770169e-09
6.41800039225e-10	-9.61046886516e-09
7.48760661251e-10	-1.32135244968e-08
8.55721283277e-10	-1.20782175372e-08
9.62681905303e-10	-2.24665752668e-09
1.06964252733e-09	1.80638348724e-08
1.17660314936e-09	4.51771384746e-08
1.28356377138e-09	6.83778651478e-08
1.39052439341e-09	7.08934493332e-08
1.49748501543e-09	3.53661349095e-08
1.60444563746e-09	-4.64019898061e-08
1.71140625949e-09	-1.61220512496e-07
1.81836688151e-09	-2.68876959808e-07
1.92532750354e-09	-3.07081620576e-07
2.03228812556e-09	-2.12714212466e-07
2.13924874759e-09	4.38063167962e-08
2.24620936962e-09	4.24076176841e-07
2.35316999164e-09	8.05688387118e-07
2.46013061367e-09	1.00358977306e-06
2.5670912357e-09	8.34864408716e-07
2.67405185772e-09	2.12107977404e-07
2.78101247975e-09	-7.72197608967e-07
2.88797310177e-09	-1.81817904377e-06
2.9949337238e-09	-2.48431342698e-06
3.10189434583e-09	-2.34624008044e-06
3.20885496785e-09	-1.20046934171e-06
3.31581558988e-09	7.74677801019e-07
3.4227762119e-09	2.99201701637e-06
3.52973683393e-09	4.61135959995e-06
3.63669745596e-09	4.84903648612e-06
3.74365807798e-09	3.32866875397e-06
3.85061870001e-09	3.1795718769e-07
3.95757932204e-09	-3.27820634993e-06
4.06453994406e-09	-6.20312766841e-06
4.17150056609e-09	-7.3201822488e-06
4.27846118811e-09	-6.08063692198e-06
4.38542181014e-09	-2.7798314477e-06
4.49238243217e-09	1.52430118305e-06
4.59934305419e-09	5.40802147952e-06
4.70630367622e-09	7.62647050578e-06
4.81326429824e-09	7.56946701586e-06
4.92022492027e-09	5.43537498743e-06
5.0271855423e-09	2.06669301406e-06
5.13414616432e-09	-1.44904220178e-06
5.24110678635e-09	-4.20764217779e-06
5.34806740838e-09	-5.74852538193e-06
5.4550280304e-09	-6.05806735621e-06
5.56198865243e-09	-5.37323012395e-06
5.66894927445e-09	-3.94395920011e-06
5.77590989648e-09	-1.91371236724e-06
5.88287051851e-09	6.17422756477e-07
5.98983114053e-09	3.41422946804e-06
6.09679176256e-09	5.96627751293e-06
6.20375238458e-09	7.52825735617e-06
6.31071300661e-09	7.37584787203e-06
6.41767362864e-09	5.17232456332e-06
6.52463425066e-09	1.25089968606e-06
6.63159487269e-09	-3.36525158673e-06
6.73855549472e-09	-7.26282996766e-06
6.84551611674e-09	-9.15311284189e-06
6.95247673877e-09	-8.3793011072e-06
7.05943736079e-09	-5.18664000992e-06
7.16639798282e-09	-6.32115757071e-07
7.27335860485e-09	3.82332746085e-06
7.38031922687e-09	6.85604481987e-06
7.4872798489e-09	7.72350904299e-06
7.59424047092e-09	6.44263991489e-06
7.70120109295e-09	3.66838480659e-06
7.80816171498e-09	3.69727416683e-07
7.915122337e-09	-2.53195707955e-06
8.02208295903e-09	-4.41718748334e-06
8.12904358106e-09	-5.05162461195e-06
8.23600420308e-09	-4.52568519904e-06
8.34296482511e-09	-3.13036912303e-06
8.44992544713e-09	-1.2452979945e-06
8.55688606916e-09	7.28530494598e-07
8.66384669119e-09	2.40558347286e-06
8.77080731321e-09	3.45576472682e-06
8.87776793524e-09	3.66561494047e-06
8.98472855727e-09	3.00534475173e-06
9.09168917929e-09	1.66263112078e-06
9.19864980132e-09	8.46600567428e-09
9.30561042334e-09	-1.50795415266e-06
9.41257104537e-09	-2.49974368671e-06
9.5195316674e-09	-2.76099353869e-06
9.62649228942e-09	-2.31453350352e-06
9.73345291145e-09	-1.37672122946e-06
9.84041353347e-09	-2.57925705682e-07
9.9473741555e-09	7.46976013488e-07
1.00543347775e-08	1.43642876083e-06
1.01612953996e-08	1.72638863205e-06
1.02682560216e-08	1.6316566871e-06
1.03752166436e-08	1.22806534364e-06
1.04821772656e-08	6.220858495e-07
1.05891378877e-08	-6.34381009945e-08
1.06960985097e-08	-6.96400434208e-07
1.08030591317e-08	-1.14791646411e-06
1.09100197537e-08	-1.31796093683e-06
1.10169803758e-08	-1.16760452329e-06
1.11239409978e-08	-7.4084289281e-07
1.12309016198e-08	-1.59212135031e-07
1.13378622418e-08	4.13687814671e-07
1.14448228639e-08	8.25291749607e-07
1.15517834859e-08	9.83200152405e-07
1.16587441079e-08	8.78939033555e-07
1.17657047299e-08	5.79022469083e-07
1.1872665352e-08	1.91031489294e-07
1.1979625974e-08	-1.77535383727e-07
1.2086586596e-08	-4.4950010647e-07
1.2193547218e-08	-5.88649982092e-07
1.23005078401e-08	-5.93403456151e-07
1.24074684621e-08	-4.83630685721e-07
1.25144290841e-08	-2.9037295235e-07
1.26213897062e-08	-5.21705736389e-08
1.27283503282e-08	1.85443767009e-07
1.28353109502e-08	3.73190772507e-07
1.29422715722e-08	4.67830915341e-07
1.30492321943e-08	4.45937587301e-07
1.31561928163e-08	3.14762814924e-07
1.32631534383e-08	1.13174209559e-07
1.33701140603e-08	-9.99873748242e-08
1.34770746824e-08	-2.65745001116e-07
1.35840353044e-08	-3.44659270013e-07
1.36909959264e-08	-3.27714843706e-07
1.37979565484e-08	-2.34686467593e-07
1.39049171705e-08	-1.02396242596e-07
1.40118777925e-08	3.04591516453e-08
1.41188384145e-08	1.34956181341e-07
1.42257990365e-08	1.96260373286e-07
