% time-domain voltage integration by openEMS v0.0.36-16-g7d7688a @Thu Jan  2 11:22:22 2025
% start-coordinates: (0,-0.0121208,1.4011e-05) m -> [30,81,6]
% stop-coordinates: (0,-0.00984722,1.4011e-05) m -> [30,85,6]
% t/s	voltage
0	-0
1.06866141356e-10	3.3302861624e-07
2.13732282711e-10	5.15790290478e-07
3.20598424067e-10	5.31994800212e-07
4.27464565423e-10	2.00887711799e-07
5.34330706779e-10	-6.23459996518e-07
6.41196848134e-10	-1.89652976701e-06
7.4806298949e-10	-3.2156871157e-06
8.54929130846e-10	-3.76946570668e-06
9.61795272202e-10	-2.48588389695e-06
1.06866141356e-09	1.47423804719e-06
1.17552755491e-09	8.00448094651e-06
1.28239369627e-09	1.53291762217e-05
1.38925983762e-09	1.97867025236e-05
1.49612597898e-09	1.66237075518e-05
1.60299212034e-09	2.01619027962e-06
1.70985826169e-09	-2.4040543849e-05
1.81672440305e-09	-5.5172613429e-05
1.9235905444e-09	-7.81378730608e-05
2.03045668576e-09	-7.59532613301e-05
2.13732282711e-09	-3.49537831426e-05
2.24418896847e-09	4.6034972911e-05
2.35105510983e-09	0.000148429633555
2.45792125118e-09	0.000233532638958
2.56478739254e-09	0.000252619567618
2.67165353389e-09	0.000166855847056
2.77851967525e-09	-2.92198510579e-05
2.8853858166e-09	-0.000291467236821
2.99225195796e-09	-0.000528351723915
3.09911809932e-09	-0.000627257119049
3.20598424067e-09	-0.000499986512295
3.31285038203e-09	-0.000131068412884
3.41971652338e-09	0.000393950074795
3.52658266474e-09	0.000899549238966
3.63344880609e-09	0.00117555522593
3.74031494745e-09	0.00106117635733
3.84718108881e-09	0.000524772352946
3.95404723016e-09	-0.000298393184494
4.06091337152e-09	-0.00113525168854
4.16777951287e-09	-0.0016685227456
4.27464565423e-09	-0.0016620575916
4.38151179558e-09	-0.0010663180874
4.48837793694e-09	-5.55564483875e-05
4.5952440783e-09	0.00102552033786
4.70211021965e-09	0.00178902520565
4.80897636101e-09	0.0019547312404
4.91584250236e-09	0.00146148816566
5.02270864372e-09	0.000491662220156
5.12957478508e-09	-0.000601889449172
5.23644092643e-09	-0.00143493272481
5.34330706779e-09	-0.00173818331677
5.45017320914e-09	-0.00145100682857
5.5570393505e-09	-0.000727803912014
5.66390549185e-09	0.000138968207466
5.77077163321e-09	0.000840990600409
5.87763777457e-09	0.00116842606803
5.98450391592e-09	0.00107237153861
6.09137005728e-09	0.000657923825202
6.19823619863e-09	0.000120785409308
6.30510233999e-09	-0.000338958932844
6.41196848134e-09	-0.000588726325077
6.5188346227e-09	-0.000596169775235
6.62570076406e-09	-0.000418205920141
6.73256690541e-09	-0.000159933057148
6.83943304677e-09	7.41369804018e-05
6.94629918812e-09	0.000216296266444
7.05316532948e-09	0.000248905409535
7.16003147083e-09	0.000195903106942
7.26689761219e-09	0.000101856698166
7.37376375355e-09	1.00526377764e-05
7.4806298949e-09	-5.18989500051e-05
7.58749603626e-09	-7.60031980462e-05
7.69436217761e-09	-6.94026530255e-05
7.80122831897e-09	-4.61282761535e-05
7.90809446032e-09	-1.95828424694e-05
8.01496060168e-09	1.6646581571e-06
8.12182674304e-09	1.448693979e-05
8.22869288439e-09	1.95103016267e-05
8.33555902575e-09	1.88648255062e-05
8.4424251671e-09	1.46198331095e-05
8.54929130846e-09	8.30346084513e-06
8.65615744981e-09	1.15396215961e-06
8.76302359117e-09	-5.48801153855e-06
8.86988973253e-09	-1.01270779851e-05
8.97675587388e-09	-1.149009654e-05
9.08362201524e-09	-9.10589483283e-06
9.19048815659e-09	-3.69561638536e-06
9.29735429795e-09	2.90201768394e-06
9.4042204393e-09	8.32132616324e-06
9.51108658066e-09	1.05534936665e-05
9.61795272202e-09	8.83788027295e-06
9.72481886337e-09	3.7785153495e-06
9.83168500473e-09	-2.70767216648e-06
9.93855114608e-09	-8.06503010153e-06
1.00454172874e-08	-1.01827612298e-05
1.01522834288e-08	-8.22806475753e-06
1.02591495702e-08	-2.97336117683e-06
1.03660157115e-08	3.5108321299e-06
1.04728818529e-08	8.66756920459e-06
1.05797479942e-08	1.04674068098e-05
1.06866141356e-08	8.2005205968e-06
1.07934802769e-08	2.76337107152e-06
1.09003464183e-08	-3.70119767013e-06
1.10072125596e-08	-8.64542857926e-06
1.1114078701e-08	-1.0121142509e-05
1.12209448424e-08	-7.54890788812e-06
1.13278109837e-08	-1.94377872731e-06
1.14346771251e-08	4.48415869414e-06
1.15415432664e-08	9.20140132621e-06
1.16484094078e-08	1.03507215954e-05
1.17552755491e-08	7.4805712984e-06
1.18621416905e-08	1.72369010443e-06
1.19690078318e-08	-4.65025027552e-06
1.20758739732e-08	-9.13002065772e-06
1.21827401146e-08	-9.95121752112e-06
1.22896062559e-08	-6.79162928918e-06
1.23964723973e-08	-8.97490636476e-07
1.25033385386e-08	5.40698169971e-06
1.261020468e-08	9.63769048212e-06
1.27170708213e-08	1.01281665366e-05
1.28239369627e-08	6.68723805575e-06
1.2930803104e-08	6.72251928791e-07
1.30376692454e-08	-5.54541861675e-06
1.31445353868e-08	-9.51605363753e-06
1.32514015281e-08	-9.67603193658e-06
1.33582676695e-08	-5.96400866471e-06
1.34651338108e-08	1.55862297291e-07
1.35719999522e-08	6.27095005257e-06
1.36788660935e-08	9.97197105335e-06
1.37857322349e-08	9.80193101441e-06
1.38925983762e-08	5.82907432545e-06
1.39994645176e-08	-3.7945678244e-07
1.4106330659e-08	-6.37666187231e-06
1.42131968003e-08	-9.79903450116e-06
1.43200629417e-08	-9.29927273319e-06
1.4426929083e-08	-5.07604772793e-06
1.45337952244e-08	1.20443492335e-06
1.46406613657e-08	7.06736204847e-06
1.47475275071e-08	1.02022580677e-05
1.48543936484e-08	9.37519928357e-06
1.49612597898e-08	4.91415005399e-06
1.50681259312e-08	-1.42150743443e-06
1.51749920725e-08	-7.13546819497e-06
1.52818582139e-08	-9.97573636141e-06
1.53887243552e-08	-8.8248962129e-06
1.54955904966e-08	-4.13771050489e-06
1.56024566379e-08	2.23727269599e-06
1.57093227793e-08	7.78725791406e-06
1.58161889206e-08	1.03260076685e-05
1.5923055062e-08	8.85410906903e-06
1.60299212034e-08	3.9536102463e-06
1.61367873447e-08	-2.442713253e-06
1.62436534861e-08	-7.81476387601e-06
1.63505196274e-08	-1.00457306189e-05
1.64573857688e-08	-8.25797485504e-06
1.65642519101e-08	-3.15797154826e-06
1.66711180515e-08	3.24373843341e-06
1.67779841928e-08	8.42389340505e-06
1.68848503342e-08	1.03421127733e-05
1.69917164756e-08	8.24398750865e-06
1.70985826169e-08	2.95763538816e-06
1.72054487583e-08	-3.43225246979e-06
1.73123148996e-08	-8.40785685341e-06
1.7419181041e-08	-1.00086706425e-05
1.75260471823e-08	-7.60597799854e-06
1.76329133237e-08	-2.14779717567e-06
1.77397794651e-08	4.21355406388e-06
1.78466456064e-08	8.9714534397e-06
1.79535117478e-08	1.02515163007e-05
1.80603778891e-08	7.55118628604e-06
1.81672440305e-08	1.93646960156e-06
1.82741101718e-08	-4.37987648638e-06
1.83809763132e-08	-8.90800390607e-06
1.84878424545e-08	-9.86472457498e-06
1.85947085959e-08	-6.87505610131e-06
1.87015747373e-08	-1.11810111036e-06
1.88084408786e-08	5.13655038503e-06
1.891530702e-08	9.42385440794e-06
1.90221731613e-08	1.00555899962e-05
1.91290393027e-08	6.78405103827e-06
1.9235905444e-08	9.00742207932e-07
1.93427715854e-08	-5.27582847099e-06
1.94496377267e-08	-9.31114095692e-06
1.95565038681e-08	-9.61675903e-06
1.96633700095e-08	-6.07359845617e-06
1.97702361508e-08	-7.9375954698e-08
1.98771022922e-08	6.00309363108e-06
1.99839684335e-08	9.77673664693e-06
2.00908345749e-08	9.75600971742e-06
2.01977007162e-08	5.95077312937e-06
2.03045668576e-08	-1.38465608757e-07
2.04114329989e-08	-6.11095185832e-06
2.05182991403e-08	-9.61361422469e-06
2.06251652817e-08	-9.26727409478e-06
2.0732031423e-08	-5.21018182553e-06
2.08388975644e-08	9.5746753459e-07
2.09457637057e-08	6.80477830883e-06
2.10526298471e-08	1.00275020714e-05
2.11594959884e-08	9.35723778639e-06
2.12663621298e-08	5.05995535605e-06
2.13732282711e-08	-1.17003257571e-06
2.14800944125e-08	-6.8767784569e-06
2.15869605539e-08	-9.81184371085e-06
2.16938266952e-08	-8.82035067207e-06
2.18006928366e-08	-4.29438648553e-06
2.19075589779e-08	1.98120963546e-06
2.20144251193e-08	7.53287145017e-06
2.21212912606e-08	1.01732632629e-05
2.2228157402e-08	8.86367854491e-06
2.23350235433e-08	4.12143447193e-06
2.24418896847e-08	-2.18335571844e-06
2.25487558261e-08	-7.56550991809e-06
2.26556219674e-08	-9.90499984255e-06
2.27624881088e-08	-8.28124098007e-06
2.28693542501e-08	-3.33583761858e-06
2.29762203915e-08	2.98131129739e-06
2.30830865328e-08	8.18043315576e-06
2.31899526742e-08	1.02134389408e-05
2.32968188155e-08	8.28081385862e-06
2.34036849569e-08	3.14539590818e-06
2.35105510983e-08	-3.16756103302e-06
2.36174172396e-08	-8.17031434508e-06
2.3724283381e-08	-9.89223701708e-06
2.38311495223e-08	-7.65620575294e-06
2.39380156637e-08	-2.34495419704e-06
2.4044881805e-08	3.94727345565e-06
2.41517479464e-08	8.74087118063e-06
2.42586140878e-08	1.01478216266e-05
2.43654802291e-08	7.61501712532e-06
2.44723463705e-08	2.14216774452e-06
2.45792125118e-08	-4.11289357771e-06
2.46860786532e-08	-8.68526217346e-06
2.47929447945e-08	-9.77403317393e-06
2.48998109359e-08	-6.95162043485e-06
2.50066770772e-08	-1.33201055519e-06
2.51135432186e-08	4.86934607125e-06
2.522040936e-08	9.20899583434e-06
2.53272755013e-08	9.97750703391e-06
2.54341416427e-08	6.87375302277e-06
2.5541007784e-08	1.12249807671e-06
2.56478739254e-08	-5.00942155668e-06
2.57547400667e-08	-9.10520282105e-06
2.58616062081e-08	-9.55229165811e-06
2.59684723494e-08	-6.17583168605e-06
2.60753384908e-08	-3.08103700775e-07
2.61822046322e-08	5.73785985125e-06
2.62890707735e-08	9.57991528594e-06
2.63959369149e-08	9.70499456798e-06
2.65028030562e-08	6.06537275871e-06
2.66096691976e-08	9.69248858951e-08
2.67165353389e-08	-5.8479066638e-06
2.68234014803e-08	-9.4263241408e-06
2.69302676216e-08	-9.2295280183e-06
2.7037133763e-08	-5.33687932602e-06
2.71439999044e-08	7.16354364272e-07
2.72508660457e-08	6.54412485801e-06
2.73577321871e-08	9.85021858924e-06
2.74645983284e-08	9.33312435336e-06
2.75714644698e-08	5.1982694913e-06
2.76783306111e-08	-9.23511237261e-07
2.77851967525e-08	-6.61950105041e-06
2.78920628938e-08	-9.64527293945e-06
2.79989290352e-08	-8.80994127783e-06
2.81057951766e-08	-4.44408482281e-06
2.82126613179e-08	1.73029053485e-06
2.83195274593e-08	7.27976680537e-06
2.84263936006e-08	1.00177132936e-05
2.8533259742e-08	8.86673376499e-06
2.86401258833e-08	4.28198677582e-06
