% time-domain current integration by openEMS v0.0.36-16-g7d7688a @Thu Jan  2 11:22:22 2025
% start-coordinates: (-0.00134048,-0.0110652,-7.6975e-05) m -> [28,83,5]
% stop-coordinates: (0.000689111,-0.0110652,1.4011e-05) m -> [31,83,6]
% t/s	current
1.2007431613e-13	0
1.06986215672e-10	2.76288436574e-10
2.13852357028e-10	8.38127275915e-11
3.20718498383e-10	-1.50229384488e-10
4.27584639739e-10	-7.38520911092e-10
5.34450781095e-10	-1.48182643933e-09
6.41316922451e-10	-1.96527616403e-09
7.48183063806e-10	-1.64096181088e-09
8.55049205162e-10	1.05836596431e-10
9.61915346518e-10	3.29510108088e-09
1.06878148787e-09	7.34149674386e-09
1.17564762923e-09	1.03373105631e-08
1.28251377058e-09	9.64994573138e-09
1.38937991194e-09	2.83844148186e-09
1.4962460533e-09	-1.07785256276e-08
1.60311219465e-09	-2.82091860981e-08
1.70997833601e-09	-4.22544168543e-08
1.81684447736e-09	-4.28873718761e-08
1.92371061872e-09	-2.13436468499e-08
2.03057676008e-09	2.43073241535e-08
2.13744290143e-09	8.39734966007e-08
2.24430904279e-09	1.34534403173e-07
2.35117518414e-09	1.45649508454e-07
2.4580413255e-09	9.22564069583e-08
2.56490746685e-09	-2.97771283186e-08
2.67177360821e-09	-1.92100685581e-07
2.77863974957e-09	-3.34591987894e-07
2.88550589092e-09	-3.82830648959e-07
2.99237203228e-09	-2.79663396441e-07
3.09923817363e-09	-1.92660944975e-08
3.20610431499e-09	3.33149756671e-07
3.31297045634e-09	6.50216861686e-07
3.4198365977e-09	7.84477492743e-07
3.52670273906e-09	6.31328134659e-07
3.63356888041e-09	1.87565447618e-07
3.74043502177e-09	-4.24347035732e-07
3.84730116312e-09	-9.85368615147e-07
3.95416730448e-09	-1.25864073652e-06
4.06103344583e-09	-1.09016229999e-06
4.16789958719e-09	-4.87251213599e-07
4.27476572855e-09	3.63903268408e-07
4.3816318699e-09	1.15741454465e-06
4.48849801126e-09	1.58474199452e-06
4.59536415261e-09	1.46200159179e-06
4.70223029397e-09	8.12007840523e-07
4.80909643532e-09	-1.37083475238e-07
4.91596257668e-09	-1.03907666471e-06
5.02282871804e-09	-1.56660144057e-06
5.12969485939e-09	-1.53933422098e-06
5.23656100075e-09	-9.89853788269e-07
5.3434271421e-09	-1.41446534485e-07
5.45029328346e-09	6.88383408942e-07
5.55715942481e-09	1.21463835967e-06
5.66402556617e-09	1.28780152409e-06
5.77089170753e-09	9.3454468697e-07
5.87775784888e-09	3.26729178823e-07
5.98462399024e-09	-2.99659490111e-07
6.09149013159e-09	-7.37370669412e-07
6.19835627295e-09	-8.75214482221e-07
6.3052224143e-09	-7.19393369764e-07
6.41208855566e-09	-3.69759902696e-07
6.51895469702e-09	3.10085930266e-08
6.62582083837e-09	3.51608605342e-07
6.73268697973e-09	5.10333222792e-07
6.83955312108e-09	4.89091064537e-07
6.94641926244e-09	3.25246446664e-07
7.05328540379e-09	9.0017039156e-08
7.16015154515e-09	-1.37143373991e-07
7.26701768651e-09	-2.90776796419e-07
7.37388382786e-09	-3.34389426371e-07
7.48074996922e-09	-2.66754483391e-07
7.58761611057e-09	-1.19193458659e-07
7.69448225193e-09	5.503320466e-08
7.80134839328e-09	1.97118168899e-07
7.90821453464e-09	2.61021881443e-07
8.015080676e-09	2.28221296084e-07
8.12194681735e-09	1.13932109969e-07
8.22881295871e-09	-3.81094373836e-08
8.33567910006e-09	-1.71100865032e-07
8.44254524142e-09	-2.35806766113e-07
8.54941138277e-09	-2.08913689903e-07
8.65627752413e-09	-1.01854055856e-07
8.76314366549e-09	4.33932569877e-08
8.87000980684e-09	1.70346595496e-07
8.9768759482e-09	2.29770876103e-07
9.08374208955e-09	1.9884285507e-07
9.19060823091e-09	8.99931507092e-08
9.29747437226e-09	-5.38829496577e-08
9.40434051362e-09	-1.76221590209e-07
9.51120665498e-09	-2.2897707197e-07
9.61807279633e-09	-1.91311315234e-07
9.72493893769e-09	-7.85529508107e-08
9.83180507904e-09	6.50970477523e-08
9.9386712204e-09	1.83045401059e-07
1.00455373618e-08	2.28812155001e-07
1.01524035031e-08	1.84403290859e-07
1.02592696445e-08	6.73715732091e-08
1.03661357858e-08	-7.6174679009e-08
1.04730019272e-08	-1.89625652069e-07
1.05798680685e-08	-2.28342258879e-07
1.06867342099e-08	-1.7704279287e-07
1.07936003512e-08	-5.60244437509e-08
1.09004664926e-08	8.7032745455e-08
1.1007332634e-08	1.95733349528e-07
1.11141987753e-08	2.27254389529e-07
1.12210649167e-08	1.69224080082e-07
1.1327931058e-08	4.45289458639e-08
1.14347971994e-08	-9.76460512447e-08
1.15416633407e-08	-2.01275994982e-07
1.16485294821e-08	-2.25566893164e-07
1.17553956234e-08	-1.60962557061e-07
1.18622617648e-08	-3.29649409991e-08
1.19691279062e-08	1.07956822148e-07
1.20759940475e-08	2.06291872473e-07
1.21828601889e-08	2.23300006041e-07
1.22897263302e-08	1.52324389546e-07
1.23965924716e-08	2.13412363337e-08
1.25034586129e-08	-1.17990175852e-07
1.26103247543e-08	-2.10765193742e-07
1.27171908956e-08	-2.20449990707e-07
1.2824057037e-08	-1.43271094544e-07
1.29309231784e-08	-9.6686427753e-09
1.30377893197e-08	1.27677083128e-07
1.31446554611e-08	2.14656381559e-07
1.32515216024e-08	2.17021266735e-07
1.33583877438e-08	1.33879225928e-07
1.34652538851e-08	-1.98214444858e-09
1.35721200265e-08	-1.37006111345e-07
1.36789861678e-08	-2.17982417894e-07
1.37858523092e-08	-2.13040578956e-07
1.38927184506e-08	-1.24158162862e-07
1.39995845919e-08	1.36077300539e-08
1.41064507333e-08	1.45962360421e-07
1.42133168746e-08	2.20736865231e-07
1.4320183016e-08	2.08504530974e-07
1.44270491573e-08	1.14119046657e-07
1.45339152987e-08	-2.51877398938e-08
1.46407814401e-08	-1.54512676431e-07
1.47476475814e-08	-2.22890847112e-07
1.48545137228e-08	-2.034162776e-07
1.49613798641e-08	-1.03809519203e-07
1.50682460055e-08	3.6655496416e-08
1.51751121468e-08	1.62626420774e-07
1.52819782882e-08	2.24465139809e-07
1.53888444295e-08	1.97829024273e-07
1.54957105709e-08	9.32562258527e-08
1.56025767123e-08	-4.8016513432e-08
1.57094428536e-08	-1.70308865677e-07
1.5816308995e-08	-2.25445077717e-07
1.59231751363e-08	-1.91718129372e-07
1.60300412777e-08	-8.24637993446e-08
1.6136907419e-08	5.92218114548e-08
1.62437735604e-08	1.77526175094e-07
1.63506397017e-08	2.25822802236e-07
1.64575058431e-08	1.85115936802e-07
1.65643719845e-08	7.14972543392e-08
1.66712381258e-08	-7.02506497419e-08
1.67781042672e-08	-1.84254304259e-07
1.68849704085e-08	-2.2560823254e-07
1.69918365499e-08	-1.78057248945e-07
1.70987026912e-08	-6.03537699817e-08
1.72055688326e-08	8.10689186892e-08
1.73124349739e-08	1.90495427432e-07
1.74193011153e-08	2.24810548843e-07
1.75261672567e-08	1.70535088273e-07
1.7633033398e-08	4.90832974265e-08
1.77398995394e-08	-9.16525237926e-08
1.78467656807e-08	-1.96212070591e-07
1.79536318221e-08	-2.23415739242e-07
1.80604979634e-08	-1.62574124829e-07
1.81673641048e-08	-3.77099098614e-08
1.82742302461e-08	1.01972034372e-07
1.83810963875e-08	2.01402400535e-07
1.84879625289e-08	2.21437375103e-07
1.85948286702e-08	1.54214916392e-07
1.87016948116e-08	2.62565578169e-08
1.88085609529e-08	-1.11998190278e-07
1.89154270943e-08	-2.06060434493e-07
1.90222932356e-08	-2.18889240955e-07
1.9129159377e-08	-1.45461285683e-07
1.92360255183e-08	-1.47569343412e-08
1.93428916597e-08	1.21711337897e-07
1.94497578011e-08	2.10155661762e-07
1.95566239424e-08	2.15762284483e-07
1.96634900838e-08	1.3634961249e-07
1.97703562251e-08	3.24526028272e-09
1.98772223665e-08	-1.31077811716e-07
1.99840885078e-08	-2.13695415141e-07
2.00909546492e-08	-2.12074724004e-07
2.01978207905e-08	-1.26898100916e-07
2.03046869319e-08	8.24680590483e-09
2.04115530733e-08	1.40086584111e-07
2.05184192146e-08	2.16669448605e-07
2.0625285356e-08	2.07843498856e-07
2.07321514973e-08	1.17127932242e-07
2.08390176387e-08	-1.97009661917e-08
2.094588378e-08	-1.48708139136e-07
2.10527499214e-08	-2.19063480245e-07
2.11596160628e-08	-2.03071635951e-07
2.12664822041e-08	-1.07079713985e-07
2.13733483455e-08	3.10682608529e-08
2.14802144868e-08	1.56916470928e-07
2.15870806282e-08	2.20873161538e-07
2.16939467695e-08	1.97776714117e-07
2.18008129109e-08	9.67651345718e-08
2.19076790522e-08	-4.23346691036e-08
2.20145451936e-08	-1.64692579574e-07
2.2121411335e-08	-2.22104276304e-07
2.22282774763e-08	-1.91976866404e-07
2.23351436177e-08	-8.6219031914e-08
2.2442009759e-08	5.34679251984e-08
2.25488759004e-08	1.72023021605e-07
2.26557420417e-08	2.22748496981e-07
2.27626081831e-08	1.85684115195e-07
2.28694743244e-08	7.54703961547e-08
2.29763404658e-08	-6.44288959961e-08
2.30832066072e-08	-1.788843349e-07
2.31900727485e-08	-2.2280585199e-07
2.32969388899e-08	-1.78917531457e-07
2.34038050312e-08	-6.45506759156e-08
2.35106711726e-08	7.52041060537e-08
2.36175373139e-08	1.85262365449e-07
2.37244034553e-08	2.22275673423e-07
2.38312695966e-08	1.7169256239e-07
2.3938135738e-08	5.34805586483e-08
2.40450018794e-08	-8.57507345131e-08
2.41518680207e-08	-1.91131718452e-07
2.42587341621e-08	-2.21163787728e-07
2.43656003034e-08	-1.64030424799e-07
2.44724664448e-08	-4.22936068389e-08
2.45793325861e-08	9.60538812933e-08
2.46861987275e-08	1.96498788796e-07
2.47930648688e-08	2.1947109019e-07
2.48999310102e-08	1.55955561354e-07
2.50067971516e-08	3.10197769693e-08
2.51136632929e-08	-1.06081827767e-07
2.52205294343e-08	-2.01331431526e-07
2.53273955756e-08	-2.17208025788e-07
2.5434261717e-08	-1.47492855262e-07
2.55411278583e-08	-1.96918286122e-08
2.56479939997e-08	1.15812476054e-07
2.5754860141e-08	2.0562492864e-07
2.58617262824e-08	2.14378232499e-07
2.59685924238e-08	1.38657355819e-07
2.60754585651e-08	8.33744184803e-09
2.61823247065e-08	-1.25211755631e-07
2.62891908478e-08	-2.09368323567e-07
2.63960569892e-08	-2.10993675864e-07
2.65029231305e-08	-1.29479758471e-07
2.66097892719e-08	3.01570302064e-09
2.67166554132e-08	1.34271459729e-07
2.68235215546e-08	2.12557608847e-07
2.6930387696e-08	2.07056018553e-07
2.70372538373e-08	1.19974103541e-07
2.71441199787e-08	-1.43365070926e-08
2.725098612e-08	-1.42946632309e-07
2.73578522614e-08	-2.15175930407e-07
2.74647184027e-08	-2.02586377895e-07
2.75715845441e-08	-1.10181765933e-07
2.76784506855e-08	2.5597342912e-08
2.77853168268e-08	1.5123126218e-07
2.78921829682e-08	2.17224098265e-07
2.79990491095e-08	1.97596477847e-07
2.81059152509e-08	1.00120011837e-07
2.82127813922e-08	-3.6765072764e-08
2.83196475336e-08	-1.59103251463e-07
2.84265136749e-08	-2.18697522314e-07
2.85333798163e-08	-1.92094745444e-07
2.86402459577e-08	-8.98137528793e-08
