% time-domain voltage integration by openEMS v0.0.36-16-g7d7688a @Mon Jan  6 16:23:20 2025
% start-coordinates: (0.000603382,0.000200316,2.2079e-05) m -> [42,68,23]
% stop-coordinates: (0.000603382,0.00216797,2.2079e-05) m -> [42,74,23]
% t/s	voltage
0	-0
1.069742823e-10	2.00086738289e-07
2.13948564601e-10	2.5705600315e-07
3.20922846901e-10	2.0556790048e-07
4.27897129202e-10	-6.32313987836e-08
5.34871411502e-10	-5.67207610658e-07
6.41845693803e-10	-1.219467336e-06
7.48819976103e-10	-1.73568992068e-06
8.55794258404e-10	-1.625059042e-06
9.62768540704e-10	-3.83332164233e-07
1.069742823e-09	2.22193513366e-06
1.1767171053e-09	5.76222413429e-06
1.28369138761e-09	8.86400061972e-06
1.39066566991e-09	9.33343198994e-06
1.49763995221e-09	4.86087810714e-06
1.60461423451e-09	-5.64815690041e-06
1.71158851681e-09	-2.05960586754e-05
1.81856279911e-09	-3.47763191257e-05
1.92553708141e-09	-4.00407116103e-05
2.03251136371e-09	-2.80546996692e-05
2.13948564601e-09	5.19772243024e-06
2.24645992831e-09	5.47841245861e-05
2.35343421061e-09	0.00010465757714
2.46040849291e-09	0.000130410900965
2.56738277521e-09	0.000107880022369
2.67435705751e-09	2.55821869359e-05
2.78133133981e-09	-0.000103950988887
2.88830562211e-09	-0.000240483623202
2.99527990441e-09	-0.000324934064338
3.10225418671e-09	-0.000300926516502
3.20922846901e-09	-0.000142466575198
3.31620275131e-09	0.000124172808682
3.42317703361e-09	0.000417012677644
3.53015131591e-09	0.000620356626314
3.63712559822e-09	0.000628234338365
3.74409988052e-09	0.000393721787987
3.85107416282e-09	-3.79608864023e-05
3.95804844512e-09	-0.000531376499566
4.06502272742e-09	-0.000903391104657
4.17199700972e-09	-0.000993436864519
4.27897129202e-09	-0.000733643551939
4.38594557432e-09	-0.000187304685824
4.49291985662e-09	0.000464864257083
4.59989413892e-09	0.000989255902823
4.70686842122e-09	0.00119012115465
4.81384270352e-09	0.000988620777207
4.92081698582e-09	0.000455867557321
5.02779126812e-09	-0.000214918938582
5.13476555042e-09	-0.000785345524491
5.24173983272e-09	-0.001064757118
5.34871411502e-09	-0.00097987998015
5.45568839732e-09	-0.000593622702581
5.56266267962e-09	-6.88539985276e-05
5.66963696192e-09	0.000403232999815
5.77661124422e-09	0.000677278796502
5.88358552652e-09	0.000700027052517
5.99055980883e-09	0.000513833052537
6.09753409113e-09	0.000222729442612
6.20450837343e-09	-5.86181536164e-05
6.31148265573e-09	-0.000248942111284
6.41845693803e-09	-0.000320793780702
6.52543122033e-09	-0.000294317547741
6.63240550263e-09	-0.00021366384135
6.73937978493e-09	-0.00012095054899
6.84635406723e-09	-4.02026898882e-05
6.95332834953e-09	2.40616518568e-05
7.06030263183e-09	7.72800922277e-05
7.16727691413e-09	0.0001227215771
7.27425119643e-09	0.0001546734984
7.38122547873e-09	0.000160355109074
7.48819976103e-09	0.000128450599732
7.59517404333e-09	5.85848274568e-05
7.70214832563e-09	-3.40926690114e-05
7.80912260793e-09	-0.000122149338495
7.91609689023e-09	-0.000175756604222
8.02307117253e-09	-0.000174740920556
8.13004545483e-09	-0.000117383464385
8.23701973713e-09	-2.20534850541e-05
8.34399401944e-09	7.90644426161e-05
8.45096830174e-09	0.000151613959133
8.55794258404e-09	0.00017148567531
8.66491686634e-09	0.000133285799166
8.77189114864e-09	5.18303431818e-05
8.87886543094e-09	-4.36335212726e-05
8.98583971324e-09	-0.000120110532407
9.09281399554e-09	-0.000152432811774
9.19978827784e-09	-0.000131617856823
9.30676256014e-09	-6.72363071317e-05
9.41373684244e-09	1.67294980429e-05
9.52071112474e-09	9.07800063032e-05
9.62768540704e-09	0.000130309981614
9.73465968934e-09	0.000123569118841
9.84163397164e-09	7.51975871935e-05
9.94860825394e-09	3.78435061066e-06
1.00555825362e-08	-6.5200568315e-05
1.01625568185e-08	-0.000108436241135
1.02695311008e-08	-0.000112571608952
1.03765053831e-08	-7.82326937951e-05
1.04834796654e-08	-1.90825336404e-05
1.05904539477e-08	4.34817034147e-05
1.069742823e-08	8.80193156263e-05
1.08044025123e-08	0.000100327832115
1.09113767946e-08	7.78992166488e-05
1.10183510769e-08	3.01607685742e-05
1.11253253592e-08	-2.53480144465e-05
1.12322996415e-08	-6.93576080266e-05
1.13392739238e-08	-8.75101040947e-05
1.14462482061e-08	-7.49777732381e-05
1.15532224884e-08	-3.76147127099e-05
1.16601967707e-08	1.05929116216e-05
1.1767171053e-08	5.26964595338e-05
1.18741453354e-08	7.4704194958e-05
1.19811196177e-08	7.01785356796e-05
1.20880939e-08	4.20362721343e-05
1.21950681823e-08	1.06943344846e-06
1.23020424646e-08	-3.81335305519e-05
1.24090167469e-08	-6.23393420938e-05
1.25159910292e-08	-6.41015012661e-05
1.26229653115e-08	-4.39856382854e-05
1.27299395938e-08	-9.96572663325e-06
1.28369138761e-08	2.56746225205e-05
1.29438881584e-08	5.07378390466e-05
1.30508624407e-08	5.72550998186e-05
1.3157836723e-08	4.39749521775e-05
1.32648110053e-08	1.64384642858e-05
1.33717852876e-08	-1.52544531602e-05
1.34787595699e-08	-4.01168617827e-05
1.35857338522e-08	-5.00533419654e-05
1.36927081345e-08	-4.24625891355e-05
1.37996824168e-08	-2.08342501082e-05
1.39066566991e-08	6.75150587881e-06
1.40136309814e-08	3.06100246235e-05
1.41206052637e-08	4.28261330399e-05
1.4227579546e-08	3.98524198317e-05
1.43345538283e-08	2.34885412738e-05
1.44415281106e-08	-8.64138893775e-09
1.45485023929e-08	-2.22819187456e-05
1.46554766752e-08	-3.58259824225e-05
1.47624509575e-08	-3.64901286503e-05
1.48694252398e-08	-2.47182588282e-05
1.49763995221e-08	-5.15682654623e-06
1.50833738044e-08	1.51411895786e-05
1.51903480867e-08	2.92391835046e-05
1.5297322369e-08	3.26673036852e-05
1.54042966513e-08	2.48147975981e-05
1.55112709336e-08	8.93643476729e-06
1.56182452159e-08	-9.15452648087e-06
1.57252194982e-08	-2.31942295841e-05
1.58321937805e-08	-2.86221702481e-05
1.59391680628e-08	-2.40403901444e-05
1.60461423451e-08	-1.15258530968e-05
1.61531166274e-08	4.25591613862e-06
1.62600909097e-08	1.77714136953e-05
1.6367065192e-08	2.45452167746e-05
1.64740394743e-08	2.26249190973e-05
1.65810137566e-08	1.31149666913e-05
1.66879880389e-08	-3.58428762226e-07
1.67949623212e-08	-1.30102678213e-05
1.69019366035e-08	-2.05832935762e-05
1.70089108858e-08	-2.07671726002e-05
1.71158851681e-08	-1.38835786174e-05
1.72228594504e-08	-2.63887764618e-06
1.73298337327e-08	8.91875504294e-06
1.7436808015e-08	1.68448131035e-05
1.75437822973e-08	1.86342778079e-05
1.76507565796e-08	1.39976116316e-05
1.77577308619e-08	4.84438857029e-06
1.78647051442e-08	-5.47981511545e-06
1.79716794265e-08	-1.34053917691e-05
1.80786537088e-08	-1.63632961403e-05
1.81856279911e-08	-1.36062608362e-05
1.82926022734e-08	-6.36804742271e-06
1.83995765557e-08	2.6584336581e-06
1.8506550838e-08	1.03125709643e-05
1.86135251203e-08	1.40644449402e-05
1.87204994026e-08	1.28410863454e-05
1.88274736849e-08	7.31711344315e-06
1.89344479672e-08	-4.06750295667e-07
1.90414222495e-08	-7.5911998465e-06
1.91483965318e-08	-1.18225138976e-05
1.92553708141e-08	-1.18161206046e-05
1.93623450964e-08	-7.79400085094e-06
1.94693193787e-08	-1.33194396312e-06
1.9576293661e-08	5.24730177176e-06
1.96832679433e-08	9.70127280198e-06
1.97902422256e-08	1.06268351487e-05
1.98972165079e-08	7.89263310708e-06
2.00041907902e-08	2.61796269285e-06
2.01111650725e-08	-3.27248383769e-06
2.02181393548e-08	-7.74484294652e-06
2.03251136371e-08	-9.35260993629e-06
2.04320879194e-08	-7.69839948589e-06
2.05390622017e-08	-3.51344954197e-06
2.0646036484e-08	1.64818233372e-06
2.07530107663e-08	5.98146232278e-06
2.08599850486e-08	8.05680889471e-06
2.09669593309e-08	7.28621159851e-06
2.10739336132e-08	4.07926899015e-06
2.11809078955e-08	-3.47581194049e-07
2.12878821778e-08	-4.42646324927e-06
2.13948564601e-08	-6.78894855355e-06
2.15018307424e-08	-6.7214072601e-06
2.16088050247e-08	-4.37299814848e-06
2.1715779307e-08	-6.60267900798e-07
2.18227535893e-08	3.08392426973e-06
2.19297278716e-08	5.58572151022e-06
2.20367021539e-08	6.05896474326e-06
2.21436764362e-08	4.4484557975e-06
2.22506507185e-08	1.40977195429e-06
2.23576250008e-08	-1.95020466265e-06
2.24645992831e-08	-4.47289883709e-06
2.25715735654e-08	-5.34445271683e-06
2.26785478477e-08	-4.35422202827e-06
2.278552213e-08	-1.93564336826e-06
2.28924964123e-08	1.01527463414e-06
2.29994706946e-08	3.46778270455e-06
2.31064449769e-08	4.61434822796e-06
2.32134192592e-08	4.13305789948e-06
2.33203935415e-08	2.27216203541e-06
2.34273678238e-08	-2.64350967782e-07
2.35343421061e-08	-2.57927139558e-06
2.36413163884e-08	-3.89748069551e-06
2.37482906707e-08	-3.82239480246e-06
2.3855264953e-08	-2.45215456118e-06
2.39622392353e-08	-3.19712150088e-07
2.40692135176e-08	1.81062107174e-06
2.41761877999e-08	3.21502486145e-06
