0	-0.000112442
5.7735e-12	-0.000115616
1.1547e-11	-0.000118823
1.73205e-11	-0.00012206
2.3094e-11	-0.000125324
2.88675e-11	-0.00012861
3.4641e-11	-0.000131916
4.04145e-11	-0.000135237
4.6188e-11	-0.000138568
5.19615e-11	-0.000141905
5.7735e-11	-0.000145243
6.35085e-11	-0.000148576
6.9282e-11	-0.000151899
7.50555e-11	-0.000155205
8.0829e-11	-0.000158487
8.66025e-11	-0.000161739
9.2376e-11	-0.000164954
9.81496e-11	-0.000168123
1.03923e-10	-0.000171239
1.09697e-10	-0.000174292
1.1547e-10	-0.000177273
1.21244e-10	-0.000180173
1.27017e-10	-0.000182982
1.32791e-10	-0.000185688
1.38564e-10	-0.000188281
1.44338e-10	-0.000190748
1.50111e-10	-0.000193078
1.55885e-10	-0.000195257
1.61658e-10	-0.000197272
1.67432e-10	-0.000199109
1.73205e-10	-0.000200752
1.78979e-10	-0.000202186
1.84752e-10	-0.000203395
1.90526e-10	-0.000204362
1.96299e-10	-0.000205069
2.02073e-10	-0.000205498
2.07846e-10	-0.00020563
2.1362e-10	-0.000205445
2.19393e-10	-0.000204922
2.25167e-10	-0.00020404
2.3094e-10	-0.000202776
2.36714e-10	-0.000201108
2.42487e-10	-0.000199011
2.48261e-10	-0.000196461
2.54034e-10	-0.000193431
2.59808e-10	-0.000189895
2.65581e-10	-0.000185825
2.71355e-10	-0.000181194
2.77128e-10	-0.00017597
2.82902e-10	-0.000170125
2.88675e-10	-0.000163626
2.94449e-10	-0.000156441
3.00222e-10	-0.000148536
3.05996e-10	-0.000139878
3.11769e-10	-0.00013043
3.17543e-10	-0.000120156
3.23316e-10	-0.000109018
3.2909e-10	-9.69782e-05
3.34863e-10	-8.39962e-05
3.40637e-10	-7.00314e-05
3.4641e-10	-5.50417e-05
3.52184e-10	-3.89842e-05
3.57957e-10	-2.18149e-05
3.63731e-10	-3.48837e-06
3.69504e-10	1.60416e-05
3.75278e-10	3.68223e-05
3.81051e-10	5.89023e-05
3.86825e-10	8.23313e-05
3.92598e-10	0.00010716
3.98372e-10	0.00013344
4.04145e-10	0.000161224
4.09919e-10	0.000190566
4.15692e-10	0.000221522
4.21466e-10	0.000254146
4.27239e-10	0.000288497
4.33013e-10	0.000324632
4.38786e-10	0.00036261
4.4456e-10	0.000402492
4.50333e-10	0.000444338
4.56107e-10	0.00048821
4.6188e-10	0.00053417
4.67654e-10	0.000582284
4.73427e-10	0.000632614
4.79201e-10	0.000685226
4.84974e-10	0.000740187
4.90748e-10	0.000797563
4.96521e-10	0.00085742
5.02295e-10	0.000919828
5.08068e-10	0.000984854
5.13842e-10	0.00105257
5.19615e-10	0.00112304
5.25389e-10	0.00119634
5.31162e-10	0.00127253
5.36936e-10	0.00135169
5.42709e-10	0.00143389
5.48483e-10	0.0015192
5.54256e-10	0.00160769
5.6003e-10	0.00169942
5.65803e-10	0.00179448
5.71577e-10	0.00189292
5.7735e-10	0.00199483
5.83124e-10	0.00210027
5.88897e-10	0.0022093
5.94671e-10	0.002322
6.00444e-10	0.00243843
6.06218e-10	0.00255867
6.11991e-10	0.00268277
6.17765e-10	0.00281079
6.23538e-10	0.00294281
6.29312e-10	0.00307889
6.35085e-10	0.00321908
6.40859e-10	0.00336344
6.46632e-10	0.00351204
6.52406e-10	0.00366491
6.58179e-10	0.00382212
6.63953e-10	0.00398372
6.69726e-10	0.00414976
6.755e-10	0.00432027
6.81273e-10	0.0044953
6.87047e-10	0.0046749
6.9282e-10	0.00485909
6.98594e-10	0.00504791
7.04367e-10	0.00524139
7.10141e-10	0.00543955
7.15914e-10	0.00564242
7.21688e-10	0.00585
7.27461e-10	0.00606233
7.33235e-10	0.00627939
7.39008e-10	0.0065012
7.44782e-10	0.00672775
7.50555e-10	0.00695905
7.56329e-10	0.00719506
7.62102e-10	0.00743578
7.67876e-10	0.00768119
7.73649e-10	0.00793124
7.79423e-10	0.00818591
7.85196e-10	0.00844515
7.9097e-10	0.00870891
7.96743e-10	0.00897713
8.02517e-10	0.00924975
8.0829e-10	0.0095267
8.14064e-10	0.00980788
8.19837e-10	0.0100932
8.25611e-10	0.0103826
8.31384e-10	0.010676
8.37158e-10	0.0109732
8.42931e-10	0.011274
8.48705e-10	0.0115785
8.54478e-10	0.0118864
8.60252e-10	0.0121976
8.66025e-10	0.0125119
8.71799e-10	0.0128291
8.77572e-10	0.0131491
8.83346e-10	0.0134716
8.89119e-10	0.0137965
8.94893e-10	0.0141235
9.00666e-10	0.0144524
9.0644e-10	0.014783
9.12213e-10	0.015115
9.17987e-10	0.015448
9.2376e-10	0.015782
9.29534e-10	0.0161164
9.35307e-10	0.0164512
9.41081e-10	0.0167858
9.46855e-10	0.01712
9.52628e-10	0.0174535
9.58402e-10	0.0177858
9.64175e-10	0.0181166
9.69949e-10	0.0184456
9.75722e-10	0.0187722
9.81496e-10	0.0190961
9.87269e-10	0.0194168
9.93043e-10	0.0197339
9.98816e-10	0.020047
1.00459e-09	0.0203555
1.01036e-09	0.0206589
1.01614e-09	0.0209567
1.02191e-09	0.0212484
1.02768e-09	0.0215335
1.03346e-09	0.0218113
1.03923e-09	0.0220814
1.045e-09	0.0223431
1.05078e-09	0.0225958
1.05655e-09	0.0228389
1.06232e-09	0.0230717
1.0681e-09	0.0232936
1.07387e-09	0.0235039
1.07965e-09	0.023702
1.08542e-09	0.023887
1.09119e-09	0.0240584
1.09697e-09	0.0242153
1.10274e-09	0.0243571
1.10851e-09	0.0244829
1.11429e-09	0.024592
1.12006e-09	0.0246836
1.12583e-09	0.0247568
1.13161e-09	0.0248109
1.13738e-09	0.024845
1.14315e-09	0.0248583
1.14893e-09	0.0248499
1.1547e-09	0.0248189
1.16047e-09	0.0247644
1.16625e-09	0.0246856
1.17202e-09	0.0245815
1.17779e-09	0.0244512
1.18357e-09	0.0242938
1.18934e-09	0.0241083
1.19512e-09	0.0238938
1.20089e-09	0.0236493
1.20666e-09	0.0233738
1.21244e-09	0.0230664
1.21821e-09	0.0227261
1.22398e-09	0.0223519
1.22976e-09	0.0219427
1.23553e-09	0.0214977
1.2413e-09	0.0210157
1.24708e-09	0.0204958
1.25285e-09	0.019937
1.25862e-09	0.0193383
1.2644e-09	0.0186986
1.27017e-09	0.0180169
1.27594e-09	0.0172922
1.28172e-09	0.0165236
1.28749e-09	0.01571
1.29326e-09	0.0148503
1.29904e-09	0.0139437
1.30481e-09	0.0129891
1.31059e-09	0.0119855
1.31636e-09	0.010932
1.32213e-09	0.00982755
1.32791e-09	0.00867127
1.33368e-09	0.0074622
1.33945e-09	0.0061994
1.34523e-09	0.00488197
1.351e-09	0.003509
1.35677e-09	0.00207963
1.36255e-09	0.000592987
1.36832e-09	-0.000951767
1.37409e-09	-0.00255545
1.37987e-09	-0.00421886
1.38564e-09	-0.00594277
1.39141e-09	-0.00772792
1.39719e-09	-0.00957503
1.40296e-09	-0.0114848
1.40873e-09	-0.0134579
1.41451e-09	-0.0154949
1.42028e-09	-0.0175965
1.42606e-09	-0.0197631
1.43183e-09	-0.0219954
1.4376e-09	-0.0242938
1.44338e-09	-0.0266588
1.44915e-09	-0.0290908
1.45492e-09	-0.0315901
1.4607e-09	-0.0341571
1.46647e-09	-0.036792
1.47224e-09	-0.0394951
1.47802e-09	-0.0422666
1.48379e-09	-0.0451066
1.48956e-09	-0.0480152
1.49534e-09	-0.0509924
1.50111e-09	-0.0540382
1.50688e-09	-0.0571525
1.51266e-09	-0.0603352
1.51843e-09	-0.0635862
1.5242e-09	-0.0669051
1.52998e-09	-0.0702916
1.53575e-09	-0.0737454
1.54153e-09	-0.077266
1.5473e-09	-0.080853
1.55307e-09	-0.0845057
1.55885e-09	-0.0882235
1.56462e-09	-0.0920058
1.57039e-09	-0.0958517
1.57617e-09	-0.0997605
1.58194e-09	-0.103731
1.58771e-09	-0.107763
1.59349e-09	-0.111854
1.59926e-09	-0.116004
1.60503e-09	-0.120212
1.61081e-09	-0.124476
1.61658e-09	-0.128794
1.62235e-09	-0.133166
1.62813e-09	-0.13759
1.6339e-09	-0.142064
1.63967e-09	-0.146587
1.64545e-09	-0.151157
1.65122e-09	-0.155771
1.657e-09	-0.160429
1.66277e-09	-0.165128
1.66854e-09	-0.169866
1.67432e-09	-0.17464
1.68009e-09	-0.179449
1.68586e-09	-0.184291
1.69164e-09	-0.189162
1.69741e-09	-0.19406
1.70318e-09	-0.198984
1.70896e-09	-0.203929
1.71473e-09	-0.208894
1.7205e-09	-0.213875
1.72628e-09	-0.21887
1.73205e-09	-0.223876
1.73782e-09	-0.228889
1.7436e-09	-0.233907
1.74937e-09	-0.238926
1.75514e-09	-0.243943
1.76092e-09	-0.248955
1.76669e-09	-0.253958
1.77247e-09	-0.258949
1.77824e-09	-0.263924
1.78401e-09	-0.26888
1.78979e-09	-0.273812
1.79556e-09	-0.278718
1.80133e-09	-0.283593
1.80711e-09	-0.288433
1.81288e-09	-0.293234
1.81865e-09	-0.297993
1.82443e-09	-0.302706
1.8302e-09	-0.307368
1.83597e-09	-0.311974
1.84175e-09	-0.316522
1.84752e-09	-0.321006
1.85329e-09	-0.325423
1.85907e-09	-0.329767
1.86484e-09	-0.334036
1.87061e-09	-0.338223
1.87639e-09	-0.342325
1.88216e-09	-0.346338
1.88794e-09	-0.350256
1.89371e-09	-0.354076
1.89948e-09	-0.357792
1.90526e-09	-0.361401
1.91103e-09	-0.364897
1.9168e-09	-0.368277
1.92258e-09	-0.371535
1.92835e-09	-0.374667
1.93412e-09	-0.377668
1.9399e-09	-0.380534
1.94567e-09	-0.383261
1.95144e-09	-0.385843
1.95722e-09	-0.388277
1.96299e-09	-0.390557
1.96876e-09	-0.39268
1.97454e-09	-0.39464
1.98031e-09	-0.396435
1.98609e-09	-0.398058
1.99186e-09	-0.399506
1.99763e-09	-0.400775
2.00341e-09	-0.40186
2.00918e-09	-0.402757
2.01495e-09	-0.403463
2.02073e-09	-0.403973
2.0265e-09	-0.404283
2.03227e-09	-0.404389
2.03805e-09	-0.404288
2.04382e-09	-0.403975
2.04959e-09	-0.403448
2.05537e-09	-0.402702
2.06114e-09	-0.401735
2.06691e-09	-0.400543
2.07269e-09	-0.399122
2.07846e-09	-0.39747
2.08423e-09	-0.395583
2.09001e-09	-0.393459
2.09578e-09	-0.391095
2.10156e-09	-0.388488
2.10733e-09	-0.385636
2.1131e-09	-0.382537
2.11888e-09	-0.379187
2.12465e-09	-0.375586
2.13042e-09	-0.371731
2.1362e-09	-0.36762
2.14197e-09	-0.363252
2.14774e-09	-0.358625
2.15352e-09	-0.353737
2.15929e-09	-0.348589
2.16506e-09	-0.343178
2.17084e-09	-0.337504
2.17661e-09	-0.331566
2.18238e-09	-0.325364
2.18816e-09	-0.318898
2.19393e-09	-0.312167
2.1997e-09	-0.305171
2.20548e-09	-0.29791
2.21125e-09	-0.290386
2.21703e-09	-0.282598
2.2228e-09	-0.274548
2.22857e-09	-0.266237
2.23435e-09	-0.257665
2.24012e-09	-0.248834
2.24589e-09	-0.239745
2.25167e-09	-0.230401
2.25744e-09	-0.220804
2.26321e-09	-0.210955
2.26899e-09	-0.200857
2.27476e-09	-0.190513
2.28053e-09	-0.179925
2.28631e-09	-0.169096
2.29208e-09	-0.15803
2.29785e-09	-0.14673
2.30363e-09	-0.1352
2.3094e-09	-0.123443
2.31517e-09	-0.111463
2.32095e-09	-0.0992647
2.32672e-09	-0.0868523
2.3325e-09	-0.0742304
2.33827e-09	-0.0614037
2.34404e-09	-0.0483773
2.34982e-09	-0.0351563
2.35559e-09	-0.0217459
2.36136e-09	-0.00815182
2.36714e-09	0.00562035
2.37291e-09	0.0195647
2.37868e-09	0.0336751
2.38446e-09	0.0479455
2.39023e-09	0.0623693
2.396e-09	0.07694
2.40178e-09	0.0916509
2.40755e-09	0.106495
2.41332e-09	0.121465
2.4191e-09	0.136555
2.42487e-09	0.151756
2.43064e-09	0.167061
2.43642e-09	0.182463
2.44219e-09	0.197954
2.44797e-09	0.213526
2.45374e-09	0.22917
2.45951e-09	0.24488
2.46529e-09	0.260646
2.47106e-09	0.27646
2.47683e-09	0.292315
2.48261e-09	0.3082
2.48838e-09	0.324109
2.49415e-09	0.340031
2.49993e-09	0.355959
2.5057e-09	0.371883
2.51147e-09	0.387795
2.51725e-09	0.403685
2.52302e-09	0.419545
2.52879e-09	0.435365
2.53457e-09	0.451137
2.54034e-09	0.466852
2.54611e-09	0.482499
2.55189e-09	0.498071
2.55766e-09	0.513557
2.56344e-09	0.52895
2.56921e-09	0.544239
2.57498e-09	0.559416
2.58076e-09	0.574471
2.58653e-09	0.589396
2.5923e-09	0.604181
2.59808e-09	0.618817
2.60385e-09	0.633296
2.60962e-09	0.647609
2.6154e-09	0.661746
2.62117e-09	0.675699
2.62694e-09	0.68946
2.63272e-09	0.70302
2.63849e-09	0.71637
2.64426e-09	0.729501
2.65004e-09	0.742407
2.65581e-09	0.755078
2.66158e-09	0.767507
2.66736e-09	0.779685
2.67313e-09	0.791605
2.67891e-09	0.80326
2.68468e-09	0.814641
2.69045e-09	0.825742
2.69623e-09	0.836555
2.702e-09	0.847073
2.70777e-09	0.85729
2.71355e-09	0.867199
2.71932e-09	0.876794
2.72509e-09	0.886067
2.73087e-09	0.895014
2.73664e-09	0.903628
2.74241e-09	0.911904
2.74819e-09	0.919837
2.75396e-09	0.92742
2.75973e-09	0.934649
2.76551e-09	0.94152
2.77128e-09	0.948027
2.77705e-09	0.954167
2.78283e-09	0.959936
2.7886e-09	0.965328
2.79438e-09	0.970342
2.80015e-09	0.974974
2.80592e-09	0.97922
2.8117e-09	0.983078
2.81747e-09	0.986545
2.82324e-09	0.989619
2.82902e-09	0.992298
2.83479e-09	0.99458
2.84056e-09	0.996464
2.84634e-09	0.997948
2.85211e-09	0.999031
2.85788e-09	0.999712
2.86366e-09	0.999992
2.86943e-09	0.99987
2.8752e-09	0.999346
2.88098e-09	0.99842
2.88675e-09	0.997093
2.89253e-09	0.995366
2.8983e-09	0.99324
2.90407e-09	0.990717
2.90985e-09	0.987797
2.91562e-09	0.984484
2.92139e-09	0.980779
2.92717e-09	0.976684
2.93294e-09	0.972203
2.93871e-09	0.967339
2.94449e-09	0.962094
2.95026e-09	0.956473
2.95603e-09	0.950478
2.96181e-09	0.944114
2.96758e-09	0.937385
2.97335e-09	0.930296
2.97913e-09	0.922851
2.9849e-09	0.915055
2.99067e-09	0.906913
2.99645e-09	0.898431
3.00222e-09	0.889613
3.008e-09	0.880467
3.01377e-09	0.870998
3.01954e-09	0.861211
3.02532e-09	0.851114
3.03109e-09	0.840713
3.03686e-09	0.830014
3.04264e-09	0.819026
3.04841e-09	0.807753
3.05418e-09	0.796205
3.05996e-09	0.784388
3.06573e-09	0.77231
3.0715e-09	0.759979
3.07728e-09	0.747402
3.08305e-09	0.734587
3.08882e-09	0.721543
3.0946e-09	0.708278
3.10037e-09	0.694799
3.10614e-09	0.681116
3.11192e-09	0.667237
3.11769e-09	0.653171
3.12347e-09	0.638926
3.12924e-09	0.624512
3.13501e-09	0.609936
3.14079e-09	0.595208
3.14656e-09	0.580337
3.15233e-09	0.565332
3.15811e-09	0.550201
3.16388e-09	0.534955
3.16965e-09	0.519602
3.17543e-09	0.504151
3.1812e-09	0.488612
3.18697e-09	0.472993
3.19275e-09	0.457304
3.19852e-09	0.441553
3.20429e-09	0.425751
3.21007e-09	0.409905
3.21584e-09	0.394026
3.22161e-09	0.378122
3.22739e-09	0.362201
3.23316e-09	0.346274
3.23894e-09	0.330348
3.24471e-09	0.314433
3.25048e-09	0.298538
3.25626e-09	0.28267
3.26203e-09	0.266839
3.2678e-09	0.251053
3.27358e-09	0.23532
3.27935e-09	0.219649
3.28512e-09	0.204048
3.2909e-09	0.188525
3.29667e-09	0.173087
3.30244e-09	0.157743
3.30822e-09	0.1425
3.31399e-09	0.127366
3.31976e-09	0.112348
3.32554e-09	0.0974535
3.33131e-09	0.0826895
3.33708e-09	0.0680631
3.34286e-09	0.0535809
3.34863e-09	0.0392496
3.35441e-09	0.0250758
3.36018e-09	0.0110656
3.36595e-09	-0.00277478
3.37173e-09	-0.0164394
3.3775e-09	-0.0299224
3.38327e-09	-0.0432183
3.38905e-09	-0.0563216
3.39482e-09	-0.0692272
3.40059e-09	-0.0819299
3.40637e-09	-0.094425
3.41214e-09	-0.106708
3.41791e-09	-0.118774
3.42369e-09	-0.130619
3.42946e-09	-0.142238
3.43523e-09	-0.153629
3.44101e-09	-0.164787
3.44678e-09	-0.175709
3.45255e-09	-0.186392
3.45833e-09	-0.196832
3.4641e-09	-0.207027
3.46988e-09	-0.216973
3.47565e-09	-0.22667
3.48142e-09	-0.236113
3.4872e-09	-0.245302
3.49297e-09	-0.254234
3.49874e-09	-0.262908
3.50452e-09	-0.271322
3.51029e-09	-0.279474
3.51606e-09	-0.287365
3.52184e-09	-0.294993
3.52761e-09	-0.302357
3.53338e-09	-0.309456
3.53916e-09	-0.316291
3.54493e-09	-0.322861
3.5507e-09	-0.329167
3.55648e-09	-0.335208
3.56225e-09	-0.340986
3.56802e-09	-0.346499
3.5738e-09	-0.351751
3.57957e-09	-0.35674
3.58535e-09	-0.361469
3.59112e-09	-0.365938
3.59689e-09	-0.37015
3.60267e-09	-0.374105
3.60844e-09	-0.377806
3.61421e-09	-0.381254
3.61999e-09	-0.384451
3.62576e-09	-0.3874
3.63153e-09	-0.390103
3.63731e-09	-0.392561
3.64308e-09	-0.394779
3.64885e-09	-0.396758
3.65463e-09	-0.398502
3.6604e-09	-0.400013
3.66617e-09	-0.401295
3.67195e-09	-0.40235
3.67772e-09	-0.403182
3.68349e-09	-0.403794
3.68927e-09	-0.404191
3.69504e-09	-0.404374
3.70082e-09	-0.404349
3.70659e-09	-0.404118
3.71236e-09	-0.403686
3.71814e-09	-0.403057
3.72391e-09	-0.402234
3.72968e-09	-0.401222
3.73546e-09	-0.400025
3.74123e-09	-0.398647
3.747e-09	-0.397091
3.75278e-09	-0.395364
3.75855e-09	-0.393468
3.76432e-09	-0.391408
3.7701e-09	-0.389189
3.77587e-09	-0.386815
3.78164e-09	-0.38429
3.78742e-09	-0.38162
3.79319e-09	-0.378808
3.79897e-09	-0.375859
3.80474e-09	-0.372777
3.81051e-09	-0.369568
3.81629e-09	-0.366236
3.82206e-09	-0.362785
3.82783e-09	-0.35922
3.83361e-09	-0.355545
3.83938e-09	-0.351765
3.84515e-09	-0.347885
3.85093e-09	-0.343909
3.8567e-09	-0.339841
3.86247e-09	-0.335687
3.86825e-09	-0.33145
3.87402e-09	-0.327134
3.87979e-09	-0.322746
3.88557e-09	-0.318287
3.89134e-09	-0.313764
3.89711e-09	-0.30918
3.90289e-09	-0.304539
3.90866e-09	-0.299846
3.91444e-09	-0.295105
3.92021e-09	-0.29032
3.92598e-09	-0.285494
3.93176e-09	-0.280632
3.93753e-09	-0.275738
3.9433e-09	-0.270816
3.94908e-09	-0.265869
3.95485e-09	-0.260901
3.96062e-09	-0.255916
3.9664e-09	-0.250917
3.97217e-09	-0.245909
3.97794e-09	-0.240893
3.98372e-09	-0.235874
3.98949e-09	-0.230856
3.99526e-09	-0.22584
4.00104e-09	-0.220831
4.00681e-09	-0.215832
4.01258e-09	-0.210845
4.01836e-09	-0.205873
4.02413e-09	-0.20092
4.02991e-09	-0.195987
4.03568e-09	-0.191079
4.04145e-09	-0.186197
4.04723e-09	-0.181343
4.053e-09	-0.176521
4.05877e-09	-0.171733
4.06455e-09	-0.16698
4.07032e-09	-0.162266
4.07609e-09	-0.157592
4.08187e-09	-0.15296
4.08764e-09	-0.148373
4.09341e-09	-0.143831
4.09919e-09	-0.139338
4.10496e-09	-0.134894
4.11073e-09	-0.130501
4.11651e-09	-0.126162
4.12228e-09	-0.121876
4.12805e-09	-0.117646
4.13383e-09	-0.113474
4.1396e-09	-0.109359
4.14538e-09	-0.105304
4.15115e-09	-0.101309
4.15692e-09	-0.0973763
4.1627e-09	-0.0935057
4.16847e-09	-0.0896983
4.17424e-09	-0.0859551
4.18002e-09	-0.0822768
4.18579e-09	-0.078664
4.19156e-09	-0.0751173
4.19734e-09	-0.0716373
4.20311e-09	-0.0682243
4.20888e-09	-0.0648789
4.21466e-09	-0.0616013
4.22043e-09	-0.0583918
4.2262e-09	-0.0552507
4.23198e-09	-0.052178
4.23775e-09	-0.0491739
4.24352e-09	-0.0462384
4.2493e-09	-0.0433716
4.25507e-09	-0.0405732
4.26085e-09	-0.0378433
4.26662e-09	-0.0351817
4.27239e-09	-0.0325881
4.27817e-09	-0.0300623
4.28394e-09	-0.027604
4.28971e-09	-0.0252128
4.29549e-09	-0.0228884
4.30126e-09	-0.0206302
4.30703e-09	-0.0184379
4.31281e-09	-0.0163109
4.31858e-09	-0.0142486
4.32435e-09	-0.0122506
4.33013e-09	-0.010316
4.3359e-09	-0.00844446
4.34167e-09	-0.00663511
4.34745e-09	-0.00488729
4.35322e-09	-0.00320026
4.35899e-09	-0.00157326
4.36477e-09	-5.50106e-06
4.37054e-09	0.00150382
4.37632e-09	0.00295554
4.38209e-09	0.00435051
4.38786e-09	0.0056896
4.39364e-09	0.0069737
4.39941e-09	0.00820372
4.40518e-09	0.00938058
4.41096e-09	0.0105052
4.41673e-09	0.0115786
4.4225e-09	0.0126016
4.42828e-09	0.0135753
4.43405e-09	0.0145006
4.43982e-09	0.0153786
4.4456e-09	0.0162101
4.45137e-09	0.0169963
4.45714e-09	0.0177381
4.46292e-09	0.0184365
4.46869e-09	0.0190925
4.47446e-09	0.0197072
4.48024e-09	0.0202815
4.48601e-09	0.0208165
4.49179e-09	0.0213132
4.49756e-09	0.0217726
4.50333e-09	0.0221957
4.50911e-09	0.0225835
4.51488e-09	0.022937
4.52065e-09	0.0232572
4.52643e-09	0.023545
4.5322e-09	0.0238016
4.53797e-09	0.0240277
4.54375e-09	0.0242245
4.54952e-09	0.0243928
4.55529e-09	0.0245336
4.56107e-09	0.0246479
4.56684e-09	0.0247365
4.57261e-09	0.0248004
4.57839e-09	0.0248405
4.58416e-09	0.0248576
4.58993e-09	0.0248528
4.59571e-09	0.0248267
4.60148e-09	0.0247804
4.60726e-09	0.0247145
4.61303e-09	0.02463
4.6188e-09	0.0245277
4.62458e-09	0.0244084
4.63035e-09	0.0242728
4.63612e-09	0.0241217
4.6419e-09	0.0239559
4.64767e-09	0.0237761
4.65344e-09	0.023583
4.65922e-09	0.0233774
4.66499e-09	0.02316
4.67076e-09	0.0229314
4.67654e-09	0.0226922
4.68231e-09	0.0224432
4.68808e-09	0.022185
4.69386e-09	0.0219182
4.69963e-09	0.0216433
4.70541e-09	0.021361
4.71118e-09	0.0210718
4.71695e-09	0.0207763
4.72273e-09	0.020475
4.7285e-09	0.0201685
4.73427e-09	0.0198572
4.74005e-09	0.0195416
4.74582e-09	0.0192222
4.75159e-09	0.0188995
4.75737e-09	0.0185739
4.76314e-09	0.0182458
4.76891e-09	0.0179157
4.77469e-09	0.0175839
4.78046e-09	0.0172508
4.78623e-09	0.0169169
4.79201e-09	0.0165824
4.79778e-09	0.0162476
4.80355e-09	0.015913
4.80933e-09	0.0155788
4.8151e-09	0.0152454
4.82088e-09	0.014913
4.82665e-09	0.0145818
4.83242e-09	0.0142522
4.8382e-09	0.0139245
4.84397e-09	0.0135987
4.84974e-09	0.0132752
4.85552e-09	0.0129542
4.86129e-09	0.0126359
4.86706e-09	0.0123204
4.87284e-09	0.012008
4.87861e-09	0.0116988
4.88438e-09	0.011393
4.89016e-09	0.0110907
4.89593e-09	0.010792
4.9017e-09	0.0104971
4.90748e-09	0.0102062
4.91325e-09	0.00991923
4.91902e-09	0.0096364
4.9248e-09	0.00935779
4.93057e-09	0.00908346
4.93635e-09	0.00881351
4.94212e-09	0.00854799
4.94789e-09	0.00828697
4.95367e-09	0.00803051
4.95944e-09	0.00777864
4.96521e-09	0.00753141
4.97099e-09	0.00728885
4.97676e-09	0.00705099
4.98253e-09	0.00681784
4.98831e-09	0.00658943
4.99408e-09	0.00636576
4.99985e-09	0.00614684
5.00563e-09	0.00593266
5.0114e-09	0.00572322
5.01717e-09	0.0055185
5.02295e-09	0.0053185
5.02872e-09	0.00512319
5.03449e-09	0.00493254
5.04027e-09	0.00474654
5.04604e-09	0.00456515
5.05182e-09	0.00438833
5.05759e-09	0.00421605
5.06336e-09	0.00404827
5.06914e-09	0.00388494
5.07491e-09	0.00372601
5.08068e-09	0.00357144
5.08646e-09	0.00342118
5.09223e-09	0.00327516
5.098e-09	0.00313334
5.10378e-09	0.00299566
5.10955e-09	0.00286206
5.11532e-09	0.00273247
5.1211e-09	0.00260684
5.12687e-09	0.0024851
5.13264e-09	0.00236719
5.13842e-09	0.00225303
5.14419e-09	0.00214257
5.14996e-09	0.00203573
5.15574e-09	0.00193245
5.16151e-09	0.00183266
5.16729e-09	0.00173628
5.17306e-09	0.00164325
5.17883e-09	0.0015535
5.18461e-09	0.00146695
5.19038e-09	0.00138354
5.19615e-09	0.0013032
5.20193e-09	0.00122585
5.2077e-09	0.00115143
5.21347e-09	0.00107986
5.21925e-09	0.00101107
5.22502e-09	0.000944999
5.23079e-09	0.000881573
5.23657e-09	0.000820724
5.24234e-09	0.000762384
5.24811e-09	0.000706485
5.25389e-09	0.00065296
5.25966e-09	0.000601743
5.26543e-09	0.000552768
5.27121e-09	0.000505971
5.27698e-09	0.000461288
5.28276e-09	0.000418656
5.28853e-09	0.000378012
5.2943e-09	0.000339294
5.30008e-09	0.000302444
5.30585e-09	0.000267401
5.31162e-09	0.000234107
5.3174e-09	0.000202504
5.32317e-09	0.000172536
5.32894e-09	0.000144148
5.33472e-09	0.000117284
5.34049e-09	9.18931e-05
5.34626e-09	6.79217e-05
5.35204e-09	4.53189e-05
5.35781e-09	2.40347e-05
5.36358e-09	4.02029e-06
5.36936e-09	-1.47723e-05
5.37513e-09	-3.23898e-05
5.3809e-09	-4.88777e-05
5.38668e-09	-6.42807e-05
5.39245e-09	-7.86422e-05
5.39823e-09	-9.20045e-05
5.404e-09	-0.000104409
5.40977e-09	-0.000115895
5.41555e-09	-0.000126503
5.42132e-09	-0.000136271
5.42709e-09	-0.000145234
5.43287e-09	-0.00015343
5.43864e-09	-0.000160893
5.44441e-09	-0.000167657
5.45019e-09	-0.000173755
5.45596e-09	-0.000179218
5.46173e-09	-0.000184078
5.46751e-09	-0.000188365
5.47328e-09	-0.000192107
5.47905e-09	-0.000195332
5.48483e-09	-0.000198067
5.4906e-09	-0.000200339
5.49637e-09	-0.000202172
5.50215e-09	-0.000203591
5.50792e-09	-0.00020462
5.5137e-09	-0.000205281
5.51947e-09	-0.000205596
5.52524e-09	-0.000205586
5.53102e-09	-0.000205271
5.53679e-09	-0.000204671
5.54256e-09	-0.000203804
5.54834e-09	-0.000202687
5.55411e-09	-0.00020134
5.55988e-09	-0.000199777
5.56566e-09	-0.000198014
5.57143e-09	-0.000196068
5.5772e-09	-0.000193951
5.58298e-09	-0.000191679
5.58875e-09	-0.000189264
5.59452e-09	-0.000186718
5.6003e-09	-0.000184055
5.60607e-09	-0.000181285
5.61184e-09	-0.00017842
5.61762e-09	-0.000175469
5.62339e-09	-0.000172443
5.62917e-09	-0.000169351
5.63494e-09	-0.000166202
5.64071e-09	-0.000163004
5.64649e-09	-0.000159766
5.65226e-09	-0.000156494
5.65803e-09	-0.000153197
5.66381e-09	-0.00014988
5.66958e-09	-0.00014655
5.67535e-09	-0.000143214
5.68113e-09	-0.000139876
5.6869e-09	-0.000136541
5.69267e-09	-0.000133216
5.69845e-09	-0.000129904
5.70422e-09	-0.000126609
5.70999e-09	-0.000123336
5.71577e-09	-0.000120089
5.72154e-09	-0.00011687
5.72732e-09	-0.000113682
