2.88675e-12	-0.000114025
8.66025e-12	-0.000117216
1.44338e-11	-0.000120438
2.02073e-11	-0.000123689
2.59808e-11	-0.000126964
3.17543e-11	-0.000130261
3.75278e-11	-0.000133575
4.33013e-11	-0.000136901
4.90748e-11	-0.000140236
5.48483e-11	-0.000143574
6.06218e-11	-0.000146911
6.63953e-11	-0.000150239
7.21688e-11	-0.000153554
7.79423e-11	-0.000156849
8.37158e-11	-0.000160118
8.94893e-11	-0.000163352
9.52628e-11	-0.000166545
1.01036e-10	-0.000169688
1.0681e-10	-0.000172773
1.12583e-10	-0.000175792
1.18357e-10	-0.000178734
1.2413e-10	-0.000181589
1.29904e-10	-0.000184348
1.35677e-10	-0.000186999
1.41451e-10	-0.000189531
1.47224e-10	-0.000191931
1.52998e-10	-0.000194188
1.58771e-10	-0.000196286
1.64545e-10	-0.000198214
1.70318e-10	-0.000199955
1.76092e-10	-0.000201496
1.81865e-10	-0.00020282
1.87639e-10	-0.00020391
1.93412e-10	-0.000204749
1.99186e-10	-0.000205319
2.04959e-10	-0.000205602
2.10733e-10	-0.000205578
2.16506e-10	-0.000205227
2.2228e-10	-0.000204527
2.28053e-10	-0.000203457
2.33827e-10	-0.000201994
2.396e-10	-0.000200115
2.45374e-10	-0.000197794
2.51147e-10	-0.000195007
2.56921e-10	-0.000191728
2.62694e-10	-0.000187928
2.68468e-10	-0.000183581
2.74241e-10	-0.000178658
2.80015e-10	-0.000173127
2.85788e-10	-0.000166959
2.91562e-10	-0.000160121
2.97335e-10	-0.00015258
3.03109e-10	-0.000144303
3.08882e-10	-0.000135255
3.14656e-10	-0.000125398
3.20429e-10	-0.000114697
3.26203e-10	-0.000103113
3.31976e-10	-9.06075e-05
3.3775e-10	-7.71393e-05
3.43523e-10	-6.26673e-05
3.49297e-10	-4.71492e-05
3.5507e-10	-3.05413e-05
3.60844e-10	-1.27991e-05
3.66617e-10	6.12323e-06
3.72391e-10	2.62726e-05
3.78164e-10	4.76968e-05
3.83938e-10	7.04451e-05
3.89711e-10	9.45674e-05
3.95485e-10	0.000120115
4.01258e-10	0.000147141
4.07032e-10	0.000175697
4.12805e-10	0.000205839
4.18579e-10	0.000237622
4.24352e-10	0.000271102
4.30126e-10	0.000306338
4.35899e-10	0.000343387
4.41673e-10	0.000382309
4.47446e-10	0.000423165
4.5322e-10	0.000466016
4.58993e-10	0.000510925
4.64767e-10	0.000557954
4.70541e-10	0.000607168
4.76314e-10	0.000658631
4.82088e-10	0.000712409
4.87861e-10	0.000768569
4.93635e-10	0.000827177
4.99408e-10	0.000888301
5.05182e-10	0.000952009
5.10955e-10	0.00101837
5.16729e-10	0.00108745
5.22502e-10	0.00115933
5.28276e-10	0.00123407
5.34049e-10	0.00131174
5.39823e-10	0.00139241
5.45596e-10	0.00147615
5.5137e-10	0.00156304
5.57143e-10	0.00165314
5.62917e-10	0.00174653
5.6869e-10	0.00184327
5.74464e-10	0.00194344
5.80237e-10	0.0020471
5.86011e-10	0.00215433
5.91784e-10	0.00226519
5.97558e-10	0.00237975
6.03331e-10	0.00249807
6.09105e-10	0.00262023
6.14878e-10	0.00274628
6.20652e-10	0.0028763
6.26425e-10	0.00301034
6.32199e-10	0.00314847
6.37972e-10	0.00329074
6.43746e-10	0.00343721
6.49519e-10	0.00358793
6.55293e-10	0.00374297
6.61066e-10	0.00390237
6.6684e-10	0.00406618
6.72613e-10	0.00423445
6.78387e-10	0.00440722
6.8416e-10	0.00458453
6.89934e-10	0.00476642
6.95707e-10	0.00495292
7.01481e-10	0.00514407
7.07254e-10	0.00533988
7.13028e-10	0.00554039
7.18801e-10	0.00574562
7.24575e-10	0.00595557
7.30348e-10	0.00617026
7.36122e-10	0.0063897
7.41895e-10	0.00661388
7.47669e-10	0.00684281
7.53442e-10	0.00707646
7.59216e-10	0.00731483
7.64989e-10	0.0075579
7.70763e-10	0.00780563
7.76536e-10	0.008058
7.8231e-10	0.00831496
7.88083e-10	0.00857647
7.93857e-10	0.00884247
7.9963e-10	0.0091129
8.05404e-10	0.00938769
8.11177e-10	0.00966676
8.16951e-10	0.00995004
8.22724e-10	0.0102374
8.28498e-10	0.0105288
8.34271e-10	0.0108241
8.40045e-10	0.0111231
8.45818e-10	0.0114258
8.51592e-10	0.011732
8.57365e-10	0.0120416
8.63139e-10	0.0123544
8.68912e-10	0.0126701
8.74686e-10	0.0129888
8.80459e-10	0.0133101
8.86233e-10	0.0136338
8.92006e-10	0.0139598
8.9778e-10	0.0142878
9.03553e-10	0.0146175
9.09327e-10	0.0149488
9.151e-10	0.0152814
9.20874e-10	0.0156149
9.26647e-10	0.0159492
9.32421e-10	0.0162838
9.38194e-10	0.0166185
9.43968e-10	0.016953
9.49741e-10	0.0172869
9.55515e-10	0.0176198
9.61288e-10	0.0179514
9.67062e-10	0.0182814
9.72835e-10	0.0186092
9.78609e-10	0.0189345
9.84382e-10	0.0192569
9.90156e-10	0.0195759
9.95929e-10	0.019891
1.0017e-09	0.0202018
1.00748e-09	0.0205078
1.01325e-09	0.0208085
1.01902e-09	0.0211033
1.0248e-09	0.0213918
1.03057e-09	0.0216733
1.03634e-09	0.0219474
1.04212e-09	0.0222133
1.04789e-09	0.0224706
1.05366e-09	0.0227186
1.05944e-09	0.0229566
1.06521e-09	0.023184
1.07098e-09	0.0234002
1.07676e-09	0.0236045
1.08253e-09	0.0237962
1.08831e-09	0.0239745
1.09408e-09	0.0241387
1.09985e-09	0.0242882
1.10563e-09	0.024422
1.1114e-09	0.0245396
1.11717e-09	0.02464
1.12295e-09	0.0247225
1.12872e-09	0.0247863
1.13449e-09	0.0248305
1.14027e-09	0.0248543
1.14604e-09	0.0248569
1.15181e-09	0.0248373
1.15759e-09	0.0247947
1.16336e-09	0.0247281
1.16913e-09	0.0246368
1.17491e-09	0.0245197
1.18068e-09	0.024376
1.18645e-09	0.0242046
1.19223e-09	0.0240047
1.198e-09	0.0237753
1.20378e-09	0.0235155
1.20955e-09	0.0232242
1.21532e-09	0.0229004
1.2211e-09	0.0225433
1.22687e-09	0.0221517
1.23264e-09	0.0217247
1.23842e-09	0.0212614
1.24419e-09	0.0207606
1.24996e-09	0.0202214
1.25574e-09	0.0196427
1.26151e-09	0.0190236
1.26728e-09	0.018363
1.27306e-09	0.01766
1.27883e-09	0.0169135
1.2846e-09	0.0161225
1.29038e-09	0.0152859
1.29615e-09	0.0144029
1.30192e-09	0.0134724
1.3077e-09	0.0124935
1.31347e-09	0.011465
1.31925e-09	0.0103862
1.32502e-09	0.00925595
1.33079e-09	0.00807339
1.33657e-09	0.00683757
1.34234e-09	0.00554757
1.34811e-09	0.00420248
1.35389e-09	0.00280142
1.35966e-09	0.00134352
1.36543e-09	-0.000172074
1.37121e-09	-0.00174619
1.37698e-09	-0.00337964
1.38275e-09	-0.0050732
1.38853e-09	-0.00682764
1.3943e-09	-0.00864368
1.40007e-09	-0.010522
1.40585e-09	-0.0124634
1.41162e-09	-0.0144684
1.4174e-09	-0.0165376
1.42317e-09	-0.0186716
1.42894e-09	-0.020871
1.43472e-09	-0.0231363
1.44049e-09	-0.025468
1.44626e-09	-0.0278664
1.45204e-09	-0.030332
1.45781e-09	-0.0328651
1.46358e-09	-0.035466
1.46936e-09	-0.038135
1.47513e-09	-0.0408723
1.4809e-09	-0.043678
1.48668e-09	-0.0465523
1.49245e-09	-0.0494952
1.49822e-09	-0.0525067
1.504e-09	-0.0555868
1.50977e-09	-0.0587353
1.51554e-09	-0.0619522
1.52132e-09	-0.0652371
1.52709e-09	-0.0685899
1.53287e-09	-0.0720101
1.53864e-09	-0.0754974
1.54441e-09	-0.0790512
1.55019e-09	-0.0826711
1.55596e-09	-0.0863565
1.56173e-09	-0.0901067
1.56751e-09	-0.0939209
1.57328e-09	-0.0977983
1.57905e-09	-0.101738
1.58483e-09	-0.105739
1.5906e-09	-0.109801
1.59637e-09	-0.113922
1.60215e-09	-0.118101
1.60792e-09	-0.122337
1.61369e-09	-0.126628
1.61947e-09	-0.130974
1.62524e-09	-0.135372
1.63101e-09	-0.139821
1.63679e-09	-0.14432
1.64256e-09	-0.148866
1.64834e-09	-0.153459
1.65411e-09	-0.158095
1.65988e-09	-0.162774
1.66566e-09	-0.167492
1.67143e-09	-0.172248
1.6772e-09	-0.177041
1.68298e-09	-0.181866
1.68875e-09	-0.186723
1.69452e-09	-0.191608
1.7003e-09	-0.196519
1.70607e-09	-0.201454
1.71184e-09	-0.206409
1.71762e-09	-0.211383
1.72339e-09	-0.216371
1.72916e-09	-0.221372
1.73494e-09	-0.226382
1.74071e-09	-0.231398
1.74648e-09	-0.236417
1.75226e-09	-0.241435
1.75803e-09	-0.24645
1.76381e-09	-0.251458
1.76958e-09	-0.256455
1.77535e-09	-0.261439
1.78113e-09	-0.266405
1.7869e-09	-0.271349
1.79267e-09	-0.276269
1.79845e-09	-0.281159
1.80422e-09	-0.286017
1.80999e-09	-0.290839
1.81577e-09	-0.295619
1.82154e-09	-0.300356
1.82731e-09	-0.305043
1.83309e-09	-0.309678
1.83886e-09	-0.314256
1.84463e-09	-0.318772
1.85041e-09	-0.323223
1.85618e-09	-0.327604
1.86195e-09	-0.331911
1.86773e-09	-0.33614
1.8735e-09	-0.340285
1.87928e-09	-0.344343
1.88505e-09	-0.348309
1.89082e-09	-0.352179
1.8966e-09	-0.355947
1.90237e-09	-0.35961
1.90814e-09	-0.363163
1.91392e-09	-0.366602
1.91969e-09	-0.369921
1.92546e-09	-0.373117
1.93124e-09	-0.376184
1.93701e-09	-0.379118
1.94278e-09	-0.381915
1.94856e-09	-0.38457
1.95433e-09	-0.387079
1.9601e-09	-0.389436
1.96588e-09	-0.391638
1.97165e-09	-0.393681
1.97742e-09	-0.395559
1.9832e-09	-0.397268
1.98897e-09	-0.398804
1.99475e-09	-0.400163
2.00052e-09	-0.401341
2.00629e-09	-0.402332
2.01207e-09	-0.403134
2.01784e-09	-0.403743
2.02361e-09	-0.404153
2.02939e-09	-0.404361
2.03516e-09	-0.404364
2.04093e-09	-0.404158
2.04671e-09	-0.403739
2.05248e-09	-0.403103
2.05825e-09	-0.402247
2.06403e-09	-0.401167
2.0698e-09	-0.399861
2.07557e-09	-0.398325
2.08135e-09	-0.396556
2.08712e-09	-0.394551
2.09289e-09	-0.392307
2.09867e-09	-0.389822
2.10444e-09	-0.387093
2.11022e-09	-0.384118
2.11599e-09	-0.380893
2.12176e-09	-0.377418
2.12754e-09	-0.37369
2.13331e-09	-0.369707
2.13908e-09	-0.365468
2.14486e-09	-0.36097
2.15063e-09	-0.356214
2.1564e-09	-0.351196
2.16218e-09	-0.345916
2.16795e-09	-0.340374
2.17372e-09	-0.334568
2.1795e-09	-0.328498
2.18527e-09	-0.322164
2.19104e-09	-0.315565
2.19682e-09	-0.308702
2.20259e-09	-0.301574
2.20836e-09	-0.294181
2.21414e-09	-0.286525
2.21991e-09	-0.278606
2.22569e-09	-0.270425
2.23146e-09	-0.261983
2.23723e-09	-0.253281
2.24301e-09	-0.244321
2.24878e-09	-0.235105
2.25455e-09	-0.225634
2.26033e-09	-0.215911
2.2661e-09	-0.205937
2.27187e-09	-0.195716
2.27765e-09	-0.185249
2.28342e-09	-0.17454
2.28919e-09	-0.163593
2.29497e-09	-0.152409
2.30074e-09	-0.140994
2.30651e-09	-0.129349
2.31229e-09	-0.11748
2.31806e-09	-0.105391
2.32383e-09	-0.093085
2.32961e-09	-0.0805672
2.33538e-09	-0.0678423
2.34116e-09	-0.0549152
2.34693e-09	-0.0417908
2.3527e-09	-0.0284744
2.35848e-09	-0.0149715
2.36425e-09	-0.00128763
2.37002e-09	0.0125714
2.3758e-09	0.0265995
2.38157e-09	0.0407907
2.38734e-09	0.0551386
2.39312e-09	0.0696367
2.39889e-09	0.0842783
2.40466e-09	0.0990567
2.41044e-09	0.113965
2.41621e-09	0.128996
2.42198e-09	0.144142
2.42776e-09	0.159396
2.43353e-09	0.174751
2.43931e-09	0.190198
2.44508e-09	0.20573
2.45085e-09	0.221339
2.45663e-09	0.237018
2.4624e-09	0.252756
2.46817e-09	0.268548
2.47395e-09	0.284383
2.47972e-09	0.300254
2.48549e-09	0.316152
2.49127e-09	0.332069
2.49704e-09	0.347995
2.50281e-09	0.363922
2.50859e-09	0.379841
2.51436e-09	0.395743
2.52013e-09	0.411619
2.52591e-09	0.427461
2.53168e-09	0.443258
2.53745e-09	0.459002
2.54323e-09	0.474684
2.549e-09	0.490295
2.55478e-09	0.505825
2.56055e-09	0.521266
2.56632e-09	0.536608
2.5721e-09	0.551842
2.57787e-09	0.566959
2.58364e-09	0.58195
2.58942e-09	0.596806
2.59519e-09	0.611518
2.60096e-09	0.626077
2.60674e-09	0.640474
2.61251e-09	0.6547
2.61828e-09	0.668746
2.62406e-09	0.682604
2.62983e-09	0.696266
2.6356e-09	0.709721
2.64138e-09	0.722963
2.64715e-09	0.735983
2.65292e-09	0.748772
2.6587e-09	0.761323
2.66447e-09	0.773628
2.67025e-09	0.785678
2.67602e-09	0.797466
2.68179e-09	0.808985
2.68757e-09	0.820227
2.69334e-09	0.831185
2.69911e-09	0.841851
2.70489e-09	0.85222
2.71066e-09	0.862284
2.71643e-09	0.872036
2.72221e-09	0.881471
2.72798e-09	0.890582
2.73375e-09	0.899363
2.73953e-09	0.907809
2.7453e-09	0.915914
2.75107e-09	0.923672
2.75685e-09	0.931079
2.76262e-09	0.93813
2.76839e-09	0.944819
2.77417e-09	0.951144
2.77994e-09	0.957098
2.78572e-09	0.962679
2.79149e-09	0.967883
2.79726e-09	0.972706
2.80304e-09	0.977145
2.80881e-09	0.981198
2.81458e-09	0.984861
2.82036e-09	0.988132
2.82613e-09	0.991008
2.8319e-09	0.993489
2.83768e-09	0.995572
2.84345e-09	0.997256
2.84922e-09	0.998539
2.855e-09	0.999422
2.86077e-09	0.999903
2.86654e-09	0.999981
2.87232e-09	0.999658
2.87809e-09	0.998933
2.88386e-09	0.997807
2.88964e-09	0.996279
2.89541e-09	0.994353
2.90119e-09	0.992028
2.90696e-09	0.989306
2.91273e-09	0.986189
2.91851e-09	0.98268
2.92428e-09	0.97878
2.93005e-09	0.974492
2.93583e-09	0.969819
2.9416e-09	0.964764
2.94737e-09	0.95933
2.95315e-09	0.953522
2.95892e-09	0.947342
2.96469e-09	0.940795
2.97047e-09	0.933885
2.97624e-09	0.926617
2.98201e-09	0.918996
2.98779e-09	0.911027
2.99356e-09	0.902714
2.99933e-09	0.894063
3.00511e-09	0.885081
3.01088e-09	0.875772
3.01666e-09	0.866144
3.02243e-09	0.856201
3.0282e-09	0.845951
3.03398e-09	0.8354
3.03975e-09	0.824556
3.04552e-09	0.813425
3.0513e-09	0.802013
3.05707e-09	0.79033
3.06284e-09	0.778381
3.06862e-09	0.766176
3.07439e-09	0.75372
3.08016e-09	0.741024
3.08594e-09	0.728093
3.09171e-09	0.714937
3.09748e-09	0.701564
3.10326e-09	0.687983
3.10903e-09	0.674201
3.1148e-09	0.660227
3.12058e-09	0.64607
3.12635e-09	0.63174
3.13213e-09	0.617243
3.1379e-09	0.60259
3.14367e-09	0.58779
3.14945e-09	0.57285
3.15522e-09	0.557782
3.16099e-09	0.542592
3.16677e-09	0.527291
3.17254e-09	0.511888
3.17831e-09	0.496392
3.18409e-09	0.480812
3.18986e-09	0.465157
3.19563e-09	0.449436
3.20141e-09	0.433658
3.20718e-09	0.417833
3.21295e-09	0.401969
3.21873e-09	0.386076
3.2245e-09	0.370163
3.23027e-09	0.354238
3.23605e-09	0.33831
3.24182e-09	0.322389
3.2476e-09	0.306483
3.25337e-09	0.2906
3.25914e-09	0.27475
3.26492e-09	0.25894
3.27069e-09	0.24318
3.27646e-09	0.227477
3.28224e-09	0.211839
3.28801e-09	0.196276
3.29378e-09	0.180795
3.29956e-09	0.165403
3.30533e-09	0.150108
3.3111e-09	0.134919
3.31688e-09	0.119842
3.32265e-09	0.104885
3.32842e-09	0.0900547
3.3342e-09	0.0753587
3.33997e-09	0.0608035
3.34575e-09	0.046396
3.35152e-09	0.0321426
3.35729e-09	0.0180498
3.36307e-09	0.00412379
3.36884e-09	-0.00962942
3.37461e-09	-0.0232039
3.38039e-09	-0.0365941
3.38616e-09	-0.0497944
3.39193e-09	-0.0627994
3.39771e-09	-0.0756042
3.40348e-09	-0.0882037
3.40925e-09	-0.100593
3.41503e-09	-0.112768
3.4208e-09	-0.124724
3.42657e-09	-0.136457
3.43235e-09	-0.147963
3.43812e-09	-0.159237
3.44389e-09	-0.170278
3.44967e-09	-0.181081
3.45544e-09	-0.191642
3.46122e-09	-0.20196
3.46699e-09	-0.212031
3.47276e-09	-0.221853
3.47854e-09	-0.231423
3.48431e-09	-0.24074
3.49008e-09	-0.2498
3.49586e-09	-0.258603
3.50163e-09	-0.267147
3.5074e-09	-0.275431
3.51318e-09	-0.283453
3.51895e-09	-0.291212
3.52472e-09	-0.298708
3.5305e-09	-0.305939
3.53627e-09	-0.312907
3.54204e-09	-0.319609
3.54782e-09	-0.326047
3.55359e-09	-0.332221
3.55936e-09	-0.33813
3.56514e-09	-0.343775
3.57091e-09	-0.349158
3.57669e-09	-0.354278
3.58246e-09	-0.359137
3.58823e-09	-0.363736
3.59401e-09	-0.368076
3.59978e-09	-0.37216
3.60555e-09	-0.375987
3.61133e-09	-0.379561
3.6171e-09	-0.382884
3.62287e-09	-0.385956
3.62865e-09	-0.388782
3.63442e-09	-0.391362
3.64019e-09	-0.3937
3.64597e-09	-0.395798
3.65174e-09	-0.39766
3.65751e-09	-0.399287
3.66329e-09	-0.400683
3.66906e-09	-0.40185
3.67483e-09	-0.402794
3.68061e-09	-0.403515
3.68638e-09	-0.404019
3.69216e-09	-0.404309
3.69793e-09	-0.404387
3.7037e-09	-0.404259
3.70948e-09	-0.403927
3.71525e-09	-0.403396
3.72102e-09	-0.40267
3.7268e-09	-0.401752
3.73257e-09	-0.400647
3.73834e-09	-0.399358
3.74412e-09	-0.397891
3.74989e-09	-0.396249
3.75566e-09	-0.394437
3.76144e-09	-0.392458
3.76721e-09	-0.390318
3.77298e-09	-0.388021
3.77876e-09	-0.385571
3.78453e-09	-0.382973
3.7903e-09	-0.380231
3.79608e-09	-0.37735
3.80185e-09	-0.374334
3.80763e-09	-0.371189
3.8134e-09	-0.367917
3.81917e-09	-0.364525
3.82495e-09	-0.361016
3.83072e-09	-0.357396
3.83649e-09	-0.353668
3.84227e-09	-0.349837
3.84804e-09	-0.345909
3.85381e-09	-0.341886
3.85959e-09	-0.337775
3.86536e-09	-0.333578
3.87113e-09	-0.329302
3.87691e-09	-0.324949
3.88268e-09	-0.320525
3.88845e-09	-0.316033
3.89423e-09	-0.311479
3.9e-09	-0.306866
3.90577e-09	-0.302199
3.91155e-09	-0.297481
3.91732e-09	-0.292717
3.9231e-09	-0.287911
3.92887e-09	-0.283067
3.93464e-09	-0.278189
3.94042e-09	-0.27328
3.94619e-09	-0.268345
3.95196e-09	-0.263387
3.95774e-09	-0.25841
3.96351e-09	-0.253418
3.96928e-09	-0.248414
3.97506e-09	-0.243401
3.98083e-09	-0.238384
3.9866e-09	-0.233365
3.99238e-09	-0.228347
3.99815e-09	-0.223335
4.00392e-09	-0.21833
4.0097e-09	-0.213336
4.01547e-09	-0.208357
4.02124e-09	-0.203394
4.02702e-09	-0.198451
4.03279e-09	-0.19353
4.03857e-09	-0.188634
4.04434e-09	-0.183766
4.05011e-09	-0.178928
4.05589e-09	-0.174123
4.06166e-09	-0.169352
4.06743e-09	-0.164618
4.07321e-09	-0.159924
4.07898e-09	-0.155271
4.08475e-09	-0.150661
4.09053e-09	-0.146096
4.0963e-09	-0.141579
4.10207e-09	-0.13711
4.10785e-09	-0.132691
4.11362e-09	-0.128325
4.11939e-09	-0.124012
4.12517e-09	-0.119754
4.13094e-09	-0.115553
4.13671e-09	-0.111409
4.14249e-09	-0.107324
4.14826e-09	-0.103299
4.15404e-09	-0.0993351
4.15981e-09	-0.0954331
4.16558e-09	-0.091594
4.17136e-09	-0.0878187
4.17713e-09	-0.0841078
4.1829e-09	-0.0804622
4.18868e-09	-0.0768824
4.19445e-09	-0.0733689
4.20022e-09	-0.0699224
4.206e-09	-0.0665432
4.21177e-09	-0.0632316
4.21754e-09	-0.059988
4.22332e-09	-0.0568127
4.22909e-09	-0.0537058
4.23486e-09	-0.0506674
4.24064e-09	-0.0476976
4.24641e-09	-0.0447964
4.25219e-09	-0.0419638
4.25796e-09	-0.0391997
4.26373e-09	-0.036504
4.26951e-09	-0.0338764
4.27528e-09	-0.0313168
4.28105e-09	-0.0288248
4.28683e-09	-0.0264001
4.2926e-09	-0.0240423
4.29837e-09	-0.021751
4.30415e-09	-0.0195259
4.30992e-09	-0.0173663
4.31569e-09	-0.0152717
4.32147e-09	-0.0132416
4.32724e-09	-0.0112754
4.33301e-09	-0.00937243
4.33879e-09	-0.00753205
4.34456e-09	-0.00575355
4.35033e-09	-0.00403622
4.35611e-09	-0.0023793
4.36188e-09	-0.000782023
4.36766e-09	0.000756412
4.37343e-09	0.00223683
4.3792e-09	0.00366006
4.38498e-09	0.00502698
4.39075e-09	0.00633847
4.39652e-09	0.00759541
4.4023e-09	0.00879874
4.40807e-09	0.00994937
4.41384e-09	0.0110482
4.41962e-09	0.0120963
4.42539e-09	0.0130946
4.43116e-09	0.0140439
4.43694e-09	0.0149455
4.44271e-09	0.0158001
4.44848e-09	0.0166088
4.45426e-09	0.0173726
4.46003e-09	0.0180926
4.4658e-09	0.0187697
4.47158e-09	0.0194049
4.47735e-09	0.0199993
4.48313e-09	0.0205539
4.4889e-09	0.0210696
4.49467e-09	0.0215475
4.50045e-09	0.0219886
4.50622e-09	0.022394
4.51199e-09	0.0227645
4.51777e-09	0.0231012
4.52354e-09	0.0234051
4.52931e-09	0.0236772
4.53509e-09	0.0239184
4.54086e-09	0.0241297
4.54663e-09	0.0243121
4.55241e-09	0.0244666
4.55818e-09	0.024594
4.56395e-09	0.0246953
4.56973e-09	0.0247715
4.5755e-09	0.0248234
4.58127e-09	0.0248519
4.58705e-09	0.0248579
4.59282e-09	0.0248423
4.5986e-09	0.024806
4.60437e-09	0.0247498
4.61014e-09	0.0246746
4.61592e-09	0.0245811
4.62169e-09	0.0244701
4.62746e-09	0.0243425
4.63324e-09	0.0241991
4.63901e-09	0.0240406
4.64478e-09	0.0238677
4.65056e-09	0.0236812
4.65633e-09	0.0234818
4.6621e-09	0.0232702
4.66788e-09	0.023047
4.67365e-09	0.0228131
4.67942e-09	0.0225689
4.6852e-09	0.0223152
4.69097e-09	0.0220526
4.69674e-09	0.0217817
4.70252e-09	0.021503
4.70829e-09	0.0212172
4.71407e-09	0.0209248
4.71984e-09	0.0206263
4.72561e-09	0.0203224
4.73139e-09	0.0200134
4.73716e-09	0.0196999
4.74293e-09	0.0193823
4.74871e-09	0.0190612
4.75448e-09	0.018737
4.76025e-09	0.0184101
4.76603e-09	0.018081
4.7718e-09	0.01775
4.77757e-09	0.0174175
4.78335e-09	0.0170839
4.78912e-09	0.0167497
4.79489e-09	0.016415
4.80067e-09	0.0160803
4.80644e-09	0.0157459
4.81221e-09	0.015412
4.81799e-09	0.015079
4.82376e-09	0.0147472
4.82954e-09	0.0144168
4.83531e-09	0.0140881
4.84108e-09	0.0137613
4.84686e-09	0.0134367
4.85263e-09	0.0131144
4.8584e-09	0.0127947
4.86418e-09	0.0124778
4.86995e-09	0.0121638
4.87572e-09	0.011853
4.8815e-09	0.0115454
4.88727e-09	0.0112414
4.89304e-09	0.0109409
4.89882e-09	0.0106441
4.90459e-09	0.0103512
4.91036e-09	0.0100622
4.91614e-09	0.0097773
4.92191e-09	0.00949656
4.92768e-09	0.00922008
4.93346e-09	0.00894794
4.93923e-09	0.00868019
4.94501e-09	0.00841692
4.95078e-09	0.00815817
4.95655e-09	0.007904
4.96233e-09	0.00765444
4.9681e-09	0.00740954
4.97387e-09	0.00716933
4.97965e-09	0.00693383
4.98542e-09	0.00670305
4.99119e-09	0.006477
4.99697e-09	0.00625571
5.00274e-09	0.00603915
5.00851e-09	0.00582734
5.01429e-09	0.00562027
5.02006e-09	0.00541791
5.02583e-09	0.00522026
5.03161e-09	0.00502728
5.03738e-09	0.00483896
5.04315e-09	0.00465527
5.04893e-09	0.00447617
5.0547e-09	0.00430163
5.06048e-09	0.0041316
5.06625e-09	0.00396605
5.07202e-09	0.00380493
5.0778e-09	0.00364818
5.08357e-09	0.00349577
5.08934e-09	0.00334764
5.09512e-09	0.00320373
5.10089e-09	0.00306399
5.10666e-09	0.00292835
5.11244e-09	0.00279677
5.11821e-09	0.00266917
5.12398e-09	0.00254549
5.12976e-09	0.00242567
5.13553e-09	0.00230964
5.1413e-09	0.00219734
5.14708e-09	0.0020887
5.15285e-09	0.00198365
5.15863e-09	0.00188212
5.1644e-09	0.00178405
5.17017e-09	0.00168935
5.17595e-09	0.00159797
5.18172e-09	0.00150983
5.18749e-09	0.00142486
5.19327e-09	0.00134299
5.19904e-09	0.00126416
5.20481e-09	0.00118828
5.21059e-09	0.00111529
5.21636e-09	0.00104512
5.22213e-09	0.000977699
5.22791e-09	0.000912959
5.23368e-09	0.000850831
5.23945e-09	0.000791244
5.24523e-09	0.000734133
5.251e-09	0.000679429
5.25677e-09	0.000627067
5.26255e-09	0.000576979
5.26832e-09	0.000529102
5.2741e-09	0.000483369
5.27987e-09	0.000439719
5.28564e-09	0.000398089
5.29142e-09	0.000358416
5.29719e-09	0.00032064
5.30296e-09	0.0002847
5.30874e-09	0.000250539
5.31451e-09	0.000218097
5.32028e-09	0.000187319
5.32606e-09	0.000158148
5.33183e-09	0.000130529
5.3376e-09	0.000104408
5.34338e-09	7.97332e-05
5.34915e-09	5.64524e-05
5.35492e-09	3.45151e-05
5.3607e-09	1.38718e-05
5.36647e-09	-5.5258e-06
5.37224e-09	-2.37251e-05
5.37802e-09	-4.07721e-05
5.38379e-09	-5.67121e-05
5.38957e-09	-7.1589e-05
5.39534e-09	-8.54456e-05
5.40111e-09	-9.83238e-05
5.40689e-09	-0.000110264
5.41266e-09	-0.000121307
5.41843e-09	-0.00013149
5.42421e-09	-0.000140851
5.42998e-09	-0.000149426
5.43575e-09	-0.000157251
5.44153e-09	-0.00016436
5.4473e-09	-0.000170787
5.45307e-09	-0.000176564
5.45885e-09	-0.000181722
5.46462e-09	-0.000186292
5.47039e-09	-0.000190302
5.47617e-09	-0.000193782
5.48194e-09	-0.000196759
5.48771e-09	-0.000199259
5.49349e-09	-0.000201309
5.49926e-09	-0.000202932
5.50504e-09	-0.000204153
5.51081e-09	-0.000204995
5.51658e-09	-0.000205481
5.52236e-09	-0.000205631
5.52813e-09	-0.000205466
5.5339e-09	-0.000205006
5.53968e-09	-0.000204269
5.54545e-09	-0.000203276
5.55122e-09	-0.000202041
5.557e-09	-0.000200584
5.56277e-09	-0.000198919
5.56854e-09	-0.000197063
5.57432e-09	-0.00019503
5.58009e-09	-0.000192834
5.58586e-09	-0.000190488
5.59164e-09	-0.000188007
5.59741e-09	-0.000185401
5.60318e-09	-0.000182683
5.60896e-09	-0.000179864
5.61473e-09	-0.000176955
5.62051e-09	-0.000173965
5.62628e-09	-0.000170905
5.63205e-09	-0.000167783
5.63783e-09	-0.000164609
5.6436e-09	-0.00016139
5.64937e-09	-0.000158134
5.65515e-09	-0.000154848
5.66092e-09	-0.00015154
5.66669e-09	-0.000148216
5.67247e-09	-0.000144883
5.67824e-09	-0.000141545
5.68401e-09	-0.000138208
5.68979e-09	-0.000134877
5.69556e-09	-0.000131558
5.70133e-09	-0.000128254
5.70711e-09	-0.00012497
5.71288e-09	-0.000121709
5.71865e-09	-0.000118475
5.72443e-09	-0.000115272
5.7302e-09	-0.000112102
