% time-domain voltage integration by openEMS v0.0.36-16-g7d7688a @Fri Jan  3 13:37:41 2025
% start-coordinates: (0,-0.0219227,2.2079e-05) m -> [37,33,22]
% stop-coordinates: (0,-0.0201207,2.2079e-05) m -> [37,40,22]
% t/s	voltage
0	-0
1.07019856839e-10	3.12099315281e-07
2.14039713679e-10	4.75510287146e-07
3.21059570518e-10	5.02478535225e-07
4.28079427358e-10	2.23143278077e-07
5.35099284197e-10	-5.49249676851e-07
6.42119141036e-10	-1.72439636259e-06
7.49138997876e-10	-2.95418689689e-06
8.56158854715e-10	-3.52114605562e-06
9.63178711555e-10	-2.42697521458e-06
1.07019856839e-09	1.1505998927e-06
1.17721842523e-09	7.14829849358e-06
1.28423828207e-09	1.39820485856e-05
1.39125813891e-09	1.83103736617e-05
1.49827799575e-09	1.57561352125e-05
1.60529785259e-09	2.7446504447e-06
1.71231770943e-09	-2.09368216701e-05
1.81933756627e-09	-4.96606144225e-05
1.92635742311e-09	-7.1457292961e-05
2.03337727995e-09	-7.07746714852e-05
2.14039713679e-09	-3.48218054569e-05
2.24741699363e-09	3.80103691668e-05
2.35443685047e-09	0.000131482586312
2.46145670731e-09	0.000210837770283
