% time-domain current integration by openEMS v0.0.36-16-g7d7688a @Fri Jan  3 13:37:41 2025
% start-coordinates: (-0.00168846,-0.0210568,-2.6092e-05) m -> [35,37,20]
% stop-coordinates: (0.000603382,-0.0210568,2.2079e-05) m -> [38,37,22]
% t/s	current
1.53675842676e-14	0
1.07035224424e-10	2.39822139925e-09
2.14055081263e-10	3.44911366135e-09
3.21074938103e-10	3.00273295117e-09
4.28094794942e-10	-4.62146182434e-10
5.35114651781e-10	-6.58975007894e-09
6.42134508621e-10	-1.54800776642e-08
7.4915436546e-10	-2.32890400298e-08
8.561742223e-10	-2.32050307858e-08
9.63194079139e-10	-8.35528091159e-09
1.07021393598e-09	2.48358151822e-08
1.17723379282e-09	7.21652497759e-08
1.28425364966e-09	1.16828665853e-07
1.3912735065e-09	1.3038074087e-07
1.49829336334e-09	8.06291780009e-08
1.60531322018e-09	-5.15590912187e-08
1.71233307701e-09	-2.50112293543e-07
1.81935293385e-09	-4.51685593816e-07
1.92637279069e-09	-5.5013833844e-07
2.03339264753e-09	-4.29420396131e-07
2.14041250437e-09	-2.20624780667e-08
2.24743236121e-09	6.27817655641e-07
2.35445221805e-09	1.32647164719e-06
2.46147207489e-09	1.75766456323e-06
2.56849193173e-09	1.58498414748e-06
2.67551178857e-09	6.14884243078e-07
2.78253164541e-09	-1.04566493064e-06
2.88955150225e-09	-2.9189959605e-06
2.99657135909e-09	-4.24718746217e-06
3.10359121593e-09	-4.25468851972e-06
3.21061107277e-09	-2.50848370342e-06
3.31763092961e-09	7.75155513111e-07
3.42465078645e-09	4.64523827759e-06
3.53167064329e-09	7.65576078265e-06
3.63869050012e-09	8.39534914121e-06
3.74571035696e-09	6.11783389104e-06
3.8527302138e-09	1.1934947679e-06
3.95975007064e-09	-4.86739781991e-06
4.06676992748e-09	-9.89979253063e-06
4.17378978432e-09	-1.19245232781e-05
