% time-domain current integration by openEMS v0.0.36-16-g7d7688a @Sat Jan  4 15:20:47 2025
% start-coordinates: (-0.00252587,-0.00810881,-2.6092e-05) m -> [37,52,22]
% stop-coordinates: (0.00179194,-0.00810881,2.2079e-05) m -> [43,52,23]
% t/s	current
3.63036130965e-14	0
1.06986747795e-10	1.49636725233e-09
2.13937191978e-10	1.92493998519e-09
3.2088763616e-10	1.36571531861e-09
4.27838080342e-10	-4.42508474308e-10
5.34788524524e-10	-4.41066427825e-09
6.41738968707e-10	-9.32026278377e-09
7.48689412889e-10	-1.29883179767e-08
8.55639857071e-10	-1.21130172559e-08
9.62590301253e-10	-2.73612621449e-09
1.06954074544e-09	1.69220992774e-08
1.17649118962e-09	4.3477143663e-08
1.2834416338e-09	6.66438211283e-08
1.39039207798e-09	7.0155415699e-08
1.49734252216e-09	3.67879451346e-08
1.60429296635e-09	-4.18026964155e-08
1.71124341053e-09	-1.53489054355e-07
1.81819385471e-09	-2.59936001612e-07
1.92514429889e-09	-3.00689805499e-07
2.03209474308e-09	-2.13963403439e-07
2.13904518726e-09	3.05275378309e-08
2.24599563144e-09	3.977458789e-07
2.35294607562e-09	7.71055510995e-07
2.4598965198e-09	9.72056113824e-07
2.56684696399e-09	8.2255343159e-07
2.67379740817e-09	2.34769800045e-07
2.78074785235e-09	-7.06569267095e-07
2.88769829653e-09	-1.71654573933e-06
2.99464874072e-09	-2.37226527133e-06
3.1015991849e-09	-2.2650988285e-06
3.20854962908e-09	-1.19652850117e-06
3.31550007326e-09	6.67308370339e-07
3.42245051745e-09	2.76986952485e-06
3.52940096163e-09	4.31455600847e-06
3.63635140581e-09	4.56139514426e-06
3.74330184999e-09	3.16063187711e-06
3.85025229417e-09	3.73469845272e-07
3.95720273836e-09	-2.94339656648e-06
4.06415318254e-09	-5.61803835808e-06
4.17110362672e-09	-6.61446392769e-06
4.2780540709e-09	-5.46697810933e-06
4.38500451509e-09	-2.49960748988e-06
4.49195495927e-09	1.28188708004e-06
4.59890540345e-09	4.5893875722e-06
4.70585584763e-09	6.36797039988e-06
4.81280629181e-09	6.19390857537e-06
4.919756736e-09	4.37806647824e-06
5.02670718018e-09	1.74352021531e-06
5.13365762436e-09	-7.9289156929e-07
5.24060806854e-09	-2.61436730398e-06
5.34755851273e-09	-3.57990870725e-06
5.45450895691e-09	-3.91810863221e-06
5.56145940109e-09	-3.93524715037e-06
5.66840984527e-09	-3.73391230823e-06
5.77536028945e-09	-3.12304200634e-06
5.88231073364e-09	-1.77838251147e-06
5.98926117782e-09	4.45027694695e-07
6.096211622e-09	3.24792995343e-06
6.20316206618e-09	5.85437510381e-06
6.31011251037e-09	7.27100086806e-06
6.41706295455e-09	6.73113390803e-06
6.52401339873e-09	4.10253232985e-06
6.63096384291e-09	4.15033127865e-08
6.73791428709e-09	-4.20342439611e-06
6.84486473128e-09	-7.26096641301e-06
6.95181517546e-09	-8.16786814539e-06
7.05876561964e-09	-6.72324495099e-06
7.16571606382e-09	-3.51991184289e-06
7.27266650801e-09	3.36757040031e-07
7.37961695219e-09	3.67345228369e-06
7.48656739637e-09	5.65336540603e-06
7.59351784055e-09	5.9846242948e-06
7.70046828474e-09	4.88971591039e-06
7.80741872892e-09	2.905197789e-06
7.9143691731e-09	6.38047481516e-07
8.02131961728e-09	-1.411797939e-06
8.12827006146e-09	-2.91912260764e-06
8.23522050565e-09	-3.71675241695e-06
8.34217094983e-09	-3.75369745598e-06
8.44912139401e-09	-3.07457685267e-06
8.55607183819e-09	-1.82704707186e-06
8.66302228238e-09	-2.68962168093e-07
8.76997272656e-09	1.25983956423e-06
8.87692317074e-09	2.41293059844e-06
8.98387361492e-09	2.93694142783e-06
9.0908240591e-09	2.75105958281e-06
9.19777450329e-09	1.96748419512e-06
9.30472494747e-09	8.42792246658e-07
9.41167539165e-09	-3.15817345609e-07
9.51862583583e-09	-1.24665393741e-06
9.62557628002e-09	-1.7935399228e-06
9.7325267242e-09	-1.91801223082e-06
9.83947716838e-09	-1.66985989836e-06
9.94642761256e-09	-1.14752685931e-06
1.00533780567e-08	-4.68301493584e-07
1.01603285009e-08	2.44787457859e-07
1.02672789451e-08	8.6854078063e-07
1.03742293893e-08	1.28916281028e-06
1.04811798335e-08	1.4238590893e-06
1.05881302777e-08	1.24735345253e-06
1.06950807218e-08	8.07777723821e-07
1.0802031166e-08	2.19885208708e-07
1.09089816102e-08	-3.66465059187e-07
1.10159320544e-08	-8.11683605662e-07
1.11228824986e-08	-1.02711862837e-06
1.12298329427e-08	-9.939769825e-07
1.13367833869e-08	-7.5706145708e-07
1.14437338311e-08	-3.99597809064e-07
1.15506842753e-08	-1.2705378083e-08
1.16576347195e-08	3.26959451513e-07
1.17645851637e-08	5.67203073842e-07
1.18715356078e-08	6.79949607729e-07
1.1978486052e-08	6.57715077068e-07
1.20854364962e-08	5.11923929025e-07
1.21923869404e-08	2.73472721801e-07
1.22993373846e-08	-8.32057533984e-09
1.24062878288e-08	-2.72752174624e-07
1.25132382729e-08	-4.61410252228e-07
1.26201887171e-08	-5.34425851129e-07
1.27271391613e-08	-4.824358939e-07
1.28340896055e-08	-3.28667113081e-07
1.29410400497e-08	-1.19948865063e-07
1.30479904938e-08	8.91781226642e-08
1.3154940938e-08	2.52599249961e-07
1.32618913822e-08	3.42985714497e-07
1.33688418264e-08	3.53995261548e-07
1.34757922706e-08	2.96021170243e-07
1.35827427148e-08	1.89335850109e-07
1.36896931589e-08	5.8208684095e-08
1.37966436031e-08	-7.26681932406e-08
1.39035940473e-08	-1.80307097253e-07
