% time-domain voltage integration by openEMS v0.0.36-16-g7d7688a @Sat Jan  4 15:20:47 2025
% start-coordinates: (0,-0.00911115,2.2079e-05) m -> [40,49,23]
% stop-coordinates: (0,-0.00687496,2.2079e-05) m -> [40,56,23]
% t/s	voltage
0	-0
1.06950444182e-10	1.69882714118e-07
2.13900888365e-10	2.66184546405e-07
3.20851332547e-10	2.85971140102e-07
4.27801776729e-10	1.11599472774e-07
5.34752220911e-10	-3.02674859398e-07
6.41702665094e-10	-9.59762488151e-07
7.48653109276e-10	-1.65675430708e-06
8.55603553458e-10	-1.9645377165e-06
9.6255399764e-10	-1.34035607857e-06
1.06950444182e-09	6.57405720972e-07
1.176454886e-09	3.99868417844e-06
1.28340533019e-09	7.80259711064e-06
1.39035577437e-09	1.02066413774e-05
1.49730621855e-09	8.7726041329e-06
1.60425666273e-09	1.50524229525e-06
1.71120710692e-09	-1.17053293707e-05
1.8181575511e-09	-2.7713851523e-05
1.92510799528e-09	-3.98572892664e-05
2.03205843946e-09	-3.9465489408e-05
2.13900888365e-09	-1.94121773802e-05
2.24595932783e-09	2.12139188989e-05
2.35290977201e-09	7.33497345209e-05
2.45986021619e-09	0.000117621886602
2.56681066037e-09	0.000129289244796
2.67376110456e-09	8.82178637767e-05
2.78071154874e-09	-9.18150408324e-06
2.88766199292e-09	-0.000141494048876
2.9946124371e-09	-0.000263016299868
3.10156288129e-09	-0.000316682133416
3.20851332547e-09	-0.000256909981545
3.31546376965e-09	-7.42946840546e-05
3.42241421383e-09	0.000189438418602
3.52936465801e-09	0.00044620934932
3.6363151022e-09	0.000589030438277
3.74326554638e-09	0.00053469127306
3.85021599056e-09	0.000265114536887
3.95716643474e-09	-0.000152057753439
4.06411687893e-09	-0.000577057704504
4.17106732311e-09	-0.000845480317366
4.27801776729e-09	-0.000833604826767
4.38496821147e-09	-0.00051492008788
4.49191865565e-09	1.81817940756e-05
4.59886909984e-09	0.000580788990192
4.70581954402e-09	0.000962974692811
4.8127699882e-09	0.00101264123805
4.91972043238e-09	0.000699388845533
5.02667087657e-09	0.000131433866045
5.13362132075e-09	-0.000483336847537
5.24057176493e-09	-0.000917449666304
5.34752220911e-09	-0.0010125890185
5.45447265329e-09	-0.000740661729651
5.56142309748e-09	-0.000212506514799
5.66837354166e-09	0.000368357628759
5.77532398584e-09	0.000786883232649
5.88227443002e-09	0.000898886413779
5.98922487421e-09	0.000681925761455
6.09617531839e-09	0.000236315459915
6.20312576257e-09	-0.000261014363787
6.31007620675e-09	-0.000628425579634
6.41702665094e-09	-0.000747262136429
6.52397709512e-09	-0.000599493090704
6.6309275393e-09	-0.000263735950284
6.73787798348e-09	0.000124371799757
6.84482842766e-09	0.000428121307777
6.95177887185e-09	0.000558569110581
7.05872931603e-09	0.000498688379594
7.16567976021e-09	0.000297426864563
7.27263020439e-09	4.09454951296e-05
7.37958064858e-09	-0.000183943519005
7.48653109276e-09	-0.000318796897773
7.59348153694e-09	-0.00034575859172
7.70043198112e-09	-0.000282473527477
7.8073824253e-09	-0.000166273383002
7.91433286949e-09	-3.6840420762e-05
8.02128331367e-09	7.55272531023e-05
8.12823375785e-09	0.000153665496327
8.23518420203e-09	0.000191352046386
8.34213464622e-09	0.000189254504221
8.4490850904e-09	0.000152268057718
8.55603553458e-09	8.90505079951e-05
8.66298597876e-09	1.23560196243e-05
8.76993642294e-09	-6.18515236965e-05
8.87688686713e-09	-0.000117478675747
8.98383731131e-09	-0.000142730244988
9.09078775549e-09	-0.000133834219014
9.19773819967e-09	-9.61153155004e-05
9.30468864386e-09	-4.18098302362e-05
9.41163908804e-09	1.43345977222e-05
9.51858953222e-09	5.9660374518e-05
9.6255399764e-09	8.66056088853e-05
9.73249042058e-09	9.31025961108e-05
9.83944086477e-09	8.14543573142e-05
9.94639130895e-09	5.63949502066e-05
1.00533417531e-08	2.35970176163e-05
1.01602921973e-08	-1.09797028927e-05
1.02672426415e-08	-4.13631296396e-05
1.03741930857e-08	-6.20205387349e-05
1.04811435299e-08	-6.88926056682e-05
1.0588093974e-08	-6.06799690104e-05
1.06950444182e-08	-3.96312047997e-05
1.08019948624e-08	-1.12421734002e-05
1.09089453066e-08	1.72451359504e-05
1.10158957508e-08	3.9032874156e-05
1.1122846195e-08	4.97541018376e-05
1.12297966391e-08	4.84174256599e-05
1.13367470833e-08	3.71310852643e-05
1.14436975275e-08	1.98998679934e-05
1.15506479717e-08	1.14326117284e-06
1.16575984159e-08	-1.54000883867e-05
1.176454886e-08	-2.71716421594e-05
1.18714993042e-08	-3.27855041178e-05
1.19784497484e-08	-3.18569477713e-05
1.20854001926e-08	-2.49194786193e-05
1.21923506368e-08	-1.34479106464e-05
1.2299301081e-08	1.86149336834e-07
1.24062515251e-08	1.30487109118e-05
1.25132019693e-08	2.22995661261e-05
1.26201524135e-08	2.59784465015e-05
1.27271028577e-08	2.35945383338e-05
1.28340533019e-08	1.62387548244e-05
1.29410037461e-08	6.16044246726e-06
1.30479541902e-08	-3.99785858463e-06
1.31549046344e-08	-1.19857523941e-05
1.32618550786e-08	-1.64549016972e-05
1.33688055228e-08	-1.70752934991e-05
1.3475755967e-08	-1.43350969211e-05
1.35827064111e-08	-9.20859622511e-06
1.36896568553e-08	-2.86966812268e-06
1.37966072995e-08	3.48428946495e-06
1.39035577437e-08	8.73642693477e-06
