% time-domain current integration by openEMS v0.0.36-16-g7d7688a @Thu Dec 26 16:43:51 2024
% start-coordinates: (-0.005,-0.000166667,-0.0010162) m -> [33,6,19]
% stop-coordinates: (0.004,0.0005,-0.0010162) m -> [52,10,19]
% t/s	current
2.34357374204e-15	0
1.04164822113e-10	4.85610235046e-06
2.08327300651e-10	4.67454538011e-06
3.1248977919e-10	2.0554632556e-06
4.16652257729e-10	-9.25862605072e-06
5.20814736268e-10	-3.51306189259e-05
6.24977214807e-10	-7.94756851974e-05
7.29139693345e-10	-0.000135137146572
8.33302171884e-10	-0.000177553534741
9.37464650423e-10	-0.000155676127179
1.04162712896e-09	8.71859526796e-07
1.1457896075e-09	0.000361418729881
1.24995208604e-09	0.00094361876836
1.35411456458e-09	0.00165312271565
1.45827704312e-09	0.00223502796143
1.56243952166e-09	0.00228449329734
1.66660200019e-09	0.00135366676841
1.77076447873e-09	-0.000844474765472
1.87492695727e-09	-0.00418741395697
1.97908943581e-09	-0.00797012913972
2.08325191435e-09	-0.0109395999461
2.18741439289e-09	-0.0116158174351
2.29157687143e-09	-0.0088555868715
2.39573934997e-09	-0.0024585723877
2.49990182851e-09	0.00646796496585
2.60406430704e-09	0.0156315397471
2.70822678558e-09	0.0222195088863
2.81238926412e-09	0.0238994434476
2.91655174266e-09	0.0197547487915
3.0207142212e-09	0.0107242707163
3.12487669974e-09	-0.000681115139741
3.22903917828e-09	-0.0112895546481
3.33320165682e-09	-0.0184142403305
3.43736413535e-09	-0.0207352172583
3.54152661389e-09	-0.0185622982681
3.64568909243e-09	-0.0134292738512
3.74985157097e-09	-0.00728756329045
3.85401404951e-09	-0.00171500944998
3.95817652805e-09	0.00250960537232
4.06233900659e-09	0.00535654928535
4.16650148513e-09	0.00716479495168
4.27066396367e-09	0.00821172818542
4.3748264422e-09	0.00848653260618
4.47898892074e-09	0.00775328464806
4.58315139928e-09	0.00581134529784
4.68731387782e-09	0.0027659193147
4.79147635636e-09	-0.000862796325237
4.8956388349e-09	-0.00424776645377
4.99980131344e-09	-0.00652695540339
5.10396379198e-09	-0.00710284337401
5.20812627051e-09	-0.00584874488413
5.31228874905e-09	-0.00314936763607
5.41645122759e-09	0.000221570458962
5.52061370613e-09	0.00333346566185
5.62477618467e-09	0.00536310533062
5.72893866321e-09	0.00581730389968
5.83310114175e-09	0.00465540867299
5.93726362029e-09	0.00227831187658
6.04142609883e-09	-0.000594577519223
6.14558857736e-09	-0.00314180413261
6.2497510559e-09	-0.00467623164877
6.35391353444e-09	-0.00483159441501
6.45807601298e-09	-0.00364474300295
6.56223849152e-09	-0.00152321613859
6.66640097006e-09	0.000894132419489
6.7705634486e-09	0.0029260518495
6.87472592714e-09	0.0040375078097
6.97888840567e-09	0.0039769699797
7.08305088421e-09	0.00282652629539
7.18721336275e-09	0.000962387421168
7.29137584129e-09	-0.00106320227496
7.39553831983e-09	-0.00268231448717
7.49970079837e-09	-0.00347059662454
7.60386327691e-09	-0.00325631420128
7.70802575545e-09	-0.00215613096952
7.81218823399e-09	-0.000525026000105
7.91635071252e-09	0.00115632743109
8.02051319106e-09	0.00242250808515
8.1246756696e-09	0.00294985342771
8.22883814814e-09	0.00263641262427
8.33300062668e-09	0.00161582732107
8.43716310522e-09	0.000208061028388
8.54132558376e-09	-0.00117829348892
8.6454880623e-09	-0.00216229842044
8.74965054083e-09	-0.00249485461973
8.85381301937e-09	-0.00212034024298
8.95797549791e-09	-0.00118239142466
9.06213797645e-09	2.76652044704e-05
9.16630045499e-09	0.00116033805534
9.27046293353e-09	0.00190844899043
9.37462541207e-09	0.00208876235411
9.47878789061e-09	0.00168443925213
9.58295036915e-09	0.000839930551592
9.68711284768e-09	-0.000188175428775
9.79127532622e-09	-0.00110681168735
9.89543780476e-09	-0.00166901771445
9.9996002833e-09	-0.00173947482836
1.01037627618e-08	-0.00132613035385
1.02079252404e-08	-0.000570713134948
1.03120877189e-08	0.000298711442156
1.04162501975e-08	0.00103581929579
1.0520412676e-08	0.00144544686191
1.06245751545e-08	0.00143405236304
1.07287376331e-08	0.00102896068711
1.08329001116e-08	0.000363832281437
1.09370625901e-08	-0.000363934697816
1.10412250687e-08	-0.000950715038925
1.11453875472e-08	-0.00124254834373
1.12495500258e-08	-0.00117541395593
1.13537125043e-08	-0.00078794977162
1.14578749828e-08	-0.000205296979402
1.15620374614e-08	0.000400519289542
1.16661999399e-08	0.000861171400174
1.17703624185e-08	0.00105837616138
1.1874524897e-08	0.000953145034146
1.19786873755e-08	0.000591836927924
1.20828498541e-08	8.82402964635e-05
1.21870123326e-08	-0.00041139224777
1.22911748112e-08	-0.000769614765886
1.23953372897e-08	-0.000895732198842
1.24994997682e-08	-0.000767729245126
1.26036622468e-08	-0.000435272784671
1.27078247253e-08	-1.79281846613e-06
1.28119872038e-08	0.000407353247283
1.29161496824e-08	0.000680747849401
1.30203121609e-08	0.000751072599087
1.31244746395e-08	0.000610848190263
1.3228637118e-08	0.000310667790473
1.33327995965e-08	-5.80104569963e-05
1.34369620751e-08	-0.000390061060898
1.35411245536e-08	-0.00059596641222
1.36452870322e-08	-0.000626111170277
1.37494495107e-08	-0.000481965689687
1.38536119892e-08	-0.000212993341847
1.39577744678e-08	9.92919158307e-05
1.40619369463e-08	0.000366299209418
1.41660994249e-08	0.000517089443747
1.42702619034e-08	0.000516883097589
1.43744243819e-08	0.000374583032681
1.44785868605e-08	0.000137415612699
1.4582749339e-08	-0.000124215090182
1.46869118175e-08	-0.000336924480507
1.47910742961e-08	-0.000444964738563
1.48952367746e-08	-0.000424259254942
1.49993992532e-08	-0.000287741480861
1.51035617317e-08	-7.96566964709e-05
1.52077242102e-08	0.000138589733979
1.53118866888e-08	0.000306035712129
1.54160491673e-08	0.000379599310691
1.55202116459e-08	0.000344504835084
1.56243741244e-08	0.000216679894947
1.57285366029e-08	3.65560881619e-05
1.58326990815e-08	-0.000143468059832
1.593686156e-08	-0.000273850775557
1.60410240386e-08	-0.000321570551023
1.61451865171e-08	-0.000277924496913
1.62493489956e-08	-0.000160079143825
1.63535114742e-08	-4.85235887027e-06
1.64576739527e-08	0.000142915916513
1.65618364312e-08	0.000242768335738
1.66659989098e-08	0.000270052201813
1.67701613883e-08	0.000221470385441
1.68743238669e-08	0.000114765178296
1.69784863454e-08	-1.7422142264e-05
1.70826488239e-08	-0.000137358627398
1.71868113025e-08	-0.000212758954149
1.7290973781e-08	-0.00022531572904
1.73951362596e-08	-0.000175079607288
1.74992987381e-08	-7.94288571342e-05
1.76034612166e-08	3.27707093675e-05
1.77076236952e-08	0.000129518404719
1.78117861737e-08	0.00018492534582
1.79159486523e-08	0.000186320365174
1.80201111308e-08	0.000136331873364
1.81242736093e-08	5.1763952797e-05
1.82284360879e-08	-4.22732882726e-05
1.83325985664e-08	-0.000119317308418
1.84367610449e-08	-0.000159241491929
1.85409235235e-08	-0.000153113796841
1.8645086002e-08	-0.000105006452941
1.87492484806e-08	-3.06853871734e-05
1.88534109591e-08	4.78187939734e-05
1.89575734376e-08	0.000108719563286
1.90617359162e-08	0.000136111542815
1.91658983947e-08	0.000124493220937
1.92700608733e-08	7.92672290117e-05
1.93742233518e-08	1.48735643961e-05
1.94783858303e-08	-4.9983336794e-05
1.95825483089e-08	-9.74114154815e-05
1.96867107874e-08	-0.000115362083307
1.97908732659e-08	-0.000100572688098
1.98950357445e-08	-5.88429065829e-05
1.9999198223e-08	-3.24919551531e-06
2.01033607016e-08	5.00815040141e-05
2.02075231801e-08	8.65469701239e-05
2.03116856586e-08	9.70713736024e-05
2.04158481372e-08	8.02816866781e-05
2.05200106157e-08	4.23465935455e-05
2.06241730943e-08	-5.03369665239e-06
2.07283355728e-08	-4.83328731207e-05
2.08324980513e-08	-7.59261383791e-05
2.09366605299e-08	-8.10935234767e-05
2.10408230084e-08	-6.35322285234e-05
2.1144985487e-08	-2.95745358017e-05
2.12491479655e-08	1.07175501398e-05
2.1353310444e-08	4.57155983895e-05
2.14574729226e-08	6.61503217998e-05
2.15616354011e-08	6.7138011218e-05
2.16657978796e-08	4.95820277138e-05
2.17699603582e-08	1.94732419914e-05
2.18741228367e-08	-1.43535389725e-05
2.19782853153e-08	-4.22947705374e-05
2.20824477938e-08	-5.69721887587e-05
2.21866102723e-08	-5.52322162548e-05
2.22907727509e-08	-3.83100777981e-05
2.23949352294e-08	-1.17901636258e-05
2.2499097708e-08	1.6511314243e-05
2.26032601865e-08	3.85892744816e-05
2.2707422665e-08	4.88137702632e-05
