% time-domain voltage integration by openEMS v0.0.36-16-g7d7688a @Thu Dec 26 16:43:51 2024
% start-coordinates: (-0.000333333,0.000166667,-0.0015512) m -> [42,8,13]
% stop-coordinates: (-0.000333333,0.000166667,3.5e-05) m -> [42,8,26]
% t/s	voltage
0	-0
1.04162478539e-10	0.000129544907736
2.08324957078e-10	0.00023557531236
3.12487435616e-10	0.000209691050438
4.16649914155e-10	-7.35637385745e-05
5.20812392694e-10	-0.00086980412604
6.24974871233e-10	-0.00239696160419
7.29137349772e-10	-0.00478780428185
8.33299828311e-10	-0.00753378304776
9.37462306849e-10	-0.00927910360764
1.04162478539e-09	-0.00742779475121
1.14578726393e-09	0.0013395860899
1.24994974247e-09	0.0199794589229
1.354112221e-09	0.0489102442475
1.45827469954e-09	0.08361719954
1.56243717808e-09	0.113073901521
1.66659965662e-09	0.120498953981
1.77076213516e-09	0.0877181397368
1.8749246137e-09	0.00257029590875
1.97908709224e-09	-0.132637535793
2.08324957078e-09	-0.295605946683
2.18741204932e-09	-0.445321345412
2.29157452785e-09	-0.531785028606
2.39573700639e-09	-0.512318881243
2.49989948493e-09	-0.368700790577
2.60406196347e-09	-0.117958322217
2.70822444201e-09	0.188641627907
2.81238692055e-09	0.479457727207
2.91654939909e-09	0.68432986091
3.02071187763e-09	0.756692670176
3.12487435616e-09	0.687671913551
3.2290368347e-09	0.507331021277
3.33319931324e-09	0.273235458907
3.43736179178e-09	0.0507773667255
3.54152427032e-09	-0.10780721535
3.64568674886e-09	-0.178764978964
3.7498492274e-09	-0.17169226653
3.85401170594e-09	-0.122500104178
3.95817418448e-09	-0.0771201393095
4.06233666301e-09	-0.0720188137816
4.16649914155e-09	-0.119043762457
4.27066162009e-09	-0.200853478632
4.37482409863e-09	-0.278876696317
4.47898657717e-09	-0.310424738023
4.58314905571e-09	-0.267530945474
4.68731153425e-09	-0.149502208362
4.79147401279e-09	0.0158650388971
4.89563649132e-09	0.18225142931
4.99979896986e-09	0.301357149623
5.1039614484e-09	0.339185528703
5.20812392694e-09	0.286461728478
5.31228640548e-09	0.160376271595
5.41644888402e-09	-0.00184691665791
5.52061136256e-09	-0.154523432528
5.6247738411e-09	-0.25671675795
5.72893631964e-09	-0.283175470402
5.83309879817e-09	-0.230533733956
5.93726127671e-09	-0.117400476988
6.04142375525e-09	0.021854313379
6.14558623379e-09	0.147307299306
6.24974871233e-09	0.224991980276
6.35391119087e-09	0.236163486716
6.45807366941e-09	0.181579942466
6.56223614795e-09	0.080213673067
6.66639862648e-09	-0.0372751285023
6.77056110502e-09	-0.137661001375
6.87472358356e-09	-0.194417976933
6.9788860621e-09	-0.194491269467
7.08304854064e-09	-0.141036027038
7.18721101918e-09	-0.0516972505696
7.29137349772e-09	0.0469689032416
7.39553597626e-09	0.127237482796
7.4996984548e-09	0.167947895239
7.60386093333e-09	0.160063725748
7.70802341187e-09	0.108534734811
7.81218589041e-09	0.0301159104616
7.91634836895e-09	-0.052005441185
8.02051084749e-09	-0.11501429023
8.12467332603e-09	-0.142722871089
8.22883580457e-09	-0.129568015256
8.33299828311e-09	-0.0814769319598
8.43716076164e-09	-0.0136165733327
8.54132324018e-09	0.0542574348805
8.64548571872e-09	0.103443000546
8.74964819726e-09	0.121395141829
8.8538106758e-09	0.104908878067
8.95797315434e-09	0.060479406533
9.06213563288e-09	0.00199243974697
9.16629811142e-09	-0.0536215787117
9.27046058996e-09	-0.0912092706664
9.37462306849e-09	-0.101499099409
9.47878554703e-09	-0.0832353514543
9.58294802557e-09	-0.043067384699
9.68711050411e-09	0.00675146076406
9.79127298265e-09	0.0519741187252
9.89543546119e-09	0.0804013401157
9.99959793973e-09	0.0851202619028
1.01037604183e-08	0.0661537611248
1.02079228968e-08	0.0300822628882
1.03120853753e-08	-0.0121512417745
1.04162478539e-08	-0.0485523824096
1.05204103324e-08	-0.0694380802137
1.0624572811e-08	-0.0699703032756
1.07287352895e-08	-0.0511736904589
1.0832897768e-08	-0.0193124866178
1.09370602466e-08	0.0161275135569
1.10412227251e-08	0.0451957769632
1.11453852037e-08	0.0602373064674
1.12495476822e-08	0.0578843812712
1.13537101607e-08	0.0397567267132
1.14578726393e-08	0.011758752527
1.15620351178e-08	-0.0178190186749
1.16661975963e-08	-0.0407248920147
1.17703600749e-08	-0.0510537348144
1.18745225534e-08	-0.0466891083927
1.1978685032e-08	-0.0296782218128
1.20828475105e-08	-0.00540987570037
1.2187009989e-08	0.0190386601619
1.22911724676e-08	0.0369315661789
1.23953349461e-08	0.0436991503705
1.24994974247e-08	0.0380980698698
1.26036599032e-08	0.0223606689311
1.27078223817e-08	0.00142034364825
1.28119848603e-08	-0.0186571073685
1.29161473388e-08	-0.0323847028305
1.30203098174e-08	-0.0363496412756
1.31244722959e-08	-0.0300364365821
1.32286347744e-08	-0.0157630663682
1.3332797253e-08	0.00209187569669
1.34369597315e-08	0.0184286043552
1.354112221e-08	0.0288291571464
1.36452846886e-08	0.0307620690603
1.37494471671e-08	0.0241597671689
1.38536096457e-08	0.011326262043
1.39577721242e-08	-0.00383787234797
1.40619346027e-08	-0.0170180095028
1.41660970813e-08	-0.0246950800821
1.42702595598e-08	-0.0250802033624
1.43744220384e-08	-0.0184836145084
1.44785845169e-08	-0.00712739654884
1.45827469954e-08	0.00560713245108
1.4686909474e-08	0.0161404991863
1.47910719525e-08	0.0216951912994
1.48952344311e-08	0.0210168827858
1.49993969096e-08	0.0146388712929
1.51035593881e-08	0.00464402327186
1.52077218667e-08	-0.00600422788875
1.53118843452e-08	-0.0143269024091
1.54160468237e-08	-0.0181683968535
1.55202093023e-08	-0.0167341434904
1.56243717808e-08	-0.0107206129073
1.57285342594e-08	-0.00204342924596
1.58326967379e-08	0.00676006121893
1.59368592164e-08	0.0132697827439
1.6041021695e-08	0.0158155252943
1.61451841735e-08	0.0139182456403
1.62493466521e-08	0.00834698833778
1.63535091306e-08	0.000847983805038
1.64576716091e-08	-0.00639901499655
1.65618340877e-08	-0.0114085882306
1.66659965662e-08	-0.0129286935573
1.67701590448e-08	-0.0107500702626
1.68743215233e-08	-0.00568082511969
1.69784840018e-08	0.000719891501447
1.70826464804e-08	0.00661821728384
1.71868089589e-08	0.0104228306343
1.72909714374e-08	0.0112008062843
1.7395133916e-08	0.00890461705186
1.74992963945e-08	0.00434134820815
1.76034588731e-08	-0.00110309572155
1.77076213516e-08	-0.00587342870752
1.78117838301e-08	-0.00869420368794
1.79159463087e-08	-0.00890038735298
1.80201087872e-08	-0.00658873691042
1.81242712658e-08	-0.00254111519332
1.82284337443e-08	0.00203408146458
1.83325962228e-08	0.00584805697269
1.84367587014e-08	0.00789628867646
1.85409211799e-08	0.00771465309327
1.86450836584e-08	0.0054730797791
1.8749246137e-08	0.00190516828453
1.88534086155e-08	-0.00192801981002
1.89575710941e-08	-0.00494877151456
1.90617335726e-08	-0.0063779047089
1.91658960511e-08	-0.0059089483938
1.92700585297e-08	-0.00378636704193
1.93742210082e-08	-0.000684117279611
1.94783834868e-08	0.00248637634602
1.95825459653e-08	0.00485244954463
1.96867084438e-08	0.00580804493163
1.97908709224e-08	0.00516854807446
1.98950334009e-08	0.00319718903791
1.99991958795e-08	0.000512539570854
2.0103358358e-08	-0.00210126915801
2.02075208365e-08	-0.00393165109779
2.03116833151e-08	-0.00451183050572
2.04158457936e-08	-0.00376155415106
2.05200082721e-08	-0.00195918722773
2.06241707507e-08	0.000332702973007
2.07283332292e-08	0.00246219599614
2.08324957078e-08	0.00385344302241
2.09366581863e-08	0.0041619440383
2.10408206648e-08	0.00336576253249
2.11449831434e-08	0.00174293527349
2.12491456219e-08	-0.000211335415074
2.13533081005e-08	-0.00193717996067
2.1457470579e-08	-0.00297114516632
2.15616330575e-08	-0.00307108842248
2.16657955361e-08	-0.00226209697641
2.17699580146e-08	-0.00082008395913
2.18741204932e-08	0.000824953852223
2.19782829717e-08	0.00220438842757
2.20824454502e-08	0.00296191055086
2.21866079288e-08	0.00291495811185
2.22907704073e-08	0.00212929713566
2.23949328858e-08	0.000854557416011
2.24990953644e-08	-0.000522651959054
2.26032578429e-08	-0.00162025772724
2.27074203215e-08	-0.00215107771621
