% time-domain current integration by openEMS v0.0.36-16-g7d7688a @Fri Jan  3 13:47:33 2025
% start-coordinates: (-0.00168846,-0.0210568,-2.6092e-05) m -> [35,37,20]
% stop-coordinates: (0.000603382,-0.0210568,2.2079e-05) m -> [38,37,22]
% t/s	current
1.53675842676e-14	0
1.07035224424e-10	5.28357535501e-09
2.14055081263e-10	8.00552157898e-09
3.21074938103e-10	8.01832911179e-09
4.28094794942e-10	2.34771424523e-09
5.35114651781e-10	-1.10615792082e-08
6.42134508621e-10	-3.11366612493e-08
7.4915436546e-10	-5.11534956615e-08
8.561742223e-10	-5.79073393681e-08
9.63194079139e-10	-3.47599922179e-08
1.07021393598e-09	3.05438305759e-08
1.17723379282e-09	1.34425263809e-07
1.28425364966e-09	2.46552815497e-07
1.3912735065e-09	3.07600402039e-07
1.49829336334e-09	2.4337870741e-07
1.60531322018e-09	-1.9479360347e-09
1.71233307701e-09	-4.2011291157e-07
1.81935293385e-09	-9.00897759948e-07
1.92637279069e-09	-1.22895801269e-06
2.03339264753e-09	-1.13932708246e-06
2.14041250437e-09	-4.32828386465e-07
2.24743236121e-09	8.80136440173e-07
2.35445221805e-09	2.4739752007e-06
2.46147207489e-09	3.71798751075e-06
2.56849193173e-09	3.85274734072e-06
2.67551178857e-09	2.31415356211e-06
2.78253164541e-09	-9.02918088741e-07
2.88955150225e-09	-5.01565818922e-06
2.99657135909e-09	-8.52986522659e-06
3.10359121593e-09	-9.6945432233e-06
3.21061107277e-09	-7.23555058357e-06
3.31763092961e-09	-1.09278948912e-06
3.42465078645e-09	7.19995523468e-06
3.53167064329e-09	1.47768078023e-05
3.63869050012e-09	1.83830234164e-05
3.74571035696e-09	1.57143240358e-05
3.8527302138e-09	6.61052172291e-06
3.95975007064e-09	-6.47917204333e-06
4.06676992748e-09	-1.91022554645e-05
4.17378978432e-09	-2.63758884103e-05
4.28080964116e-09	-2.49552522291e-05
4.387829498e-09	-1.45694184539e-05
4.49484935484e-09	1.59730836913e-06
4.60186921168e-09	1.79440485226e-05
4.70888906852e-09	2.8559104976e-05
4.81590892536e-09	2.95430127153e-05
4.9229287822e-09	2.05673732125e-05
5.02994863904e-09	4.99785346619e-06
5.13696849588e-09	-1.1470415302e-05
5.24398835272e-09	-2.30735968216e-05
5.35100820956e-09	-2.61724871962e-05
5.45802806639e-09	-2.04809075512e-05
5.56504792323e-09	-8.88814793143e-06
5.67206778007e-09	3.9414562707e-06
5.77908763691e-09	1.35112550197e-05
5.88610749375e-09	1.71361807588e-05
5.99312735059e-09	1.46650399984e-05
6.10014720743e-09	8.11858080851e-06
6.20716706427e-09	5.52204596715e-07
6.31418692111e-09	-5.27519159732e-06
6.42120677795e-09	-7.86010059528e-06
6.52822663479e-09	-7.22856111679e-06
6.63524649163e-09	-4.55465851701e-06
6.74226634847e-09	-1.41768066442e-06
6.84928620531e-09	9.19188721582e-07
6.95630606215e-09	1.91795265891e-06
7.06332591899e-09	1.76842945621e-06
7.17034577583e-09	1.08326378268e-06
7.27736563266e-09	4.92096944527e-07
7.3843854895e-09	3.36899177e-07
7.49140534634e-09	5.78480978675e-07
7.59842520318e-09	9.08439574232e-07
7.70544506002e-09	9.71021677287e-07
7.81246491686e-09	5.71122086512e-07
7.9194847737e-09	-2.2446515402e-07
8.02650463054e-09	-1.12363045446e-06
8.13352448738e-09	-1.74923172835e-06
8.24054434422e-09	-1.8114149043e-06
8.34756420106e-09	-1.23541394714e-06
8.4545840579e-09	-1.96392704765e-07
8.56160391474e-09	9.47304670262e-07
8.66862377158e-09	1.79015455615e-06
8.77564362842e-09	2.03026638701e-06
8.88266348526e-09	1.57893566666e-06
8.9896833421e-09	5.90615627516e-07
9.09670319893e-09	-5.9388827367e-07
9.20372305577e-09	-1.5683649508e-06
9.31074291261e-09	-2.00254521587e-06
9.41776276945e-09	-1.75432978722e-06
9.52478262629e-09	-9.15816372071e-07
9.63180248313e-09	2.23352785156e-07
9.73882233997e-09	1.27193743538e-06
9.84584219681e-09	1.87635498605e-06
9.95286205365e-09	1.83877477866e-06
1.00598819105e-08	1.18112711789e-06
1.01669017673e-08	1.34676426455e-07
1.02739216242e-08	-9.41296661949e-07
1.0380941481e-08	-1.68268184098e-06
1.04879613378e-08	-1.8437486915e-06
1.05949811947e-08	-1.37870529215e-06
1.07020010515e-08	-4.53970272929e-07
1.08090209084e-08	6.11170321463e-07
1.09160407652e-08	1.45472608892e-06
1.1023060622e-08	1.79503831532e-06
1.11300804789e-08	1.52460734171e-06
1.12371003357e-08	7.43802957004e-07
1.13441201926e-08	-2.76191258308e-07
1.14511400494e-08	-1.18733919408e-06
1.15581599062e-08	-1.68344297435e-06
1.16651797631e-08	-1.60293302542e-06
1.17721996199e-08	-9.81395714916e-07
1.18792194768e-08	-3.66726453649e-08
1.19862393336e-08	9.07257060589e-07
1.20932591904e-08	1.53136852532e-06
1.22002790473e-08	1.62937703863e-06
1.23072989041e-08	1.17587046589e-06
1.2414318761e-08	3.32249840085e-07
1.25213386178e-08	-6.10639176557e-07
1.26283584746e-08	-1.33271453251e-06
1.27353783315e-08	-1.59335456829e-06
1.28423981883e-08	-1.31136459913e-06
1.29494180452e-08	-5.90008767176e-07
1.3056437902e-08	3.20532507203e-07
1.31634577588e-08	1.10994608349e-06
1.32704776157e-08	1.51336757881e-06
1.33774974725e-08	1.40007205118e-06
1.34845173294e-08	8.15838404833e-07
1.35915371862e-08	-3.5079537497e-08
1.3698557043e-08	-8.61295291088e-07
1.38055768999e-08	-1.38393147608e-06
1.39125967567e-08	-1.43079478221e-06
1.40196166135e-08	-9.93025537355e-07
1.41266364704e-08	-2.25678036259e-07
1.42336563272e-08	6.07029164712e-07
1.43406761841e-08	1.22274525438e-06
1.44476960409e-08	1.41665134379e-06
1.45547158977e-08	1.12949578579e-06
1.46617357546e-08	4.65417429041e-07
1.47687556114e-08	-3.45721190342e-07
1.48757754683e-08	-1.02777562461e-06
1.49827953251e-08	-1.35226378006e-06
1.50898151819e-08	-1.21478171877e-06
1.51968350388e-08	-6.68509301249e-07
1.53038548956e-08	9.60441397524e-08
1.54108747525e-08	8.17362263206e-07
1.55178946093e-08	1.2523236137e-06
1.56249144661e-08	1.25805979678e-06
1.5731934323e-08	8.38921664581e-07
1.58389541798e-08	1.42772535128e-07
1.59459740367e-08	-5.91040191011e-07
1.60529938935e-08	-1.1139778735e-06
1.61600137503e-08	-1.2524902786e-06
1.62670336072e-08	-9.65477170212e-07
1.6374053464e-08	-3.5622372252e-07
1.64810733209e-08	3.64717408274e-07
1.65880931777e-08	9.52147161115e-07
1.66951130345e-08	1.20960407912e-06
1.68021328914e-08	1.05495234948e-06
1.69091527482e-08	5.46425724224e-07
1.70161726051e-08	-1.39011063993e-07
1.71231924619e-08	-7.67202266161e-07
1.72302123187e-08	-1.1267273976e-06
1.73372321756e-08	-1.09997404252e-06
1.74442520324e-08	-7.01625253896e-07
1.75512718892e-08	-7.17682198115e-08
1.76582917461e-08	5.73370414259e-07
1.77653116029e-08	1.01549233023e-06
1.78723314598e-08	1.10823020805e-06
1.79793513166e-08	8.25421921036e-07
1.80863711734e-08	2.6816039167e-07
1.81933910303e-08	-3.7124004848e-07
1.83004108871e-08	-8.75574016845e-07
1.8407430744e-08	-1.07647565528e-06
1.85144506008e-08	-9.10552614641e-07
1.86214704576e-08	-4.39170833033e-07
1.87284903145e-08	1.73905135625e-07
1.88355101713e-08	7.19504498647e-07
1.89425300282e-08	1.01424745935e-06
1.9049549885e-08	9.62180479291e-07
1.91565697418e-08	5.85935481467e-07
1.92635895987e-08	1.74227281491e-08
1.93706094555e-08	-5.48446678295e-07
1.94776293124e-08	-9.20454851894e-07
1.95846491692e-08	-9.75770035438e-07
1.9691669026e-08	-7.00380894614e-07
1.97986888829e-08	-1.92230885432e-07
1.99057087397e-08	3.73569719159e-07
2.00127285966e-08	8.05017123184e-07
2.01197484534e-08	9.58350710789e-07
2.02267683102e-08	7.85834117778e-07
2.03337881671e-08	3.50566352836e-07
2.04408080239e-08	-1.9661341355e-07
2.05478278808e-08	-6.69205235226e-07
2.06548477376e-08	-9.08600839011e-07
2.07618675944e-08	-8.37324705572e-07
2.08688874513e-08	-4.83985502342e-07
2.09759073081e-08	2.78935772258e-08
2.10829271649e-08	5.2300885045e-07
2.11899470218e-08	8.3427772779e-07
2.12969668786e-08	8.59220165239e-07
2.14039867355e-08	5.93619347455e-07
2.15110065923e-08	1.31524913627e-07
2.16180264491e-08	-3.68059176026e-07
2.1725046306e-08	-7.35775472549e-07
2.18320661628e-08	-8.49365278555e-07
2.19390860197e-08	-6.74200350659e-07
2.20461058765e-08	-2.73711094678e-07
2.21531257333e-08	2.13542321603e-07
2.22601455902e-08	6.21661172318e-07
2.2367165447e-08	8.13903966446e-07
2.24741853039e-08	7.28465749944e-07
2.25812051607e-08	3.9824934106e-07
2.26882250175e-08	-6.15743331878e-08
2.27952448744e-08	-4.93733750773e-07
2.29022647312e-08	-7.52601351905e-07
2.30092845881e-08	-7.53231745421e-07
2.31163044449e-08	-4.9920430456e-07
2.32233243017e-08	-8.01518638127e-08
2.33303441586e-08	3.59935995675e-07
2.34373640154e-08	6.72047121952e-07
2.35443838723e-08	7.52629546241e-07
2.36514037291e-08	5.7785740637e-07
2.37584235859e-08	2.10556009961e-07
2.38654434428e-08	-2.22404537453e-07
2.39724632996e-08	-5.73774514123e-07
2.40794831565e-08	-7.26048824617e-07
2.41865030133e-08	-6.30665738299e-07
2.42935228701e-08	-3.2349595358e-07
2.4400542727e-08	8.85968205466e-08
2.45075625838e-08	4.64822505819e-07
2.46145824407e-08	6.78578089719e-07
2.47216022975e-08	6.59979889406e-07
2.48286221543e-08	4.18743184127e-07
2.49356420112e-08	3.96594685981e-08
2.5042661868e-08	-3.47144151647e-07
2.51496817248e-08	-6.10875474649e-07
2.52567015817e-08	-6.64250364935e-07
2.53637214385e-08	-4.92332844715e-07
2.54707412954e-08	-1.56527434569e-07
2.55777611522e-08	2.27314032486e-07
2.5684781009e-08	5.28823306922e-07
2.57918008659e-08	6.47331717119e-07
2.58988207227e-08	5.45474279079e-07
2.60058405796e-08	2.60885485659e-07
2.61128604364e-08	-1.07627059265e-07
2.62198802932e-08	-4.34296566709e-07
2.63269001501e-08	-6.09361393344e-07
2.64339200069e-08	-5.75875105824e-07
2.65409398638e-08	-3.48213859525e-07
2.66479597206e-08	-6.16103434936e-09
2.67549795774e-08	3.33000059527e-07
2.68619994343e-08	5.54721452772e-07
2.69690192911e-08	5.85844702528e-07
2.7076039148e-08	4.18641945998e-07
2.71830590048e-08	1.12524439544e-07
2.72900788616e-08	-2.27041482503e-07
2.73970987185e-08	-4.84865950057e-07
2.75041185753e-08	-5.75032288452e-07
2.76111384322e-08	-4.69539173764e-07
2.7718158289e-08	-2.06873139064e-07
2.78251781458e-08	1.21910304074e-07
2.79321980027e-08	4.04744270099e-07
2.80392178595e-08	5.4674455896e-07
2.81462377164e-08	5.01967861055e-07
2.82532575732e-08	2.88298394935e-07
2.836027743e-08	-1.96052418744e-08
2.84672972869e-08	-3.16290993396e-07
2.85743171437e-08	-5.01691204136e-07
