% time-domain voltage integration by openEMS v0.0.36-16-g7d7688a @Fri Jan  3 13:47:33 2025
% start-coordinates: (0,-0.0219227,2.2079e-05) m -> [37,33,22]
% stop-coordinates: (0,-0.0201207,2.2079e-05) m -> [37,40,22]
% t/s	voltage
0	-0
1.07019856839e-10	7.08704057217e-07
2.14039713679e-10	1.10802116993e-06
3.21059570518e-10	1.30648778196e-06
4.28079427358e-10	9.56293408905e-07
5.35099284197e-10	-6.69576289525e-07
6.42119141036e-10	-3.19482892763e-06
7.49138997876e-10	-6.16530033426e-06
8.56158854715e-10	-8.156948752e-06
9.63178711555e-10	-7.02958547549e-06
1.07019856839e-09	-3.38519200227e-07
1.17721842523e-09	1.21997907172e-05
1.28423828207e-09	2.81611305581e-05
1.39125813891e-09	4.09954197949e-05
1.49827799575e-09	4.0924322434e-05
1.60529785259e-09	1.89234637276e-05
1.71231770943e-09	-2.84317029013e-05
1.81933756627e-09	-9.26152499687e-05
1.92635742311e-09	-0.000150814994868
2.03337727995e-09	-0.000169330576682
2.14039713679e-09	-0.000116016635729
2.24741699363e-09	2.2220233177e-05
2.35443685047e-09	0.000222457040763
2.46145670731e-09	0.000419552248786
2.56847656415e-09	0.000519364195497
2.67549642099e-09	0.00043219982399
2.78251627782e-09	0.000118816334179
2.88953613466e-09	-0.000370355951418
2.9965559915e-09	-0.000884822955413
3.10357584834e-09	-0.00120870326646
3.21059570518e-09	-0.00113848493493
3.31761556202e-09	-0.000580555042689
3.42463541886e-09	0.000373524289898
3.5316552757e-09	0.00143518657569
3.63867513254e-09	0.00219454761827
3.74569498938e-09	0.00226897807443
3.85271484622e-09	0.00147521715553
3.95973470306e-09	-4.92444942211e-05
4.0667545599e-09	-0.00183935923997
4.17377441674e-09	-0.00323581101838
4.28079427358e-09	-0.00362479587784
4.38781413042e-09	-0.00269785993441
4.49483398726e-09	-0.00062415577122
4.60185384409e-09	0.00195085172891
4.70887370093e-09	0.00410157136503
4.81589355777e-09	0.00495654091355
4.92291341461e-09	0.00404879963025
5.02993327145e-09	0.00154205741637
5.13695312829e-09	-0.00177062361399
5.24397298513e-09	-0.00471570676018
5.35099284197e-09	-0.00615857465891
5.45801269881e-09	-0.00544152598013
5.56503255565e-09	-0.00267102630096
5.67205241249e-09	0.00126896753136
5.77907226933e-09	0.00500002659101
5.88609212617e-09	0.00713840182289
5.99311198301e-09	0.00681348645594
6.10013183985e-09	0.00401917409908
6.20715169669e-09	-0.000344022864738
6.31417155353e-09	-0.00476506502309
6.42119141036e-09	-0.00765710874111
6.5282112672e-09	-0.00793721643277
6.63523112404e-09	-0.00543479472981
6.74225098088e-09	-0.000973285141299
6.84927083772e-09	0.00391009638406
6.95629069456e-09	0.00750711243018
7.0633105514e-09	0.00854673158028
7.17033040824e-09	0.00664841619437
7.27735026508e-09	0.00245804021688
7.38437012192e-09	-0.00258007270168
7.49138997876e-09	-0.00673033886414
7.5984098356e-09	-0.00857094631647
7.70542969244e-09	-0.00748344368185
7.81244954928e-09	-0.00385906157317
7.91946940612e-09	0.00104584047654
8.02648926296e-09	0.00554952518723
8.1335091198e-09	0.00812482091715
8.24052897664e-09	0.0079183865455
8.34754883347e-09	0.0050331234379
8.45456869031e-09	0.0004807178193
8.56158854715e-09	-0.00417454722628
8.66860840399e-09	-0.00735466449987
8.77562826083e-09	-0.00800355474348
8.88264811767e-09	-0.0059374604607
8.98966797451e-09	-0.00189413170301
9.09668783135e-09	0.00273077932798
9.20370768819e-09	0.00636569201015
9.31072754503e-09	0.00779696830432
9.41774740187e-09	0.00657336696167
9.52476725871e-09	0.00314703404365
9.63178711555e-09	-0.0012923241693
9.73880697239e-09	-0.00523053039797
9.84582682923e-09	-0.00734426523559
9.95284668607e-09	-0.00694559607655
1.00598665429e-08	-0.00420540718187
1.01668863997e-08	-8.3741510025e-05
1.02739062566e-08	0.0040064597415
1.03809261134e-08	0.0066830352589
1.04879459703e-08	0.00706199172419
1.05949658271e-08	0.00504937328515
1.07019856839e-08	0.00136080986704
1.08090055408e-08	-0.00273246879078
1.09160253976e-08	-0.00584149187489
1.10230452545e-08	-0.00693061086349
1.11300651113e-08	-0.00566191825783
1.12370849681e-08	-0.0024985815221
1.1344104825e-08	0.00146305954877
1.14511246818e-08	0.0048732625728
1.15581445387e-08	0.00658806361025
1.16651643955e-08	0.00605284163612
1.17721842523e-08	0.00348099799885
1.18792041092e-08	-0.000228852284636
1.1986223966e-08	-0.00380640859657
1.20932438229e-08	-0.00604443228804
1.22002636797e-08	-0.00620596000226
1.23072835365e-08	-0.00426687669824
1.24143033934e-08	-0.000913501538889
1.25213232502e-08	0.002700007557
1.26283431071e-08	0.00534888195398
1.27353629639e-08	0.00615263797226
1.28423828207e-08	0.00486721500056
1.29494026776e-08	0.00195773802261
1.30564225344e-08	-0.00156913073079
1.31634423912e-08	-0.00451305317983
1.32704622481e-08	-0.00588805810548
1.33774821049e-08	-0.00525244127493
1.34845019618e-08	-0.00285004153557
1.35915218186e-08	0.00048175968459
1.36985416754e-08	0.00360358520993
1.38055615323e-08	0.00546345041948
1.39125813891e-08	0.0054511987255
1.4019601246e-08	0.00359842396574
1.41266211028e-08	0.000558390263905
1.42336409596e-08	-0.00262399011262
1.43406608165e-08	-0.00487123259518
1.44476806733e-08	-0.00543789718358
1.45547005302e-08	-0.0041575019859
1.4661720387e-08	-0.00148991095921
1.47687402438e-08	0.00164334230431
1.48757601007e-08	0.00417711290356
1.49827799575e-08	0.00526433883351
1.50897998144e-08	0.00455889714067
1.51968196712e-08	0.00232514367235
1.5303839528e-08	-0.000659966053377
1.54108593849e-08	-0.0033768405483
1.55178792417e-08	-0.00491117959609
1.56248990986e-08	-0.00476163452549
1.57319189554e-08	-0.00300333488849
1.58389388122e-08	-0.000254123660852
1.59459586691e-08	0.00254232557927
1.60529785259e-08	0.0044403593929
1.61599983828e-08	0.00481198723719
1.62670182396e-08	0.00355429394403
1.63740380964e-08	0.00111632890912
1.64810579533e-08	-0.00166089495906
1.65880778101e-08	-0.00383423750463
1.66950976669e-08	-0.00467843575461
1.68021175238e-08	-0.00392775467481
1.69091373806e-08	-0.00185902197882
1.70161572375e-08	0.000809694407963
1.71231770943e-08	0.00316798410495
1.72301969511e-08	0.00442345422925
1.7337216808e-08	0.00416790005693
1.74442366648e-08	0.00250970100024
1.75512565217e-08	2.98565664707e-05
1.76582763785e-08	-0.00242149300175
1.77652962353e-08	-0.00401635489834
1.78723160922e-08	-0.00422844296554
1.7979335949e-08	-0.00300658683409
1.80863558059e-08	-0.000784795087384
1.81933756627e-08	0.00167156881071
1.83003955195e-08	0.00352931853558
1.84074153764e-08	0.00416972019593
1.85144352332e-08	0.00339434365742
1.86214550901e-08	0.00148579777715
1.87284749469e-08	-0.000894598877494
1.88354948037e-08	-0.00293571355724
1.89425146606e-08	-0.003952791958
1.90495345174e-08	-0.00361702671216
1.91565543743e-08	-0.00206155821797
1.92635742311e-08	0.00017011559612
1.93705940879e-08	0.00231389900728
1.94776139448e-08	0.0036466261663
1.95846338016e-08	0.00372989519383
1.96916536585e-08	0.00255407623627
1.97986735153e-08	0.000535078685971
1.99056933721e-08	-0.00163251565755
2.0012713229e-08	-0.00321424767026
2.01197330858e-08	-0.00368442309264
2.02267529426e-08	-0.00290055717051
2.03337727995e-08	-0.00114580071022
2.04407926563e-08	0.000972874495346
2.05478125132e-08	0.00273439414013
2.065483237e-08	0.00354878309008
2.07618522268e-08	0.00315462527215
2.08688720837e-08	0.00170275524579
2.09758919405e-08	-0.000300756674335
2.10829117974e-08	-0.00217075533146
2.11899316542e-08	-0.00327721798385
2.1296951511e-08	-0.0032574859797
2.14039713679e-08	-0.00213483038533
2.15109912247e-08	-0.000304855677314
2.16180110816e-08	0.00160369348669
2.17250309384e-08	0.00294489476073
2.18320507952e-08	0.00327405180724
2.19390706521e-08	0.00249488824193
2.20460905089e-08	0.000886881414772
2.21531103658e-08	-0.000994604619336
2.22601302226e-08	-0.00250994282396
2.23671500794e-08	-0.00315249005507
2.24741699363e-08	-0.00271782798518
2.25811897931e-08	-0.0013685161357
2.268820965e-08	0.000426153793398
2.27952295068e-08	0.00205319123052
2.29022493636e-08	0.00296522212739
2.30092692205e-08	0.00286454556044
2.31162890773e-08	0.00180011283373
2.32233089342e-08	0.000145807403896
2.3330328791e-08	-0.00153068922737
2.34373486478e-08	-0.00266263104277
2.35443685047e-08	-0.00287565508916
2.36513883615e-08	-0.0021113301118
2.37584082184e-08	-0.00064222338915
2.38654280752e-08	0.00102504875576
2.3972447932e-08	0.00232433059136
2.40794677889e-08	0.00282205297844
2.41864876457e-08	0.00236173284793
2.42935075025e-08	0.00111287540676
2.44005273594e-08	-0.000491016018941
2.45075472162e-08	-0.00190275968635
2.46145670731e-08	-0.00264809594955
2.47215869299e-08	-0.00248489294609
2.48286067867e-08	-0.00148166549479
2.49356266436e-08	1.02147387224e-05
2.50426465004e-08	0.00147946577999
2.51496663573e-08	0.00243000304908
2.52566862141e-08	0.00254836241947
2.53637060709e-08	0.00180682343489
2.54707259278e-08	0.000468575661216
2.55777457846e-08	-0.00100553064476
2.56847656415e-08	-0.0021155118593
2.57917854983e-08	-0.00249167954462
2.58988053551e-08	-0.00201766256214
2.6005825212e-08	-0.000866006345404
2.61128450688e-08	0.000564278884667
2.62198649257e-08	0.00178580829379
2.63268847825e-08	0.00238885952422
2.64339046393e-08	0.00217870668712
2.65409244962e-08	0.00123829762742
2.6647944353e-08	-0.000103842110548
2.67549642099e-08	-0.00138827472983
2.68619840667e-08	-0.00218187742576
2.69690039235e-08	-0.00222374273289
2.70760237804e-08	-0.0015108221487
2.71830436372e-08	-0.000295081336347
2.72900634941e-08	0.00100538064908
2.73970833509e-08	0.00195000063832
2.75041032077e-08	0.00222486005077
2.76111230646e-08	0.00174688494735
2.77181429214e-08	0.000688580796123
2.78251627782e-08	-0.000584010820603
2.79321826351e-08	-0.0016377658103
2.80392024919e-08	-0.00211976929131
2.81462223488e-08	-0.00187552080752
2.82532422056e-08	-0.000998197181616
2.83602620624e-08	0.000206458658795
2.84672819193e-08	0.00132655884227
2.85743017761e-08	0.00198488633032
