% time-domain voltage integration by openEMS v0.0.36-16-g7d7688a @Tue Dec 31 13:29:22 2024
% start-coordinates: (-0.000333333,-0.022,1.16e-05) m -> [26,32,13]
% stop-coordinates: (-0.000333333,-0.02,1.16e-05) m -> [26,36,13]
% t/s	voltage
0	-0
1.07010244495e-10	2.26818659144e-06
2.14020488989e-10	3.69202149386e-06
3.21030733484e-10	4.50372553473e-06
4.28040977978e-10	3.31177139401e-06
5.35051222473e-10	-1.26301991088e-06
6.42061466968e-10	-1.03317307776e-05
7.49071711462e-10	-2.06364744599e-05
8.56081955957e-10	-2.809828311e-05
9.63092200451e-10	-2.56348341736e-05
1.07010244495e-09	-4.90150063115e-06
1.17711268944e-09	3.68885744138e-05
1.28412293394e-09	9.22180397538e-05
1.39113317843e-09	0.000139421702443
1.49814342292e-09	0.000147067415128
1.60515366742e-09	8.12803855297e-05
1.71216391191e-09	-7.28521081328e-05
1.81917415641e-09	-0.000292298826025
1.9261844009e-09	-0.000504549152538
2.0331946454e-09	-0.00059779395815
2.14020488989e-09	-0.000456796955405
2.24721513439e-09	-2.19076996473e-05
2.35422537888e-09	0.000650195295748
2.46123562338e-09	0.00135929664248
2.56824586787e-09	0.00179447833216
2.67525611237e-09	0.00163692784554
2.78226635686e-09	0.00071149166979
2.88927660135e-09	-0.000874213081261
2.99628684585e-09	-0.00267579092178
3.10329709034e-09	-0.00400191091467
3.21030733484e-09	-0.00414784761961
3.31731757933e-09	-0.002707706808
3.42432782383e-09	0.000165099285368
3.53133806832e-09	0.00368240237003
3.63834831282e-09	0.00661397108342
3.74535855731e-09	0.00771334534511
3.85236880181e-09	0.00623274483951
3.9593790463e-09	0.00231052951858
4.0663892908e-09	-0.00295966584235
4.17339953529e-09	-0.00784823787399
4.28040977978e-09	-0.0106013344484
4.38742002428e-09	-0.0101090872777
4.49443026877e-09	-0.00635419919854
4.60144051327e-09	-0.000447873870144
4.70845075776e-09	0.0057658762089
4.81546100226e-09	0.0103688213276
4.92247124675e-09	0.0120201201644
5.02948149125e-09	0.0103468642919
5.13649173574e-09	0.00595737501862
5.24350198024e-09	0.000131012522615
5.35051222473e-09	-0.00563437939854
5.45752246923e-09	-0.010020820715
5.56453271372e-09	-0.0121191367507
5.67154295821e-09	-0.0114966136753
5.77855320271e-09	-0.00819238641998
5.8855634472e-09	-0.00272577231226
5.9925736917e-09	0.00388014357304
6.09958393619e-09	0.0101469550282
6.20659418069e-09	0.0143737216713
6.31360442518e-09	0.0150894855615
6.42061466968e-09	0.0116159346653
6.52762491417e-09	0.00450199878833
6.63463515867e-09	-0.0044251922518
6.74164540316e-09	-0.0125211575069
6.84865564766e-09	-0.0171927983174
6.95566589215e-09	-0.0168546033092
7.06267613664e-09	-0.0115640309523
7.16968638114e-09	-0.00304002487974
7.27669662563e-09	0.00597032875521
7.38370687013e-09	0.0127146376763
7.49071711462e-09	0.0154111704323
7.59772735912e-09	0.0137709191767
7.70473760361e-09	0.00888561527245
7.81174784811e-09	0.002601551525
7.9187580926e-09	-0.00327563713654
8.0257683371e-09	-0.00756635755533
8.13277858159e-09	-0.0098709515878
8.23978882608e-09	-0.010328126431
8.34679907058e-09	-0.00922148901736
8.45380931507e-09	-0.00672214740189
8.56081955957e-09	-0.00292680576968
8.66782980406e-09	0.00187080207979
8.77484004856e-09	0.00691071571782
8.88185029305e-09	0.010952632525
8.98886053755e-09	0.0126246506115
9.09587078204e-09	0.0110103489715
9.20288102654e-09	0.00617984466953
9.30989127103e-09	-0.000644308805931
9.41690151553e-09	-0.00742790842196
9.52391176002e-09	-0.0120581188239
9.63092200451e-09	-0.013146714773
9.73793224901e-09	-0.0105403793277
9.8449424935e-09	-0.00530568501563
9.951952738e-09	0.000770974642364
1.00589629825e-08	0.00591365306173
1.0165973227e-08	0.00896639353596
1.02729834715e-08	0.0096374960267
1.0379993716e-08	0.00832990877097
1.04870039605e-08	0.00574007441173
1.0594014205e-08	0.00248882450978
1.07010244495e-08	-0.00101612243452
1.0808034694e-08	-0.00446566881146
1.09150449385e-08	-0.00742757954868
1.10220551829e-08	-0.00924117601244
1.11290654274e-08	-0.00916512915865
1.12360756719e-08	-0.00674701458775
1.13430859164e-08	-0.0022058462564
1.14500961609e-08	0.00341470545391
1.15571064054e-08	0.00848040118581
1.16641166499e-08	0.011333769653
1.17711268944e-08	0.0109565278399
1.18781371389e-08	0.00741069915239
1.19851473834e-08	0.00184260507376
1.20921576279e-08	-0.00396250444464
1.21991678724e-08	-0.00826875458006
1.23061781169e-08	-0.0100063463906
1.24131883614e-08	-0.00905196816893
1.25201986059e-08	-0.00609481081483
1.26272088504e-08	-0.00221202896694
1.27342190949e-08	0.00159581314801
1.28412293394e-08	0.00468243632349
1.29482395838e-08	0.00675936957123
1.30552498283e-08	0.00771284126677
1.31622600728e-08	0.00741917459527
1.32692703173e-08	0.00572336695041
1.33762805618e-08	0.00260799127864
1.34832908063e-08	-0.00156179699115
1.35903010508e-08	-0.00591652787989
1.36973112953e-08	-0.00922718539368
1.38043215398e-08	-0.0103150557261
1.39113317843e-08	-0.00855796213727
1.40183420288e-08	-0.00424292357638
1.41253522733e-08	0.0014348261393
1.42323625178e-08	0.00676147482591
1.43393727623e-08	0.0101265025442
1.44463830068e-08	0.0106050015311
1.45533932513e-08	0.00824759929674
1.46604034958e-08	0.00396955848555
1.47674137403e-08	-0.000874693590958
1.48744239848e-08	-0.00501270830864
1.49814342292e-08	-0.00762988656061
1.50884444737e-08	-0.00847086432623
1.51954547182e-08	-0.00769339979161
1.53024649627e-08	-0.00562849626294
1.54094752072e-08	-0.00261650119501
1.55164854517e-08	0.000992216839222
1.56234956962e-08	0.00472120032646
1.57305059407e-08	0.00787466322072
1.58375161852e-08	0.00960572925396
1.59445264297e-08	0.00918035407085
1.60515366742e-08	0.00633606966585
1.61585469187e-08	0.00154381296306
1.62655571632e-08	-0.00400173448725
1.63725674077e-08	-0.00871510058641
1.64795776522e-08	-0.0111638787203
1.65865878967e-08	-0.0105954513419
1.66935981412e-08	-0.00721231917851
1.68006083857e-08	-0.00207752182905
1.69076186301e-08	0.0032991496264
1.70146288746e-08	0.00749912078027
1.71216391191e-08	0.00962590624113
1.72286493636e-08	0.00946962868329
1.73356596081e-08	0.00739459821489
1.74426698526e-08	0.00406629467034
1.75496800971e-08	0.000190707989532
1.76566903416e-08	-0.00361608929234
1.77637005861e-08	-0.00681543821702
1.78707108306e-08	-0.00888323789695
1.79777210751e-08	-0.00931537017459
1.80847313196e-08	-0.00776442844654
1.81917415641e-08	-0.00426180718932
1.82987518086e-08	0.00060741717607
1.84057620531e-08	0.00572130229557
1.85127722976e-08	0.00968990958063
1.86197825421e-08	0.0113054312533
1.87267927866e-08	0.0099934124737
1.88338030311e-08	0.00606083820458
1.89408132755e-08	0.000618665955699
1.904782352e-08	-0.00479748833459
1.91548337645e-08	-0.00874990125885
1.9261844009e-08	-0.0103450884344
1.93688542535e-08	-0.00943532597739
1.9475864498e-08	-0.00653118791524
1.95828747425e-08	-0.00251474808465
1.9689884987e-08	0.00168526584457
1.97968952315e-08	0.00531134952325
1.9903905476e-08	0.00783796404721
2.00109157205e-08	0.00892493012361
2.0117925965e-08	0.0083691716427
2.02249362095e-08	0.00613396192784
2.0331946454e-08	0.00245725434797
2.04389566985e-08	-0.00204629874497
2.0545966943e-08	-0.00640183722135
2.06529771875e-08	-0.00947528460529
2.0759987432e-08	-0.0103225669009
2.08669976764e-08	-0.00855221616803
2.09740079209e-08	-0.00453375568031
2.10810181654e-08	0.000665352148644
2.11880284099e-08	0.00561043608468
2.12950386544e-08	0.00897328811698
2.14020488989e-08	0.00995431555202
2.15090591434e-08	0.00849080528133
2.16160693879e-08	0.00518629525322
2.17230796324e-08	0.00102678920484
2.18300898769e-08	-0.00297077896539
2.19371001214e-08	-0.00602648773929
2.20441103659e-08	-0.00770239438862
2.21511206104e-08	-0.00786141498247
2.22581308549e-08	-0.00657042732928
2.23651410994e-08	-0.00403854285832
2.24721513439e-08	-0.000629372191042
2.25791615884e-08	0.00309462493169
2.26861718329e-08	0.0063778058975
2.27931820774e-08	0.00839775754139
2.29001923218e-08	0.00850598234683
2.30072025663e-08	0.0064955104026
2.31142128108e-08	0.00276280306571
2.32212230553e-08	-0.00174036608951
2.33282332998e-08	-0.00577878893819
2.34352435443e-08	-0.00823608681094
2.35422537888e-08	-0.00848633074202
2.36492640333e-08	-0.0065819810261
2.37562742778e-08	-0.00318918278208
2.38632845223e-08	0.000685399402755
2.39702947668e-08	0.00404838201939
2.40773050113e-08	0.00620187190361
2.41843152558e-08	0.00686306762509
2.42913255003e-08	0.0061150569818
2.43983357448e-08	0.00426580093335
2.45053459893e-08	0.00171396274527
2.46123562338e-08	-0.00111493550503
2.47193664783e-08	-0.00376663525822
2.48263767227e-08	-0.00574971555034
2.49333869672e-08	-0.00658663338982
2.50403972117e-08	-0.00594667863334
2.51474074562e-08	-0.00381328118965
