7.3805e-13	0.000126889
2.21415e-12	0.000134127
3.69025e-12	0.000141754
5.16635e-12	0.000149788
6.64245e-12	0.000158251
8.11856e-12	0.000167163
9.59466e-12	0.000176547
1.10708e-11	0.000186425
1.25469e-11	0.000196822
1.4023e-11	0.000207764
1.54991e-11	0.000219275
1.69752e-11	0.000231385
1.84513e-11	0.000244122
1.99274e-11	0.000257515
2.14035e-11	0.000271596
2.28796e-11	0.000286398
2.43557e-11	0.000301955
2.58318e-11	0.000318302
2.73079e-11	0.000335477
2.8784e-11	0.000353517
3.02601e-11	0.000372463
3.17362e-11	0.000392358
3.32123e-11	0.000413243
3.46884e-11	0.000435166
3.61645e-11	0.000458173
3.76406e-11	0.000482313
3.91167e-11	0.000507638
4.05928e-11	0.0005342
4.20689e-11	0.000562056
4.3545e-11	0.000591262
4.50211e-11	0.00062188
4.64972e-11	0.00065397
4.79733e-11	0.000687597
4.94494e-11	0.00072283
5.09255e-11	0.000759737
5.24016e-11	0.000798391
5.38777e-11	0.000838868
5.53538e-11	0.000881245
5.68299e-11	0.000925603
5.8306e-11	0.000972027
5.97821e-11	0.0010206
6.12582e-11	0.00107142
6.27343e-11	0.00112458
6.42104e-11	0.00118017
6.56865e-11	0.0012383
6.71626e-11	0.00129907
6.86387e-11	0.00136258
7.01148e-11	0.00142895
7.15909e-11	0.0014983
7.3067e-11	0.00157074
7.45431e-11	0.00164641
7.60192e-11	0.00172542
7.74953e-11	0.00180791
7.89714e-11	0.00189402
8.04475e-11	0.00198389
8.19236e-11	0.00207766
8.33997e-11	0.0021755
8.48758e-11	0.00227755
8.63519e-11	0.00238397
8.7828e-11	0.00249494
8.93041e-11	0.00261063
9.07802e-11	0.00273121
9.22563e-11	0.00285687
9.37324e-11	0.0029878
9.52085e-11	0.00312418
9.66846e-11	0.00326624
9.81607e-11	0.00341416
9.96368e-11	0.00356817
1.01113e-10	0.00372848
1.02589e-10	0.00389533
1.04065e-10	0.00406895
1.05541e-10	0.00424957
1.07017e-10	0.00443744
1.08493e-10	0.00463283
1.0997e-10	0.00483598
1.11446e-10	0.00504718
1.12922e-10	0.00526669
1.14398e-10	0.0054948
1.15874e-10	0.00573181
1.1735e-10	0.00597801
1.18826e-10	0.00623372
1.20302e-10	0.00649924
1.21778e-10	0.00677491
1.23254e-10	0.00706106
1.24731e-10	0.00735803
1.26207e-10	0.00766616
1.27683e-10	0.00798583
1.29159e-10	0.0083174
1.30635e-10	0.00866124
1.32111e-10	0.00901774
1.33587e-10	0.00938731
1.35063e-10	0.00977034
1.36539e-10	0.0101672
1.38015e-10	0.0105785
1.39492e-10	0.0110044
1.40968e-10	0.0114455
1.42444e-10	0.0119023
1.4392e-10	0.0123752
1.45396e-10	0.0128646
1.46872e-10	0.0133711
1.48348e-10	0.0138952
1.49824e-10	0.0144373
1.513e-10	0.0149979
1.52776e-10	0.0155777
1.54253e-10	0.0161771
1.55729e-10	0.0167967
1.57205e-10	0.0174369
1.58681e-10	0.0180985
1.60157e-10	0.018782
1.61633e-10	0.0194879
1.63109e-10	0.0202169
1.64585e-10	0.0209695
1.66061e-10	0.0217464
1.67537e-10	0.0225482
1.69014e-10	0.0233756
1.7049e-10	0.0242291
1.71966e-10	0.0251095
1.73442e-10	0.0260174
1.74918e-10	0.0269535
1.76394e-10	0.0279185
1.7787e-10	0.028913
1.79346e-10	0.0299378
1.80822e-10	0.0309937
1.82298e-10	0.0320812
1.83775e-10	0.0332012
1.85251e-10	0.0343543
1.86727e-10	0.0355414
1.88203e-10	0.0367632
1.89679e-10	0.0380205
1.91155e-10	0.039314
1.92631e-10	0.0406445
1.94107e-10	0.0420128
1.95583e-10	0.0434197
1.97059e-10	0.044866
1.98536e-10	0.0463524
2.00012e-10	0.0478799
2.01488e-10	0.0494493
2.02964e-10	0.0510613
2.0444e-10	0.0527167
2.05916e-10	0.0544165
2.07392e-10	0.0561614
2.08868e-10	0.0579523
2.10344e-10	0.05979
2.1182e-10	0.0616754
2.13297e-10	0.0636093
2.14773e-10	0.0655925
2.16249e-10	0.067626
2.17725e-10	0.0697104
2.19201e-10	0.0718468
2.20677e-10	0.0740359
2.22153e-10	0.0762786
2.23629e-10	0.0785757
2.25105e-10	0.0809281
2.26581e-10	0.0833365
2.28058e-10	0.0858019
2.29534e-10	0.088325
2.3101e-10	0.0909066
2.32486e-10	0.0935476
2.33962e-10	0.0962488
2.35438e-10	0.0990109
2.36914e-10	0.101835
2.3839e-10	0.104721
2.39866e-10	0.107671
2.41342e-10	0.110685
2.42819e-10	0.113763
2.44295e-10	0.116907
2.45771e-10	0.120117
2.47247e-10	0.123395
2.48723e-10	0.126739
2.50199e-10	0.130152
2.51675e-10	0.133634
2.53151e-10	0.137186
2.54627e-10	0.140808
2.56104e-10	0.1445
2.5758e-10	0.148264
2.59056e-10	0.152099
2.60532e-10	0.156007
2.62008e-10	0.159988
2.63484e-10	0.164043
2.6496e-10	0.168171
2.66436e-10	0.172373
2.67912e-10	0.17665
2.69388e-10	0.181002
2.70865e-10	0.185429
2.72341e-10	0.189932
2.73817e-10	0.19451
2.75293e-10	0.199165
2.76769e-10	0.203896
2.78245e-10	0.208704
2.79721e-10	0.213588
2.81197e-10	0.218549
2.82673e-10	0.223586
2.84149e-10	0.228701
2.85626e-10	0.233892
2.87102e-10	0.239159
2.88578e-10	0.244504
2.90054e-10	0.249925
2.9153e-10	0.255422
2.93006e-10	0.260995
2.94482e-10	0.266643
2.95958e-10	0.272368
2.97434e-10	0.278167
2.9891e-10	0.284041
3.00387e-10	0.289989
3.01863e-10	0.29601
3.03339e-10	0.302105
3.04815e-10	0.308272
3.06291e-10	0.314511
3.07767e-10	0.320821
3.09243e-10	0.327201
3.10719e-10	0.33365
3.12195e-10	0.340169
3.13671e-10	0.346755
3.15148e-10	0.353407
3.16624e-10	0.360126
3.181e-10	0.366909
3.19576e-10	0.373755
3.21052e-10	0.380664
3.22528e-10	0.387633
3.24004e-10	0.394663
3.2548e-10	0.40175
3.26956e-10	0.408895
3.28432e-10	0.416095
3.29909e-10	0.423349
3.31385e-10	0.430656
3.32861e-10	0.438013
3.34337e-10	0.445419
3.35813e-10	0.452873
3.37289e-10	0.460372
3.38765e-10	0.467914
3.40241e-10	0.475499
3.41717e-10	0.483123
3.43193e-10	0.490785
3.4467e-10	0.498483
3.46146e-10	0.506215
3.47622e-10	0.513978
3.49098e-10	0.52177
3.50574e-10	0.529589
3.5205e-10	0.537433
3.53526e-10	0.5453
3.55002e-10	0.553186
3.56478e-10	0.56109
3.57954e-10	0.569009
3.59431e-10	0.57694
3.60907e-10	0.584881
3.62383e-10	0.59283
3.63859e-10	0.600783
3.65335e-10	0.608739
3.66811e-10	0.616693
3.68287e-10	0.624644
3.69763e-10	0.632589
3.71239e-10	0.640524
3.72715e-10	0.648448
3.74192e-10	0.656356
3.75668e-10	0.664247
3.77144e-10	0.672117
3.7862e-10	0.679963
3.80096e-10	0.687782
3.81572e-10	0.695572
3.83048e-10	0.703329
3.84524e-10	0.71105
3.86e-10	0.718732
3.87476e-10	0.726372
3.88953e-10	0.733968
3.90429e-10	0.741515
3.91905e-10	0.74901
3.93381e-10	0.756452
3.94857e-10	0.763835
3.96333e-10	0.771159
3.97809e-10	0.778418
3.99285e-10	0.785611
4.00761e-10	0.792734
4.02237e-10	0.799783
4.03714e-10	0.806757
4.0519e-10	0.813651
4.06666e-10	0.820464
4.08142e-10	0.827191
4.09618e-10	0.833829
4.11094e-10	0.840376
4.1257e-10	0.846829
4.14046e-10	0.853185
4.15522e-10	0.859441
4.16999e-10	0.865593
4.18475e-10	0.87164
4.19951e-10	0.877578
4.21427e-10	0.883404
4.22903e-10	0.889116
4.24379e-10	0.894711
4.25855e-10	0.900187
4.27331e-10	0.90554
4.28807e-10	0.910768
4.30283e-10	0.915869
4.3176e-10	0.92084
4.33236e-10	0.925678
4.34712e-10	0.930382
4.36188e-10	0.934949
4.37664e-10	0.939377
4.3914e-10	0.943664
4.40616e-10	0.947807
4.42092e-10	0.951804
4.43568e-10	0.955654
4.45044e-10	0.959354
4.46521e-10	0.962903
4.47997e-10	0.966299
4.49473e-10	0.96954
4.50949e-10	0.972624
4.52425e-10	0.975551
4.53901e-10	0.978318
4.55377e-10	0.980924
4.56853e-10	0.983368
4.58329e-10	0.985648
4.59805e-10	0.987764
4.61282e-10	0.989714
4.62758e-10	0.991497
4.64234e-10	0.993113
4.6571e-10	0.99456
4.67186e-10	0.995838
4.68662e-10	0.996946
4.70138e-10	0.997883
4.71614e-10	0.99865
4.7309e-10	0.999245
4.74566e-10	0.999668
4.76043e-10	0.99992
4.77519e-10	1
4.78995e-10	0.999908
4.80471e-10	0.999643
4.81947e-10	0.999207
4.83423e-10	0.998599
4.84899e-10	0.99782
4.86375e-10	0.996871
4.87851e-10	0.99575
4.89327e-10	0.99446
4.90804e-10	0.993001
4.9228e-10	0.991373
4.93756e-10	0.989577
4.95232e-10	0.987615
4.96708e-10	0.985488
4.98184e-10	0.983195
4.9966e-10	0.98074
5.01136e-10	0.978122
5.02612e-10	0.975343
5.04088e-10	0.972405
5.05565e-10	0.969309
5.07041e-10	0.966057
5.08517e-10	0.962649
5.09993e-10	0.959089
5.11469e-10	0.955378
5.12945e-10	0.951517
5.14421e-10	0.947509
5.15897e-10	0.943356
5.17373e-10	0.939059
5.18849e-10	0.934621
5.20326e-10	0.930044
5.21802e-10	0.92533
5.23278e-10	0.920482
5.24754e-10	0.915501
5.2623e-10	0.910391
5.27706e-10	0.905154
5.29182e-10	0.899791
5.30658e-10	0.894307
5.32134e-10	0.888704
5.3361e-10	0.882983
5.35087e-10	0.877149
5.36563e-10	0.871203
5.38039e-10	0.865148
5.39515e-10	0.858988
5.40991e-10	0.852725
5.42467e-10	0.846362
5.43943e-10	0.839902
5.45419e-10	0.833348
5.46895e-10	0.826703
5.48371e-10	0.81997
5.49848e-10	0.813151
5.51324e-10	0.806251
5.528e-10	0.799272
5.54276e-10	0.792217
5.55752e-10	0.785089
5.57228e-10	0.777891
5.58704e-10	0.770627
5.6018e-10	0.763299
5.61656e-10	0.755911
5.63132e-10	0.748466
5.64609e-10	0.740966
5.66085e-10	0.733415
5.67561e-10	0.725817
5.69037e-10	0.718174
5.70513e-10	0.710488
5.71989e-10	0.702765
5.73465e-10	0.695005
5.74941e-10	0.687213
5.76417e-10	0.679392
5.77894e-10	0.671544
5.7937e-10	0.663672
5.80846e-10	0.65578
5.82322e-10	0.64787
5.83798e-10	0.639946
5.85274e-10	0.63201
5.8675e-10	0.624065
5.88226e-10	0.616113
5.89702e-10	0.608159
5.91178e-10	0.600203
5.92655e-10	0.59225
5.94131e-10	0.584302
5.95607e-10	0.576361
5.97083e-10	0.568431
5.98559e-10	0.560513
6.00035e-10	0.55261
6.01511e-10	0.544725
6.02987e-10	0.536861
6.04463e-10	0.529018
6.05939e-10	0.521201
6.07416e-10	0.513411
6.08892e-10	0.50565
6.10368e-10	0.497921
6.11844e-10	0.490225
6.1332e-10	0.482566
6.14796e-10	0.474944
6.16272e-10	0.467363
6.17748e-10	0.459823
6.19224e-10	0.452328
6.207e-10	0.444877
6.22177e-10	0.437475
6.23653e-10	0.430121
6.25129e-10	0.422819
6.26605e-10	0.415568
6.28081e-10	0.408372
6.29557e-10	0.401232
6.31033e-10	0.394148
6.32509e-10	0.387123
6.33985e-10	0.380158
6.35461e-10	0.373254
6.36938e-10	0.366412
6.38414e-10	0.359634
6.3989e-10	0.35292
6.41366e-10	0.346272
6.42842e-10	0.339691
6.44318e-10	0.333178
6.45794e-10	0.326733
6.4727e-10	0.320358
6.48746e-10	0.314053
6.50222e-10	0.30782
6.51699e-10	0.301658
6.53175e-10	0.295569
6.54651e-10	0.289552
6.56127e-10	0.28361
6.57603e-10	0.277741
6.59079e-10	0.271948
6.60555e-10	0.266229
6.62031e-10	0.260586
6.63507e-10	0.255018
6.64983e-10	0.249527
6.6646e-10	0.244112
6.67936e-10	0.238773
6.69412e-10	0.233511
6.70888e-10	0.228325
6.72364e-10	0.223216
6.7384e-10	0.218184
6.75316e-10	0.213229
6.76792e-10	0.20835
6.78268e-10	0.203548
6.79744e-10	0.198823
6.81221e-10	0.194174
6.82697e-10	0.189601
6.84173e-10	0.185103
6.85649e-10	0.180682
6.87125e-10	0.176335
6.88601e-10	0.172064
6.90077e-10	0.167867
6.91553e-10	0.163744
6.93029e-10	0.159696
6.94505e-10	0.15572
6.95982e-10	0.151817
6.97458e-10	0.147987
6.98934e-10	0.144228
7.0041e-10	0.140541
7.01886e-10	0.136925
7.03362e-10	0.133378
7.04838e-10	0.129901
7.06314e-10	0.126493
7.0779e-10	0.123153
7.09266e-10	0.119881
7.10743e-10	0.116676
7.12219e-10	0.113536
7.13695e-10	0.110463
7.15171e-10	0.107454
7.16647e-10	0.104509
7.18123e-10	0.101627
7.19599e-10	0.0988075
7.21075e-10	0.0960498
7.22551e-10	0.093353
7.24027e-10	0.0907164
7.25504e-10	0.088139
7.2698e-10	0.0856202
7.28456e-10	0.083159
7.29932e-10	0.0807547
7.31408e-10	0.0784064
7.32884e-10	0.0761133
7.3436e-10	0.0738745
7.35836e-10	0.0716893
7.37312e-10	0.0695567
7.38789e-10	0.067476
7.40265e-10	0.0654462
7.41741e-10	0.0634666
7.43217e-10	0.0615363
7.44693e-10	0.0596544
7.46169e-10	0.0578201
7.47645e-10	0.0560326
7.49121e-10	0.054291
7.50597e-10	0.0525945
7.52073e-10	0.0509423
7.5355e-10	0.0493334
7.55026e-10	0.0477672
7.56502e-10	0.0462427
7.57978e-10	0.0447591
7.59454e-10	0.0433158
7.6093e-10	0.0419117
7.62406e-10	0.0405462
7.63882e-10	0.0392184
7.65358e-10	0.0379276
7.66834e-10	0.0366729
7.68311e-10	0.0354537
7.69787e-10	0.0342691
7.71263e-10	0.0331184
7.72739e-10	0.0320008
7.74215e-10	0.0309156
7.75691e-10	0.0298621
7.77167e-10	0.0288395
7.78643e-10	0.0278471
7.80119e-10	0.0268843
7.81595e-10	0.0259503
7.83072e-10	0.0250444
7.84548e-10	0.024166
7.86024e-10	0.0233144
7.875e-10	0.0224889
7.88976e-10	0.0216889
7.90452e-10	0.0209138
7.91928e-10	0.0201629
7.93404e-10	0.0194357
7.9488e-10	0.0187314
7.96356e-10	0.0180496
7.97833e-10	0.0173895
7.99309e-10	0.0167508
8.00785e-10	0.0161327
8.02261e-10	0.0155348
8.03737e-10	0.0149564
8.05213e-10	0.0143971
8.06689e-10	0.0138563
8.08165e-10	0.0133336
8.09641e-10	0.0128284
8.11117e-10	0.0123401
8.12594e-10	0.0118685
8.1407e-10	0.0114128
8.15546e-10	0.0109728
8.17022e-10	0.010548
8.18498e-10	0.0101378
8.19974e-10	0.00974194
8.2145e-10	0.00935991
8.22926e-10	0.00899131
8.24402e-10	0.00863574
8.25878e-10	0.00829281
8.27355e-10	0.00796212
8.28831e-10	0.00764331
8.30307e-10	0.007336
8.31783e-10	0.00703983
8.33259e-10	0.00675446
8.34735e-10	0.00647954
8.36211e-10	0.00621475
8.37687e-10	0.00595975
8.39163e-10	0.00571422
8.40639e-10	0.00547787
8.42116e-10	0.0052504
8.43592e-10	0.0050315
8.45068e-10	0.0048209
8.46544e-10	0.00461832
8.4802e-10	0.00442349
8.49496e-10	0.00423616
8.50972e-10	0.00405605
8.52448e-10	0.00388294
8.53924e-10	0.00371658
8.554e-10	0.00355673
8.56877e-10	0.00340317
8.58353e-10	0.00325568
8.59829e-10	0.00311405
8.61305e-10	0.00297807
8.62781e-10	0.00284753
8.64257e-10	0.00272225
8.65733e-10	0.00260203
8.67209e-10	0.00248669
8.68685e-10	0.00237606
8.70161e-10	0.00226996
8.71638e-10	0.00216822
8.73114e-10	0.00207069
8.7459e-10	0.0019772
8.76066e-10	0.00188761
8.77542e-10	0.00180177
8.79018e-10	0.00171954
8.80494e-10	0.00164078
8.8197e-10	0.00156535
8.83446e-10	0.00149314
8.84922e-10	0.00142401
8.86399e-10	0.00135785
8.87875e-10	0.00129454
8.89351e-10	0.00123397
8.90827e-10	0.00117604
8.92303e-10	0.00112062
8.93779e-10	0.00106764
8.95255e-10	0.00101699
8.96731e-10	0.000968571
8.98207e-10	0.0009223
8.99684e-10	0.000878089
9.0116e-10	0.000835853
9.02636e-10	0.000795512
9.04112e-10	0.000756988
9.05588e-10	0.000720205
9.07064e-10	0.000685092
9.0854e-10	0.000651579
9.10016e-10	0.000619598
9.11492e-10	0.000589086
9.12968e-10	0.00055998
9.14445e-10	0.00053222
9.15921e-10	0.00050575
9.17397e-10	0.000480513
9.18873e-10	0.000456458
9.20349e-10	0.000433531
9.21825e-10	0.000411686
9.23301e-10	0.000390874
9.24777e-10	0.00037105
9.26253e-10	0.000352172
9.27729e-10	0.000334196
9.29206e-10	0.000317083
9.30682e-10	0.000300795
9.32158e-10	0.000285294
9.33634e-10	0.000270546
9.3511e-10	0.000256515
9.36586e-10	0.000243171
9.38062e-10	0.000230481
9.39538e-10	0.000218416
9.41014e-10	0.000206947
9.4249e-10	0.000196046
9.43967e-10	0.000185688
9.45443e-10	0.000175846
9.46919e-10	0.000166498
9.48395e-10	0.000157619
9.49871e-10	0.000149188
9.51347e-10	0.000141184
9.52823e-10	0.000133587
9.54299e-10	0.000126376
