% time-domain current integration by openEMS v0.0.36-15-g1ccf094 @Fri Aug 30 13:02:47 2024
% start-coordinates: (-0.00882148,-0.0038,0.000508) m -> [19,20,17]
% stop-coordinates: (-0.0055,0.001,0.000508) m -> [20,22,17]
% t/s	current
7.38050455687e-13	0
4.20688759741e-11	1.30491059736e-07
8.33997014926e-11	5.15658939548e-07
1.24730527011e-10	1.81607788363e-06
1.66061352529e-10	5.58637839276e-06
2.07392178048e-10	1.50298656081e-05
2.48723003566e-10	3.53476643795e-05
2.90053829085e-10	7.26364814909e-05
3.31384654603e-10	0.000130429121782
3.72715480122e-10	0.000204609328648
4.1404630564e-10	0.000280261912849
4.55377131159e-10	0.000334831420332
4.96707956677e-10	0.000348038680386
5.38038782196e-10	0.000312986754579
5.79369607714e-10	0.000240213907091
6.20700433232e-10	0.000151741085574
6.62031258751e-10	6.98612493579e-05
7.03362084269e-10	8.40555458126e-06
7.44692909788e-10	-2.94801739074e-05
7.86023735306e-10	-4.83772018924e-05
8.27354560825e-10	-5.58320643904e-05
8.68685386343e-10	-5.83089349675e-05
9.10016211862e-10	-5.91338248341e-05
9.5134703738e-10	-5.86311507504e-05
9.92677862899e-10	-5.58488281968e-05
1.03400868842e-09	-5.05980206071e-05
1.07533951394e-09	-4.42273303634e-05
1.11667033945e-09	-3.91944304283e-05
1.15800116497e-09	-3.76973403036e-05
1.19933199049e-09	-4.02495388698e-05
1.24066281601e-09	-4.5117620175e-05
1.28199364153e-09	-4.9108210078e-05
1.32332446705e-09	-4.94986452395e-05
1.36465529256e-09	-4.58043941762e-05
1.40598611808e-09	-3.99856435251e-05
1.4473169436e-09	-3.48484099959e-05
1.48864776912e-09	-3.20377148455e-05
1.52997859464e-09	-3.1238731026e-05
1.57130942016e-09	-3.11819349008e-05
1.61264024568e-09	-3.1220533856e-05
1.65397107119e-09	-3.17977537634e-05
1.69530189671e-09	-3.34678115905e-05
1.73663272223e-09	-3.56231103069e-05
1.77796354775e-09	-3.64540755982e-05
1.81929437327e-09	-3.43614483427e-05
1.86062519879e-09	-2.95113841275e-05
1.9019560243e-09	-2.39946202782e-05
1.94328684982e-09	-2.03971630981e-05
1.98461767534e-09	-2.00366594072e-05
2.02594850086e-09	-2.23011538765e-05
2.06727932638e-09	-2.53784437518e-05
2.1086101519e-09	-2.75505026366e-05
2.14994097742e-09	-2.80010826827e-05
2.19127180293e-09	-2.68399653578e-05
2.23260262845e-09	-2.46347444772e-05
2.27393345397e-09	-2.19531375478e-05
2.31526427949e-09	-1.9249966499e-05
2.35659510501e-09	-1.69658815139e-05
2.39792593053e-09	-1.55824036483e-05
2.43925675604e-09	-1.55169600475e-05
2.48058758156e-09	-1.68717378983e-05
2.52191840708e-09	-1.91783146875e-05
2.5632492326e-09	-2.13773728319e-05
2.60458005812e-09	-2.21874743147e-05
2.64591088364e-09	-2.08274705074e-05
2.68724170916e-09	-1.76079047378e-05
2.72857253467e-09	-1.38690284075e-05
2.76990336019e-09	-1.12115103548e-05
2.81123418571e-09	-1.05162644104e-05
2.85256501123e-09	-1.15635439215e-05
2.89389583675e-09	-1.33730900416e-05
2.93522666227e-09	-1.49853176481e-05
2.97655748778e-09	-1.59132832778e-05
3.0178883133e-09	-1.60875406436e-05
3.05921913882e-09	-1.55004836415e-05
3.10054996434e-09	-1.40506062962e-05
3.14188078986e-09	-1.18112311611e-05
3.18321161538e-09	-9.33156206884e-06
3.2245424409e-09	-7.5427660704e-06
3.26587326641e-09	-7.24736719349e-06
3.30720409193e-09	-8.54726658872e-06
3.34853491745e-09	-1.0723792002e-05
3.38986574297e-09	-1.26463264678e-05
3.43119656849e-09	-1.33868943522e-05
3.47252739401e-09	-1.26447075672e-05
3.51385821952e-09	-1.07842552097e-05
3.55518904504e-09	-8.53300025483e-06
3.59651987056e-09	-6.63295122649e-06
3.63785069608e-09	-5.57862040296e-06
3.6791815216e-09	-5.53137624593e-06
3.72051234712e-09	-6.34775005892e-06
3.76184317263e-09	-7.66078392189e-06
3.80317399815e-09	-8.99940823729e-06
3.84450482367e-09	-9.88688134385e-06
3.88583564919e-09	-9.95647042146e-06
3.92716647471e-09	-9.04262833501e-06
3.96849730023e-09	-7.31031104806e-06
4.00982812575e-09	-5.29140197614e-06
4.05115895126e-09	-3.73189186575e-06
4.09248977678e-09	-3.25011274072e-06
4.1338206023e-09	-3.99416830987e-06
4.17515142782e-09	-5.53377913093e-06
4.21648225334e-09	-7.09696678314e-06
4.25781307886e-09	-7.98172004579e-06
4.29914390437e-09	-7.8783969002e-06
4.34047472989e-09	-6.93091487847e-06
4.38180555541e-09	-5.53453173779e-06
4.42313638093e-09	-4.10688789998e-06
4.46446720645e-09	-2.98641134577e-06
4.50579803197e-09	-2.43896147367e-06
4.54712885749e-09	-2.63996889771e-06
4.588459683e-09	-3.55692759513e-06
4.62979050852e-09	-4.86264934807e-06
4.67112133404e-09	-6.00292878516e-06
4.71245215956e-09	-6.44560805085e-06
4.75378298508e-09	-5.95052006247e-06
4.7951138106e-09	-4.69012866233e-06
4.83644463611e-09	-3.16180876325e-06
4.87777546163e-09	-1.93050868802e-06
4.91910628715e-09	-1.39203064009e-06
4.96043711267e-09	-1.65047606515e-06
5.00176793819e-09	-2.52585732596e-06
5.04309876371e-09	-3.64545280718e-06
5.08442958923e-09	-4.57597843706e-06
5.12576041474e-09	-4.96789607496e-06
5.16709124026e-09	-4.68412872578e-06
5.20842206578e-09	-3.82768075724e-06
5.2497528913e-09	-2.67995301328e-06
5.29108371682e-09	-1.60259764925e-06
5.33241454234e-09	-9.24625851439e-07
5.37374536785e-09	-8.60918248691e-07
5.41507619337e-09	-1.43230272442e-06
5.45640701889e-09	-2.42903911385e-06
5.49773784441e-09	-3.45132252733e-06
5.53906866993e-09	-4.05957734984e-06
5.58039949545e-09	-3.9725514398e-06
5.62173032097e-09	-3.21823381455e-06
5.66306114648e-09	-2.11739734368e-06
5.704391972e-09	-1.10220707938e-06
5.74572279752e-09	-5.10128984388e-07
5.78705362304e-09	-4.68381387009e-07
5.82838444856e-09	-9.15251803235e-07
5.86971527408e-09	-1.66961694958e-06
5.91104609959e-09	-2.47933485298e-06
5.95237692511e-09	-3.06390029436e-06
5.99370775063e-09	-3.18881802741e-06
6.03503857615e-09	-2.76369155472e-06
6.07636940167e-09	-1.91612798517e-06
6.11770022719e-09	-9.58024656939e-07
6.15903105271e-09	-2.50695563864e-07
6.20036187822e-09	-4.30838369425e-08
6.24169270374e-09	-3.68863538824e-07
6.28302352926e-09	-1.0635350236e-06
6.32435435478e-09	-1.85163355582e-06
6.3656851803e-09	-2.439870741e-06
6.40701600582e-09	-2.61192462858e-06
6.44834683133e-09	-2.29535999097e-06
6.48967765685e-09	-1.60200806931e-06
6.53100848237e-09	-7.89829016412e-07
6.57233930789e-09	-1.53961366323e-07
6.61367013341e-09	9.97235218847e-08
6.65500095893e-09	-8.12583493826e-08
6.69633178445e-09	-5.99383838562e-07
6.73766260996e-09	-1.25749397739e-06
6.77899343548e-09	-1.83049735369e-06
6.820324261e-09	-2.11267274608e-06
6.86165508652e-09	-1.98275733965e-06
6.90298591204e-09	-1.4586821635e-06
6.94431673756e-09	-7.22701543054e-07
6.98564756307e-09	-6.21991489425e-08
7.02697838859e-09	2.65730960791e-07
7.06830921411e-09	1.6092246824e-07
7.10964003963e-09	-2.91827348065e-07
7.15097086515e-09	-8.90274122867e-07
7.19230169067e-09	-1.41056671055e-06
7.23363251618e-09	-1.68593339822e-06
7.2749633417e-09	-1.62994865605e-06
7.31629416722e-09	-1.25605038193e-06
7.35762499274e-09	-6.7957984129e-07
7.39895581826e-09	-9.62611466093e-08
7.44028664378e-09	2.78030938716e-07
7.4816174693e-09	3.02463661228e-07
7.52294829481e-09	-1.73807563897e-08
7.56427912033e-09	-5.38452411547e-07
7.60560994585e-09	-1.05103811165e-06
7.64694077137e-09	-1.37073550377e-06
7.68827159689e-09	-1.3937217318e-06
7.72960242241e-09	-1.11327790364e-06
7.77093324792e-09	-6.21757749286e-07
7.81226407344e-09	-9.14508291316e-08
7.85359489896e-09	2.84217179569e-07
7.89492572448e-09	3.6497903011e-07
7.93625655e-09	1.33354831178e-07
7.97758737552e-09	-3.01903952504e-07
8.01891820104e-09	-7.62091417528e-07
8.06024902655e-09	-1.07898131319e-06
8.10157985207e-09	-1.15416742119e-06
8.14291067759e-09	-9.72634552454e-07
8.18424150311e-09	-5.94153277689e-07
8.22557232863e-09	-1.36842004395e-07
8.26690315415e-09	2.40076303726e-07
8.30823397966e-09	3.94141977722e-07
8.34956480518e-09	2.61313118699e-07
8.3908956307e-09	-9.97472966446e-08
8.43222645622e-09	-5.32992316948e-07
8.47355728174e-09	-8.6506088337e-07
8.51488810726e-09	-9.79289325187e-07
8.55621893278e-09	-8.51173240335e-07
8.59754975829e-09	-5.38849917575e-07
8.63888058381e-09	-1.49541961036e-07
8.68021140933e-09	1.90704326997e-07
8.72154223485e-09	3.65034367178e-07
8.76287306037e-09	3.09437751866e-07
8.80420388589e-09	4.14191276832e-08
8.8455347114e-09	-3.32129985736e-07
8.88686553692e-09	-6.59158217786e-07
8.92819636244e-09	-8.16275360194e-07
8.96952718796e-09	-7.5545136724e-07
9.01085801348e-09	-5.10998120262e-07
9.052188839e-09	-1.73677506154e-07
9.09351966452e-09	1.45141285657e-07
9.13485049003e-09	3.38149106938e-07
9.17618131555e-09	3.35114691552e-07
9.21751214107e-09	1.35068859208e-07
9.25884296659e-09	-1.85025498922e-07
9.30017379211e-09	-4.96453765209e-07
9.34150461763e-09	-6.75525598126e-07
9.38283544314e-09	-6.61214244246e-07
9.42416626866e-09	-4.72205130109e-07
9.46549709418e-09	-1.86693540627e-07
9.5068279197e-09	9.64478203969e-08
9.54815874522e-09	2.88352964617e-07
9.58948957074e-09	3.26701865561e-07
9.63082039626e-09	1.95524080482e-07
9.67215122177e-09	-6.28465386399e-08
9.71348204729e-09	-3.49058552729e-07
9.75481287281e-09	-5.4921673609e-07
9.79614369833e-09	-5.83708924751e-07
9.83747452385e-09	-4.46978617674e-07
9.87880534937e-09	-2.00984771936e-07
9.92013617488e-09	6.06590333518e-08
9.9614670004e-09	2.48992506613e-07
1.00027978259e-08	3.07709058234e-07
1.00441286514e-08	2.20774978743e-07
1.0085459477e-08	1.6618173504e-08
1.01267903025e-08	-2.32319464999e-07
1.0168121128e-08	-4.31000586332e-07
1.02094519535e-08	-5.00916883084e-07
1.0250782779e-08	-4.15431600231e-07
1.02921136046e-08	-2.15357260913e-07
1.03334444301e-08	1.91078015632e-08
1.03747752556e-08	2.04875732379e-07
1.04161060811e-08	2.82999252477e-07
1.04574369066e-08	2.33688552953e-07
1.04987677321e-08	7.46153006048e-08
1.05400985577e-08	-1.40119567504e-07
1.05814293832e-08	-3.31469379944e-07
1.06227602087e-08	-4.25218530609e-07
1.06640910342e-08	-3.8307672412e-07
1.07054218597e-08	-2.23980492819e-07
1.07467526853e-08	-1.44979424022e-08
1.07880835108e-08	1.64865738839e-07
1.08294143363e-08	2.53836617503e-07
1.08707451618e-08	2.30327202644e-07
1.09120759873e-08	1.0871684708e-07
1.09534068128e-08	-6.93605102242e-08
1.09947376384e-08	-2.43934579203e-07
1.10360684639e-08	-3.50385136016e-07
1.10773992894e-08	-3.45606281371e-07
1.11187301149e-08	-2.29234345284e-07
1.11600609404e-08	-4.89775402457e-08
1.1201391766e-08	1.23738516322e-07
1.12427225915e-08	2.24822557016e-07
1.1284053417e-08	2.24760697165e-07
1.13253842425e-08	1.3122203768e-07
1.1366715068e-08	-1.95746139298e-08
1.14080458935e-08	-1.75614061959e-07
1.14493767191e-08	-2.84236392645e-07
1.14907075446e-08	-3.0386513572e-07
1.15320383701e-08	-2.24404374194e-07
1.15733691956e-08	-7.56004112645e-08
1.16147000211e-08	8.3521129568e-08
1.16560308467e-08	1.91391322346e-07
1.16973616722e-08	2.11619607171e-07
1.17386924977e-08	1.44719138007e-07
1.17800233232e-08	1.90881905837e-08
1.18213541487e-08	-1.20109618251e-07
1.18626849743e-08	-2.26284299742e-07
1.19040157998e-08	-2.62877478008e-07
1.19453466253e-08	-2.14007613408e-07
1.19866774508e-08	-9.59889518981e-08
1.20280082763e-08	4.67459955189e-08
1.20693391018e-08	1.58196201028e-07
1.21106699274e-08	1.95727238861e-07
1.21520007529e-08	1.50864238435e-07
1.21933315784e-08	4.64348062224e-08
1.22346624039e-08	-7.69078667417e-08
1.22759932294e-08	-1.77459810402e-07
1.2317324055e-08	-2.23187385018e-07
1.23586548805e-08	-1.97550050984e-07
1.2399985706e-08	-1.07553546513e-07
1.24413165315e-08	1.49216390355e-08
1.2482647357e-08	1.22928952351e-07
1.25239781825e-08	1.74643730588e-07
1.25653090081e-08	1.52038580836e-07
1.26066398336e-08	6.84344598767e-08
1.26479706591e-08	-4.1547082219e-08
1.26893014846e-08	-1.37459551297e-07
1.27306323101e-08	-1.88537356394e-07
1.27719631357e-08	-1.78981125032e-07
1.28132939612e-08	-1.11896547139e-07
1.28546247867e-08	-9.74664970954e-09
1.28959556122e-08	9.09306763219e-08
1.29372864377e-08	1.50485163886e-07
1.29786172632e-08	1.46710888771e-07
1.30199480888e-08	8.32311286558e-08
1.30612789143e-08	-1.23660868212e-08
1.31026097398e-08	-1.02881955399e-07
1.31439405653e-08	-1.57587393801e-07
1.31852713908e-08	-1.60151216733e-07
1.32266022164e-08	-1.11263190661e-07
1.32679330419e-08	-2.78592651171e-08
1.33092638674e-08	6.21269933276e-08
1.33505946929e-08	1.25411958152e-07
1.33919255184e-08	1.36915176085e-07
1.3433256344e-08	9.25503869098e-08
1.34745871695e-08	1.12005267283e-08
1.3515917995e-08	-7.33614200499e-08
1.35572488205e-08	-1.30261227582e-07
1.3598579646e-08	-1.42318697272e-07
1.36399104715e-08	-1.07632267543e-07
1.36812412971e-08	-3.96618560217e-08
1.37225721226e-08	3.90165055819e-08
1.37639029481e-08	1.00929014479e-07
1.38052337736e-08	1.22576736317e-07
1.38465645991e-08	9.55499004363e-08
1.38878954247e-08	3.01228979538e-08
1.39292262502e-08	-4.68791157004e-08
1.39705570757e-08	-1.05576859255e-07
1.40118879012e-08	-1.25598091927e-07
1.40532187267e-08	-1.02714921013e-07
1.40945495522e-08	-4.74634873626e-08
1.41358803778e-08	2.06713721695e-08
1.41772112033e-08	7.9123907426e-08
1.42185420288e-08	1.07016568052e-07
1.42598728543e-08	9.35976203209e-08
1.43012036798e-08	4.31604547657e-08
1.43425345054e-08	-2.45993874159e-08
1.43838653309e-08	-8.24904162755e-08
1.44251961564e-08	-1.09305133833e-07
1.44665269819e-08	-9.67534106167e-08
1.45078578074e-08	-5.25194963075e-08
1.4549188633e-08	6.45140119104e-09
1.45905194585e-08	6.03340168936e-08
1.4631850284e-08	9.11166395667e-08
1.46731811095e-08	8.8095440276e-08
1.4714511935e-08	5.11662037184e-08
1.47558427605e-08	-6.28087093446e-09
1.47971735861e-08	-6.14258226506e-08
1.48385044116e-08	-9.30717334313e-08
1.48798352371e-08	-9.0077392656e-08
1.49211660626e-08	-5.58267672091e-08
1.49624968881e-08	-4.8422954535e-09
1.50038277137e-08	4.48738752823e-08
1.50451585392e-08	7.66608749814e-08
1.50864893647e-08	8.02728408189e-08
1.51278201902e-08	5.44794360735e-08
1.51691510157e-08	7.63063212617e-09
1.52104818412e-08	-4.25950759109e-08
1.52518126668e-08	-7.69269377088e-08
1.52931434923e-08	-8.22408097179e-08
1.53344743178e-08	-5.73947467331e-08
1.53758051433e-08	-1.39788696174e-08
1.54171359688e-08	3.16235961861e-08
1.54584667944e-08	6.35133687865e-08
1.54997976199e-08	7.19895467682e-08
1.55411284454e-08	5.47992229372e-08
1.55824592709e-08	1.74562444499e-08
1.56237900964e-08	-2.69118736185e-08
1.56651209219e-08	-6.15643216406e-08
1.57064517475e-08	-7.31048501734e-08
1.5747782573e-08	-5.72080125494e-08
1.57891133985e-08	-2.12620427931e-08
1.5830444224e-08	2.0087352226e-08
1.58717750495e-08	5.18862961485e-08
1.59131058751e-08	6.37859685071e-08
1.59544367006e-08	5.31505754964e-08
1.59957675261e-08	2.37080968191e-08
1.60370983516e-08	-1.43621967652e-08
1.60784291771e-08	-4.7463593944e-08
1.61197600027e-08	-6.31880041624e-08
1.61610908282e-08	-5.50894405649e-08
1.62024216537e-08	-2.68429296568e-08
1.62437524792e-08	1.0035741127e-08
1.62850833047e-08	4.1329617062e-08
1.63264141302e-08	5.5997801951e-08
1.63677449558e-08	5.04459443107e-08
1.64090757813e-08	2.74394054145e-08
1.64504066068e-08	-4.84408957391e-09
1.64917374323e-08	-3.52442484086e-08
1.65330682578e-08	-5.31088559796e-08
1.65743990834e-08	-5.13242781608e-08
1.66157299089e-08	-3.03025800008e-08
1.66570607344e-08	1.45863765511e-09
1.66983915599e-08	3.15026049691e-08
1.67397223854e-08	4.83880100433e-08
1.67810532109e-08	4.71419170367e-08
1.68223840365e-08	2.96608195782e-08
1.6863714862e-08	2.31407781826e-09
1.69050456875e-08	-2.51413396768e-08
1.6946376513e-08	-4.37095337702e-08
1.69877073385e-08	-4.63715110754e-08
1.70290381641e-08	-3.17061221722e-08
1.70703689896e-08	-5.37153965752e-09
1.71116998151e-08	2.2405236777e-08
1.71530306406e-08	4.08409590591e-08
1.71943614661e-08	4.35565468138e-08
1.72356922917e-08	3.07046086334e-08
1.72770231172e-08	7.68404539997e-09
1.73183539427e-08	-1.70851350845e-08
1.73596847682e-08	-3.52060780529e-08
1.74010155937e-08	-4.07680182946e-08
1.74423464192e-08	-3.14359951403e-08
1.74836772448e-08	-1.0491424618e-08
1.75250080703e-08	1.44073872832e-08
1.75663388958e-08	3.3460164417e-08
1.76076697213e-08	3.94279027205e-08
1.76490005468e-08	3.08860066411e-08
1.76903313724e-08	1.17586260728e-08
1.77316621979e-08	-1.04025783543e-08
1.77729930234e-08	-2.79307954543e-08
1.78143238489e-08	-3.52987719054e-08
1.78556546744e-08	-2.99348172916e-08
1.78969854999e-08	-1.37532403244e-08
1.79383163255e-08	7.76073783015e-09
1.7979647151e-08	2.63945452161e-08
1.80209779765e-08	3.47858275518e-08
1.8062308802e-08	3.01708560357e-08
1.81036396275e-08	1.48337608863e-08
1.81449704531e-08	-4.82445550176e-09
1.81863012786e-08	-2.15957882688e-08
1.82276321041e-08	-3.01953271276e-08
1.82689629296e-08	-2.78662497522e-08
1.83102937551e-08	-1.54643053918e-08
1.83516245806e-08	2.55433718621e-09
1.83929554062e-08	1.99411029911e-08
1.84342862317e-08	2.9816600744e-08
1.84756170572e-08	2.86552221951e-08
1.85169478827e-08	1.70710130476e-08
1.85582787082e-08	-1.80596870791e-10
1.85996095338e-08	-1.62063660269e-08
1.86409403593e-08	-2.55322269993e-08
1.86822711848e-08	-2.53435903375e-08
1.87236020103e-08	-1.61918389807e-08
1.87649328358e-08	-1.2859846521e-09
1.88062636614e-08	1.43314968781e-08
1.88475944869e-08	2.49525697882e-08
1.88889253124e-08	2.63913424448e-08
1.89302561379e-08	1.82046342445e-08
1.89715869634e-08	3.66451047284e-09
1.90129177889e-08	-1.12959472887e-08
1.90542486145e-08	-2.12081410211e-08
1.909557944e-08	-2.28743353148e-08
1.91369102655e-08	-1.62581912377e-08
1.9178241091e-08	-3.99745658797e-09
1.92195719165e-08	9.81162795455e-09
1.92609027421e-08	2.03183585512e-08
1.93022335676e-08	2.36300863321e-08
1.93435643931e-08	1.84384134627e-08
1.93848952186e-08	6.62340937652e-09
1.94262260441e-08	-6.92971369176e-09
1.94675568696e-08	-1.71183849318e-08
1.95088876952e-08	-2.04026964212e-08
1.95502185207e-08	-1.59430069147e-08
1.95915493462e-08	-5.90157167579e-09
1.96328801717e-08	6.24384188797e-09
1.96742109972e-08	1.62482809429e-08
1.97155418228e-08	2.06344257236e-08
1.97568726483e-08	1.78550152441e-08
1.97982034738e-08	8.78339623256e-09
1.98395342993e-08	-3.22844950773e-09
1.98808651248e-08	-1.3328995685e-08
1.99221959503e-08	-1.78415255903e-08
1.99635267759e-08	-1.52670018849e-08
2.00048576014e-08	-7.16434822579e-09
2.00461884269e-08	3.31679217425e-09
2.00875192524e-08	1.27182442355e-08
2.01288500779e-08	1.77595005368e-08
2.01701809035e-08	1.67877285406e-08
2.0211511729e-08	9.98372673422e-09
2.02528425545e-08	-1.72568626056e-10
2.029417338e-08	-9.78732295209e-09
2.03355042055e-08	-1.51511123647e-08
2.03768350311e-08	-1.43878464698e-08
2.04181658566e-08	-8.10076894453e-09
2.04594966821e-08	1.03670316776e-09
2.05008275076e-08	9.76965175425e-09
2.05421583331e-08	1.5120553698e-08
2.05834891586e-08	1.53910111322e-08
2.06248199842e-08	1.0498881764e-08
2.06661508097e-08	2.12746087414e-09
2.07074816352e-08	-6.62461285827e-09
2.07488124607e-08	-1.24838983595e-08
2.07901432862e-08	-1.31775435008e-08
2.08314741118e-08	-8.6194500426e-09
2.08728049373e-08	-8.2755757802e-10
2.09141357628e-08	7.26780591265e-09
2.09554665883e-08	1.27205783684e-08
2.09967974138e-08	1.38531248695e-08
2.10381282393e-08	1.05372208736e-08
2.10794590649e-08	3.79612963286e-09
2.11207898904e-08	-3.941020843e-09
2.11621207159e-08	-9.92671544964e-09
2.12034515414e-08	-1.17442349179e-08
2.12447823669e-08	-8.73135874713e-09
2.12861131925e-08	-2.28151808557e-09
2.1327444018e-08	5.02607377939e-09
2.13687748435e-08	1.05515631788e-08
2.1410105669e-08	1.24200134621e-08
2.14514364945e-08	1.02751371855e-08
2.14927673201e-08	4.8883253001e-09
2.15340981456e-08	-1.86531146085e-09
2.15754289711e-08	-7.53365192452e-09
2.16167597966e-08	-1.01098978078e-08
2.16580906221e-08	-8.47867198672e-09
2.16994214476e-08	-3.41161188189e-09
2.17407522732e-08	3.11295034194e-09
2.17820830987e-08	8.58157012118e-09
2.18234139242e-08	1.1044538617e-08
2.18647447497e-08	9.81704140202e-09
2.19060755752e-08	5.54156276422e-09
2.19474064008e-08	-2.1796120464e-10
2.19887372263e-08	-5.47862288869e-09
2.20300680518e-08	-8.43045633303e-09
2.20713988773e-08	-7.92662557814e-09
2.21127297028e-08	-4.12966860708e-09
2.21540605283e-08	1.51247858682e-09
2.21953913539e-08	6.78849332303e-09
2.22367221794e-08	9.64166346762e-09
2.22780530049e-08	9.23424892108e-09
2.23193838304e-08	5.94442672863e-09
2.23607146559e-08	1.05977848719e-09
2.24020454815e-08	-3.7375782469e-09
2.2443376307e-08	-6.86973322672e-09
2.24847071325e-08	-7.16081727248e-09
2.2526037958e-08	-4.43728387367e-09
2.25673687835e-08	2.31146213281e-10
2.2608699609e-08	5.11118125601e-09
2.26500304346e-08	8.24393620036e-09
2.26913612601e-08	8.60530136038e-09
2.27326920856e-08	6.19127682455e-09
2.27740229111e-08	2.02174987862e-09
2.28153537366e-08	-2.34429808899e-09
2.28566845622e-08	-5.45598854984e-09
2.28980153877e-08	-6.26250384883e-09
2.29393462132e-08	-4.45891856771e-09
2.29806770387e-08	-7.04022617981e-10
2.30220078642e-08	3.62302854384e-09
2.30633386898e-08	6.91509693951e-09
2.31046695153e-08	7.86884868376e-09
2.31460003408e-08	6.25853724401e-09
2.31873311663e-08	2.76242673181e-09
2.32286619918e-08	-1.17774678898e-09
2.32699928173e-08	-4.20736112616e-09
2.33113236429e-08	-5.36327116052e-09
2.33526544684e-08	-4.29020463599e-09
2.33939852939e-08	-1.34783695316e-09
2.34353161194e-08	2.45309705882e-09
2.34766469449e-08	5.67009283969e-09
2.35179777705e-08	7.04522529205e-09
2.3559308596e-08	6.10069861295e-09
2.36006394215e-08	3.31206484461e-09
2.3641970247e-08	-1.71106018243e-10
2.36833010725e-08	-3.09531622555e-09
2.3724631898e-08	-4.51856019268e-09
2.37659627236e-08	-3.97939725616e-09
2.38072935491e-08	-1.6995846952e-09
2.38486243746e-08	1.51348533706e-09
2.38899552001e-08	4.49293002802e-09
2.39312860256e-08	6.14550366151e-09
2.39726168512e-08	5.8464788566e-09
2.40139476767e-08	3.7374627837e-09
2.40552785022e-08	6.76098288466e-10
2.40966093277e-08	-2.1300696762e-09
2.41379401532e-08	-3.74350017651e-09
2.41792709788e-08	-3.61452179298e-09
2.42206018043e-08	-1.88406490409e-09
2.42619326298e-08	8.04665445386e-10
2.43032634553e-08	3.51693851819e-09
2.43445942808e-08	5.2844728593e-09
2.43859251063e-08	5.46782397137e-09
2.44272559319e-08	3.94996257924e-09
2.44685867574e-08	1.34914346361e-09
2.45099175829e-08	-1.29335275822e-09
2.45512484084e-08	-2.97350588596e-09
2.45925792339e-08	-3.19219495282e-09
2.46339100595e-08	-1.94078997318e-09
2.4675240885e-08	2.65038435643e-10
2.47165717105e-08	2.69480238124e-09
2.4757902536e-08	4.49220571852e-09
2.47992333615e-08	4.99494001716e-09
2.4840564187e-08	3.99705069043e-09
2.48818950126e-08	1.87880111469e-09
2.49232258381e-08	-5.03013186659e-10
2.49645566636e-08	-2.26804353076e-09
2.50058874891e-08	-2.79711742657e-09
2.50472183146e-08	-1.94108018547e-09
2.50885491402e-08	-7.77178321698e-11
2.51298799657e-08	2.07128270091e-09
2.51712107912e-08	3.77096798232e-09
2.52125416167e-08	4.46352332872e-09
2.52538724422e-08	3.89658172395e-09
2.52952032677e-08	2.25630447659e-09
2.53365340933e-08	1.6549850379e-10
2.53778649188e-08	-1.59150259638e-09
2.54191957443e-08	-2.34490937778e-09
2.54605265698e-08	-1.85386184182e-09
2.55018573953e-08	-3.55559137688e-10
2.55431882209e-08	1.53277923687e-09
2.55845190464e-08	3.14936965395e-09
2.56258498719e-08	3.96427513039e-09
2.56671806974e-08	3.73349351435e-09
2.57085115229e-08	2.49558262944e-09
2.57498423485e-08	6.95917767857e-10
2.5791173174e-08	-9.77739000874e-10
2.58325039995e-08	-1.88628024311e-09
2.5873834825e-08	-1.69505409708e-09
2.59151656505e-08	-5.5529270071e-10
2.5956496476e-08	1.08904318896e-09
2.59978273016e-08	2.61979837823e-09
2.60391581271e-08	3.53299833833e-09
2.60804889526e-08	3.51646756158e-09
2.61218197781e-08	2.5878064136e-09
2.61631506036e-08	1.08557596246e-09
2.62044814292e-08	-4.24838386692e-10
2.62458122547e-08	-1.40893385847e-09
2.62871430802e-08	-1.50188095294e-09
2.63284739057e-08	-6.63089139152e-10
2.63698047312e-08	7.48268447204e-10
2.64111355567e-08	2.17355333731e-09
2.64524663823e-08	3.09983638758e-09
2.64937972078e-08	3.25049387406e-09
2.65351280333e-08	2.60886956482e-09
2.65764588588e-08	1.40570566298e-09
2.66177896843e-08	4.71449546069e-11
2.66591205099e-08	-9.71099534119e-10
2.67004513354e-08	-1.25710197807e-09
2.67417821609e-08	-7.01752767007e-10
2.67831129864e-08	4.70360972393e-10
2.68244438119e-08	1.77484404951e-09
2.68657746375e-08	2.71467648361e-09
2.6907105463e-08	3.00977975876e-09
2.69484362885e-08	2.58377808038e-09
2.6989767114e-08	1.61081370464e-09
2.70310979395e-08	4.06287115062e-10
2.7072428765e-08	-5.78740166901e-10
2.71137595906e-08	-9.71522640114e-10
2.71550904161e-08	-6.41515451871e-10
2.71964212416e-08	2.70079181242e-10
2.72377520671e-08	1.40935429993e-09
2.72790828926e-08	2.3493513801e-09
2.73204137182e-08	2.76626010987e-09
2.73617445437e-08	2.5305426643e-09
2.74030753692e-08	1.73558101224e-09
2.74444061947e-08	7.05366542952e-10
2.74857370202e-08	-2.08680739355e-10
2.75270678457e-08	-6.81037726213e-10
2.75683986713e-08	-5.65731406166e-10
2.76097294968e-08	1.15861542582e-10
2.76510603223e-08	1.1177302417e-09
2.76923911478e-08	2.0425310332e-09
2.77337219733e-08	2.53301712938e-09
2.77750527989e-08	2.42961917252e-09
2.78163836244e-08	1.82246573388e-09
2.78577144499e-08	9.407872259e-10
2.78990452754e-08	9.14459064028e-11
2.79403761009e-08	-4.27612251164e-10
2.79817069264e-08	-4.46635145535e-10
2.8023037752e-08	5.53751489107e-11
2.80643685775e-08	9.06204777884e-10
2.8105699403e-08	1.75730374696e-09
2.81470302285e-08	2.28120677903e-09
2.8188361054e-08	2.30465824202e-09
2.82296918796e-08	1.86272708369e-09
2.82710227051e-08	1.12864551038e-09
2.83123535306e-08	3.49800077792e-10
2.83536843561e-08	-1.86266307933e-10
2.83950151816e-08	-2.90367174749e-10
2.84363460072e-08	4.88385443198e-11
2.84776768327e-08	7.29550309053e-10
2.85190076582e-08	1.48060375071e-09
2.85603384837e-08	2.03783523389e-09
2.86016693092e-08	2.19355689168e-09
2.86430001347e-08	1.88856752459e-09
2.86843309603e-08	1.26276356038e-09
2.87256617858e-08	5.54556234267e-10
2.87669926113e-08	3.46772610627e-11
2.88083234368e-08	-1.35033151327e-10
2.88496542623e-08	7.37801486572e-11
2.88909850879e-08	5.94535809473e-10
2.89323159134e-08	1.26775501208e-09
2.89736467389e-08	1.82557990946e-09
2.90149775644e-08	2.05561589972e-09
2.90563083899e-08	1.87007986874e-09
2.90976392154e-08	1.36796463046e-09
2.9138970041e-08	7.40293049084e-10
2.91803008665e-08	2.24253504655e-10
2.9221631692e-08	-2.66037192276e-13
2.92629625175e-08	1.13081044528e-10
2.9304293343e-08	5.33346589116e-10
2.93456241686e-08	1.11325426655e-09
2.93869549941e-08	1.62964297612e-09
2.94282858196e-08	1.89125626271e-09
2.94696166451e-08	1.81096826424e-09
2.95109474706e-08	1.44156164783e-09
2.95522782961e-08	9.08848107883e-10
2.95936091217e-08	4.03190092424e-10
2.96349399472e-08	1.28246552267e-10
2.96762707727e-08	1.6745270448e-10
2.97176015982e-08	4.98109720137e-10
2.97589324237e-08	9.85009185328e-10
2.98002632493e-08	1.44951495251e-09
2.98415940748e-08	1.742444522e-09
2.98829249003e-08	1.75817926884e-09
2.99242557258e-08	1.48158862956e-09
2.99655865513e-08	1.02487995868e-09
3.00069173769e-08	5.50805068222e-10
3.00482482024e-08	2.66193594944e-10
3.00895790279e-08	2.51218851277e-10
3.01309098534e-08	4.77712314151e-10
3.01722406789e-08	8.74052108468e-10
3.02135715044e-08	1.29772304014e-09
3.025490233e-08	1.61070767835e-09
3.02962331555e-08	1.68640523768e-09
3.0337563981e-08	1.4971018869e-09
3.03788948065e-08	1.11683551296e-09
3.0420225632e-08	6.90945634041e-10
3.04615564576e-08	3.87261139823e-10
3.05028872831e-08	3.15899473247e-10
3.05442181086e-08	4.73178329852e-10
3.05855489341e-08	8.07286626436e-10
3.06268797596e-08	1.19171728041e-09
3.06682105851e-08	1.4898090539e-09
3.07095414107e-08	1.59742952199e-09
3.07508722362e-08	1.47367740233e-09
3.07922030617e-08	1.18184484421e-09
3.08335338872e-08	8.16134937409e-10
3.08748647127e-08	5.10400277598e-10
3.09161955383e-08	3.8874228836e-10
3.09575263638e-08	4.87763718304e-10
3.09988571893e-08	7.63872631815e-10
3.10401880148e-08	1.09391917746e-09
3.10815188403e-08	1.36609090706e-09
3.11228496659e-08	1.50594203774e-09
3.11641804914e-08	1.45380885108e-09
3.12055113169e-08	1.23724763768e-09
3.12468421424e-08	9.16977938026e-10
3.12881729679e-08	6.15148099126e-10
3.13295037934e-08	4.63207139312e-10
3.1370834619e-08	5.07630271152e-10
3.14121654445e-08	7.18911152831e-10
3.145349627e-08	1.01563868427e-09
3.14948270955e-08	1.28243116126e-09
3.1536157921e-08	1.44007961111e-09
3.15774887466e-08	1.4207374166e-09
3.16188195721e-08	1.24172838678e-09
3.16601503976e-08	9.79913705734e-10
3.17014812231e-08	7.14392267565e-10
3.17428120486e-08	5.56170332011e-10
3.17841428741e-08	5.49019940621e-10
3.18254736997e-08	6.97501834068e-10
3.18668045252e-08	9.43789379981e-10
3.19081353507e-08	1.19424004019e-09
3.19494661762e-08	1.36571598475e-09
3.19907970017e-08	1.38717015652e-09
3.20321278273e-08	1.2527976434e-09
3.20734586528e-08	1.03367703286e-09
3.21147894783e-08	7.9580730894e-10
3.21561203038e-08	6.25014595634e-10
3.21974511293e-08	5.88946946767e-10
3.22387819548e-08	6.97395641236e-10
3.22801127804e-08	9.0460228197e-10
3.23214436059e-08	1.1198260097e-09
3.23627744314e-08	1.2826304463e-09
3.24041052569e-08	1.33823541137e-09
3.24454360824e-08	1.2605971822e-09
3.2486766908e-08	1.08463094062e-09
3.25280977335e-08	8.63281668373e-10
3.2569428559e-08	6.87594425841e-10
3.26107593845e-08	6.33049057619e-10
3.265209021e-08	7.03008318226e-10
3.26934210356e-08	8.68923044628e-10
3.27347518611e-08	1.05679298645e-09
3.27760826866e-08	1.21934085051e-09
3.28174135121e-08	1.29912969271e-09
3.28587443376e-08	1.25256094385e-09
3.29000751631e-08	1.10652764729e-09
3.29414059887e-08	9.18217724077e-10
3.29827368142e-08	7.54448170603e-10
3.30240676397e-08	6.79192591058e-10
3.30653984652e-08	7.10516034896e-10
3.31067292907e-08	8.38754288246e-10
3.31480601163e-08	1.01273256448e-09
3.31893909418e-08	1.16888121404e-09
3.32307217673e-08	1.26088028907e-09
3.32720525928e-08	1.23185039946e-09
3.33133834183e-08	1.11429998562e-09
3.33547142438e-08	9.6085062129e-10
3.33960450694e-08	8.15835510259e-10
3.34373758949e-08	7.28022864216e-10
3.34787067204e-08	7.28102300673e-10
3.35200375459e-08	8.2357176634e-10
3.35613683714e-08	9.7661534415e-10
3.3602699197e-08	1.12024434173e-09
3.36440300225e-08	1.20964516181e-09
3.3685360848e-08	1.20937948545e-09
3.37266916735e-08	1.12749642955e-09
3.3768022499e-08	1.00036090522e-09
3.38093533246e-08	8.61376525663e-10
3.38506841501e-08	7.67120200695e-10
3.38920149756e-08	7.51922357711e-10
3.39333458011e-08	8.21490930836e-10
3.39746766266e-08	9.46130507273e-10
3.40160074521e-08	1.07191622245e-09
3.40573382777e-08	1.16508513948e-09
3.40986691032e-08	1.19113197083e-09
3.41399999287e-08	1.13337395025e-09
3.41813307542e-08	1.02668873403e-09
3.42226615797e-08	9.01768215655e-10
3.42639924053e-08	8.08479172498e-10
3.43053232308e-08	7.75701058942e-10
3.43466540563e-08	8.16594236674e-10
3.43879848818e-08	9.20132414706e-10
3.44293157073e-08	1.0389504812e-09
3.44706465328e-08	1.13528009216e-09
3.45119773584e-08	1.17078413631e-09
3.45533081839e-08	1.12646314498e-09
3.45946390094e-08	1.03568420506e-09
3.46359698349e-08	9.33972232886e-10
3.46773006604e-08	8.48225267802e-10
3.4718631486e-08	8.08225930626e-10
3.47599623115e-08	8.20755075015e-10
3.4801293137e-08	9.00122476555e-10
3.48426239625e-08	1.00896968558e-09
3.4883954788e-08	1.10062481351e-09
3.49252856135e-08	1.1450645987e-09
3.49666164391e-08	1.1241115816e-09
3.50079472646e-08	1.05499320391e-09
3.50492780901e-08	9.59942902945e-10
3.50906089156e-08	8.69826155547e-10
3.51319397411e-08	8.24205814709e-10
3.51732705667e-08	8.36493652123e-10
3.52146013922e-08	9.04545549574e-10
3.52559322177e-08	9.93790050252e-10
3.52972630432e-08	1.06375230846e-09
3.53385938687e-08	1.10707454315e-09
3.53799246943e-08	1.10772035988e-09
3.54212555198e-08	1.06475617212e-09
3.54625863453e-08	9.88972237437e-10
3.55039171708e-08	9.05849284472e-10
3.55452479963e-08	8.52236725635e-10
3.55865788218e-08	8.45645775627e-10
3.56279096474e-08	8.87994511256e-10
3.56692404729e-08	9.65481916637e-10
3.57105712984e-08	1.04068942353e-09
3.57519021239e-08	1.09677500415e-09
3.57932329494e-08	1.10627207395e-09
3.5834563775e-08	1.06428321711e-09
3.58758946005e-08	9.93141124894e-10
3.5917225426e-08	9.22261600422e-10
3.59585562515e-08	8.82652340106e-10
3.5999887077e-08	8.69797178726e-10
3.60412179025e-08	8.8683360655e-10
3.60825487281e-08	9.42558253669e-10
3.61238795536e-08	1.01589381352e-09
3.61652103791e-08	1.07584574582e-09
3.62065412046e-08	1.09797948511e-09
3.62478720301e-08	1.06796482768e-09
3.62892028557e-08	1.00786901047e-09
3.63305336812e-08	9.3969698689e-10
3.63718645067e-08	8.93138507596e-10
3.64131953322e-08	8.77372507979e-10
3.64545261577e-08	8.9319607266e-10
3.64958569832e-08	9.45368228145e-10
3.65371878088e-08	1.00602048914e-09
3.65785186343e-08	1.05120478988e-09
3.66198494598e-08	1.07161024498e-09
3.66611802853e-08	1.05980313414e-09
3.67025111108e-08	1.02116948231e-09
3.67438419364e-08	9.65193924785e-10
3.67851727619e-08	9.13287168114e-10
3.68265035874e-08	8.88750684158e-10
3.68678344129e-08	8.95807872325e-10
3.69091652384e-08	9.38442101805e-10
3.6950496064e-08	9.92961601831e-10
3.69918268895e-08	1.03501374138e-09
3.7033157715e-08	1.05669784034e-09
3.70744885405e-08	1.05354591717e-09
3.7115819366e-08	1.02441177763e-09
3.71571501915e-08	9.77083747244e-10
3.71984810171e-08	9.31414834149e-10
3.72398118426e-08	9.09372688263e-10
3.72811426681e-08	9.06650476917e-10
3.73224734936e-08	9.29197552235e-10
3.73638043191e-08	9.73051084152e-10
3.74051351447e-08	1.01561714594e-09
3.74464659702e-08	1.04612563057e-09
3.74877967957e-08	1.05183173282e-09
3.75291276212e-08	1.0334149092e-09
3.75704584467e-08	9.94052617997e-10
3.76117892722e-08	9.47021461251e-10
3.76531200978e-08	9.12310227363e-10
3.76944509233e-08	9.01659191754e-10
3.77357817488e-08	9.23048804058e-10
3.77771125743e-08	9.72106173336e-10
3.78184433998e-08	1.01733044211e-09
3.78597742254e-08	1.04243302879e-09
3.79011050509e-08	1.04344821672e-09
3.79424358764e-08	1.02317587736e-09
3.79837667019e-08	9.89884174629e-10
3.80250975274e-08	9.50112100107e-10
3.8066428353e-08	9.26084431363e-10
3.81077591785e-08	9.25515608596e-10
3.8149090004e-08	9.42171007878e-10
3.81904208295e-08	9.68144564517e-10
3.8231751655e-08	9.91154158747e-10
3.82730824805e-08	1.01061459201e-09
3.83144133061e-08	1.02975417082e-09
3.83557441316e-08	1.03421704534e-09
3.83970749571e-08	1.01218555759e-09
3.84384057826e-08	9.67382396411e-10
3.84797366081e-08	9.32971144785e-10
3.85210674337e-08	9.26344279062e-10
3.85623982592e-08	9.37578348292e-10
3.86037290847e-08	9.57525503331e-10
3.86450599102e-08	9.82358860924e-10
3.86863907357e-08	1.01012731513e-09
3.87277215612e-08	1.03288233522e-09
3.87690523868e-08	1.03247665972e-09
3.88103832123e-08	1.00691766036e-09
3.88517140378e-08	9.69941016393e-10
3.88930448633e-08	9.41685174283e-10
3.89343756888e-08	9.35192812079e-10
3.89757065144e-08	9.40703182017e-10
3.90170373399e-08	9.57563806026e-10
3.90583681654e-08	9.81525749566e-10
3.90996989909e-08	1.00578512185e-09
3.91410298164e-08	1.01999797497e-09
3.91823606419e-08	1.01760855298e-09
3.92236914675e-08	1.0047265242e-09
3.9265022293e-08	9.85888259919e-10
3.93063531185e-08	9.61920321174e-10
3.9347683944e-08	9.43657818553e-10
3.93890147695e-08	9.37803168455e-10
3.94303455951e-08	9.49001877082e-10
3.94716764206e-08	9.75214353716e-10
3.95130072461e-08	1.00022179428e-09
3.95543380716e-08	1.01593589097e-09
3.95956688971e-08	1.01828112609e-09
3.96369997227e-08	1.00965358296e-09
3.96783305482e-08	9.89085258141e-10
3.97196613737e-08	9.5976471215e-10
3.97609921992e-08	9.41201450111e-10
3.98023230247e-08	9.44939793079e-10
3.98436538502e-08	9.61720258985e-10
3.98849846758e-08	9.79616832097e-10
3.99263155013e-08	9.91040804976e-10
3.99676463268e-08	1.00123487279e-09
4.00089771523e-08	1.00761110566e-09
4.00503079778e-08	1.00579156115e-09
4.00916388034e-08	9.95118987213e-10
4.01329696289e-08	9.75816427662e-10
4.01743004544e-08	9.58185530919e-10
4.02156312799e-08	9.503644538e-10
4.02569621054e-08	9.51698053697e-10
4.02982929309e-08	9.62470436683e-10
4.03396237565e-08	9.83785164443e-10
4.0380954582e-08	1.00723329677e-09
4.04222854075e-08	1.01698205413e-09
4.0463616233e-08	1.00542141279e-09
4.05049470585e-08	9.87728787649e-10
4.05462778841e-08	9.72289471157e-10
4.05876087096e-08	9.63430779599e-10
4.06289395351e-08	9.59887502816e-10
4.06702703606e-08	9.57751544739e-10
4.07116011861e-08	9.61837276492e-10
4.07529320117e-08	9.77128489232e-10
4.07942628372e-08	9.98761517934e-10
4.08355936627e-08	1.01219421733e-09
4.08769244882e-08	1.00768982048e-09
4.09182553137e-08	9.92473436767e-10
4.09595861392e-08	9.75876712772e-10
4.10009169648e-08	9.62510959823e-10
4.10422477903e-08	9.60078017087e-10
4.10835786158e-08	9.64793245295e-10
4.11249094413e-08	9.70309055326e-10
4.11662402668e-08	9.75438840811e-10
4.12075710924e-08	9.85802439679e-10
4.12489019179e-08	1.00038521911e-09
4.12902327434e-08	1.00659902635e-09
4.13315635689e-08	9.99839766536e-10
4.13728943944e-08	9.84834103157e-10
4.14142252199e-08	9.67532609586e-10
4.14555560455e-08	9.59139434542e-10
4.1496886871e-08	9.60873491884e-10
4.15382176965e-08	9.67131819074e-10
4.1579548522e-08	9.76342562353e-10
4.16208793475e-08	9.89759385561e-10
4.16622101731e-08	1.00243657819e-09
4.17035409986e-08	1.00214270216e-09
4.17448718241e-08	9.90779236432e-10
4.17862026496e-08	9.79732073247e-10
4.18275334751e-08	9.7445318481e-10
4.18688643006e-08	9.7274432953e-10
4.19101951262e-08	9.70646563125e-10
4.19515259517e-08	9.66296043181e-10
4.19928567772e-08	9.67744662184e-10
4.20341876027e-08	9.79451741934e-10
4.20755184282e-08	9.96399851516e-10
4.21168492538e-08	1.00428720895e-09
4.21581800793e-08	9.97979587858e-10
4.21995109048e-08	9.86698500682e-10
4.22408417303e-08	9.75738267961e-10
4.22821725558e-08	9.67984470357e-10
4.23235033814e-08	9.65408197828e-10
4.23648342069e-08	9.68469304752e-10
4.24061650324e-08	9.74750724581e-10
4.24474958579e-08	9.82715353537e-10
4.24888266834e-08	9.91461024391e-10
4.25301575089e-08	9.97085747301e-10
4.25714883345e-08	9.94890614336e-10
4.261281916e-08	9.88800485935e-10
4.26541499855e-08	9.81089653962e-10
4.2695480811e-08	9.72759206519e-10
4.27368116365e-08	9.67174673683e-10
4.27781424621e-08	9.67266822194e-10
4.28194732876e-08	9.73606639754e-10
4.28608041131e-08	9.83255810105e-10
4.29021349386e-08	9.91434490061e-10
4.29434657641e-08	9.94524351761e-10
4.29847965896e-08	9.90919235555e-10
4.30261274152e-08	9.85559300837e-10
4.30674582407e-08	9.82190107024e-10
4.31087890662e-08	9.78941816498e-10
4.31501198917e-08	9.74608505011e-10
4.31914507172e-08	9.70345470641e-10
4.32327815428e-08	9.7068342253e-10
4.32741123683e-08	9.75709513185e-10
4.33154431938e-08	9.84247572333e-10
4.33567740193e-08	9.93779725178e-10
4.33981048448e-08	9.98614191339e-10
4.34394356703e-08	9.94210491712e-10
4.34807664959e-08	9.83238379604e-10
4.35220973214e-08	9.71707492248e-10
4.35634281469e-08	9.67251057027e-10
4.36047589724e-08	9.72096181329e-10
4.36460897979e-08	9.80603265255e-10
4.36874206235e-08	9.84336501197e-10
4.3728751449e-08	9.82572134767e-10
4.37700822745e-08	9.84290537964e-10
4.38114131e-08	9.90165838211e-10
4.38527439255e-08	9.92188442517e-10
4.38940747511e-08	9.86462689312e-10
4.39354055766e-08	9.78881087299e-10
4.39767364021e-08	9.75754699262e-10
4.40180672276e-08	9.7561092538e-10
4.40593980531e-08	9.74545333321e-10
4.41007288786e-08	9.74115565988e-10
4.41420597042e-08	9.78264469431e-10
4.41833905297e-08	9.88896742271e-10
4.42247213552e-08	9.98113591777e-10
4.42660521807e-08	9.95249771485e-10
