% time-domain voltage integration by openEMS v0.0.36-15-g1ccf094 @Fri Aug 30 13:02:47 2024
% start-coordinates: (-0.0055,-0.001,0) m -> [20,21,16]
% stop-coordinates: (-0.0055,-0.001,0.001524) m -> [20,21,19]
% t/s	voltage
0	-0
4.13308255185e-11	2.54791763155e-06
8.26616510369e-11	9.5871105259e-06
1.23992476555e-10	3.15220631819e-05
1.65323302074e-10	9.04986773094e-05
2.06654127592e-10	0.000225019794016
2.47984953111e-10	0.000483882729895
2.89315778629e-10	0.000898340775166
3.30646604148e-10	0.00143352817395
3.71977429666e-10	0.00195559451822
4.13308255185e-10	0.00226420833496
4.54639080703e-10	0.0022050315165
4.95969906221e-10	0.00179626699537
5.3730073174e-10	0.00125915821991
5.78631557258e-10	0.000900314567843
6.19962382777e-10	0.000926211359911
6.61293208295e-10	0.00132755821687
7.02624033814e-10	0.0019112440641
7.43954859332e-10	0.00244070356712
7.85285684851e-10	0.00277459836798
8.26616510369e-10	0.00291584921069
8.67947335888e-10	0.00295419304166
9.09278161406e-10	0.00296632002573
9.50608986924e-10	0.00295375916176
9.91939812443e-10	0.00286292011151
1.03327063796e-09	0.00265290751122
1.07460146348e-09	0.00235456979135
1.115932289e-09	0.00206831668038
1.15726311452e-09	0.00191287387861
1.19859394004e-09	0.00195307121612
1.23992476555e-09	0.00215082999784
1.28125559107e-09	0.00237561028916
1.32258641659e-09	0.00247693696292
1.36391724211e-09	0.00237971084425
1.40524806763e-09	0.00213035312481
1.44657889315e-09	0.00185480370419
1.48790971866e-09	0.00166329881176
1.52924054418e-09	0.00158157391706
1.5705713697e-09	0.00156369240722
1.61190219522e-09	0.00156218308257
1.65323302074e-09	0.00157694856171
1.69456384626e-09	0.00163656123914
1.73589467178e-09	0.00173725298373
1.77722549729e-09	0.00181227101712
1.81855632281e-09	0.00177331798477
1.85988714833e-09	0.00158837222261
1.90121797385e-09	0.00132205133559
1.94254879937e-09	0.00109635994886
1.98387962489e-09	0.00100720737828
2.0252104504e-09	0.00106551471981
2.06654127592e-09	0.00120457389858
2.10787210144e-09	0.00133474575705
2.14920292696e-09	0.00139527939609
2.19053375248e-09	0.00137198425364
2.231864578e-09	0.00128420881811
2.27319540351e-09	0.00116017906112
2.31452622903e-09	0.0010249458428
2.35585705455e-09	0.000900500308489
2.39718788007e-09	0.000810357218143
2.43851870559e-09	0.000777178240241
2.47984953111e-09	0.000813692371594
2.52118035663e-09	0.000909575406695
2.56251118214e-09	0.00102448783582
2.60384200766e-09	0.00109778050683
2.64517283318e-09	0.00107794534415
2.6865036587e-09	0.000956063566264
2.72783448422e-09	0.000777559354901
2.76916530974e-09	0.000618619567831
2.81049613525e-09	0.00054048174934
2.85182696077e-09	0.000555926904781
2.89315778629e-09	0.0006311883335
2.93448861181e-09	0.000717017872375
2.97581943733e-09	0.000778503890615
3.01715026285e-09	0.000803968432592
3.05848108837e-09	0.000791942555225
3.09981191388e-09	0.000738944858313
3.1411427394e-09	0.000643915205728
3.18247356492e-09	0.000523513939697
3.22380439044e-09	0.000416788461735
3.26513521596e-09	0.00036830099998
3.30646604148e-09	0.000398917822167
3.34779686699e-09	0.000490318707307
3.38912769251e-09	0.000593940087128
3.43045851803e-09	0.000657938871882
3.47178934355e-09	0.000653305338346
3.51312016907e-09	0.000583953646128
3.55445099459e-09	0.000478731744806
3.59578182011e-09	0.000375052593881
3.63711264562e-09	0.000303206477838
3.67844347114e-09	0.00027856539964
3.71977429666e-09	0.000300605912344
3.76110512218e-09	0.000355976058927
3.8024359477e-09	0.000423132092692
3.84376677322e-09	0.000478262474644
3.88509759873e-09	0.000500392503454
3.92642842425e-09	0.000476524146507
3.96775924977e-09	0.000407370665926
4.00909007529e-09	0.000311433948809
4.05042090081e-09	0.000221942136704
4.09175172633e-09	0.000173377349711
4.13308255185e-09	0.00018392023776
4.17441337736e-09	0.000244515984377
4.21574420288e-09	0.000323565269355
4.2570750284e-09	0.000383552076528
4.29840585392e-09	0.000400112752686
4.33973667944e-09	0.000370881680283
4.38106750496e-09	0.000310362695018
4.42239833047e-09	0.000239207642153
4.46372915599e-09	0.000175882014446
4.50505998151e-09	0.000135308138852
4.54639080703e-09	0.000128571733512
4.58772163255e-09	0.000158909475431
4.62905245807e-09	0.000216500586248
4.67038328359e-09	0.000278227489616
4.7117141091e-09	0.00031651014433
4.75304493462e-09	0.000312450094498
4.79437576014e-09	0.000265626738837
4.83570658566e-09	0.000194143722183
4.87703741118e-09	0.000125196085719
4.9183682367e-09	8.26158920972e-05
4.95969906221e-09	7.8032437159e-05
5.00102988773e-09	0.000108621021354
5.04236071325e-09	0.00015991928376
5.08369153877e-09	0.000211302773096
5.12502236429e-09	0.000243201022386
5.16635318981e-09	0.000243993876211
5.20768401533e-09	0.000213458144572
5.24901484084e-09	0.000161957017554
5.29034566636e-09	0.000105965955299
5.33167649188e-09	6.27274421277e-05
5.3730073174e-09	4.57120095234e-05
5.41433814292e-09	6.03880671406e-05
5.45566896844e-09	0.000101402689324
5.49699979395e-09	0.000152775290189
5.53833061947e-09	0.000193030638911
5.57966144499e-09	0.000204204741749
5.62099227051e-09	0.000180841037945
5.66232309603e-09	0.000132717952511
5.70365392155e-09	7.9424766227e-05
5.74498474706e-09	4.0169422391e-05
5.78631557258e-09	2.58680547631e-05
5.8276463981e-09	3.76118423446e-05
5.86897722362e-09	6.88587642799e-05
5.91030804914e-09	0.000108575870399
5.95163887466e-09	0.000143269189721
5.99296970018e-09	0.000160009625688
6.03430052569e-09	0.000150886266056
6.07563135121e-09	0.000117416835565
6.11696217673e-09	7.1284472142e-05
6.15829300225e-09	2.98201439364e-05
6.19962382777e-09	8.2157127963e-06
6.24095465329e-09	1.28586466417e-05
6.2822854788e-09	3.9839843339e-05
6.32361630432e-09	7.76489796408e-05
6.36494712984e-09	0.000111921424832
6.40627795536e-09	0.000130014697788
6.44760878088e-09	0.000124935515487
6.4889396064e-09	9.82206620392e-05
6.53027043192e-09	5.97474809183e-05
6.57160125743e-09	2.36195983234e-05
6.61293208295e-09	2.27719181112e-06
6.65426290847e-09	1.80217580237e-06
6.69559373399e-09	2.04910543289e-05
6.73692455951e-09	5.06444666826e-05
6.77825538503e-09	8.15671719465e-05
6.81958621054e-09	0.000102411351691
6.86091703606e-09	0.000105162245745
6.90224786158e-09	8.74554734764e-05
6.9435786871e-09	5.48709776922e-05
6.98490951262e-09	1.9682040147e-05
7.02624033814e-09	-4.36914888269e-06
7.06757116366e-09	-8.67408516569e-06
7.10890198917e-09	6.57830923956e-06
7.15023281469e-09	3.36497068929e-05
7.19156364021e-09	6.16852194071e-05
7.23289446573e-09	8.10842666397e-05
7.27422529125e-09	8.56662263686e-05
7.31555611677e-09	7.39425540814e-05
7.35688694228e-09	4.9307844165e-05
7.3982177678e-09	1.98835855372e-05
7.43954859332e-09	-3.78350364372e-06
7.48087941884e-09	-1.28413789753e-05
7.52221024436e-09	-4.28863324942e-06
7.56354106988e-09	1.76521061803e-05
7.6048718954e-09	4.37884718849e-05
7.64620272091e-09	6.42757768219e-05
7.68753354643e-09	7.20910175005e-05
7.72886437195e-09	6.46951102681e-05
7.77019519747e-09	4.45670411864e-05
7.81152602299e-09	1.8557459498e-05
7.85285684851e-09	-3.96808434289e-06
7.89418767402e-09	-1.46371503433e-05
7.93551849954e-09	-9.8554367014e-06
7.97684932506e-09	7.6766989423e-06
8.01818015058e-09	3.04354607579e-05
8.0595109761e-09	4.96562752232e-05
8.10084180162e-09	5.88539078308e-05
8.14217262714e-09	5.5422038713e-05
8.18350345265e-09	4.06974422731e-05
8.22483427817e-09	1.9337089725e-05
8.26616510369e-09	-1.56707733368e-06
8.30749592921e-09	-1.44168934639e-05
8.34882675473e-09	-1.41000223266e-05
8.39015758025e-09	-8.71633687893e-07
8.43148840576e-09	1.95115926545e-05
8.47281923128e-09	3.860466677e-05
8.5141500568e-09	4.92054259666e-05
8.55548088232e-09	4.81186834804e-05
8.59681170784e-09	3.64524603356e-05
8.63814253336e-09	1.84896257451e-05
8.67947335888e-09	1.7316517642e-07
8.72080418439e-09	-1.23807258205e-05
8.76213500991e-09	-1.47509808812e-05
8.80346583543e-09	-5.89044384469e-06
8.84479666095e-09	1.06905570192e-05
8.88612748647e-09	2.83130530079e-05
8.92745831199e-09	4.00710905524e-05
8.9687891375e-09	4.18284917032e-05
9.01011996302e-09	3.35645854648e-05
9.05145078854e-09	1.85865706044e-05
9.09278161406e-09	2.03376441732e-06
9.13411243958e-09	-1.05570163669e-05
9.1754432651e-09	-1.48066633301e-05
9.21677409061e-09	-9.09636855795e-06
9.25810491613e-09	4.46762442152e-06
9.29943574165e-09	2.04556081371e-05
9.34076656717e-09	3.2494413972e-05
9.38209739269e-09	3.60786234523e-05
9.42342821821e-09	3.03847455143e-05
9.46475904373e-09	1.80890647243e-05
9.50608986924e-09	3.72836586848e-06
9.54742069476e-09	-8.00640304988e-06
9.58875152028e-09	-1.34012275339e-05
9.6300823458e-09	-1.05842432276e-05
9.67141317132e-09	-3.43074233911e-07
9.71274399684e-09	1.35703485284e-05
9.75407482235e-09	2.56652456301e-05
9.79540564787e-09	3.10938330585e-05
9.83673647339e-09	2.79807181869e-05
9.87806729891e-09	1.79546668733e-05
9.91939812443e-09	5.06648075316e-06
9.96072894995e-09	-6.08065079177e-06
1.00020597755e-08	-1.19637188618e-05
1.0043390601e-08	-1.08233728042e-05
1.00847214265e-08	-3.11553878873e-06
1.0126052252e-08	8.49032244332e-06
1.01673830775e-08	1.97054700948e-05
1.02087139031e-08	2.61404584307e-05
1.02500447286e-08	2.52644658758e-05
1.02913755541e-08	1.76918924808e-05
1.03327063796e-08	6.57018608763e-06
1.03740372051e-08	-3.90381433135e-06
1.04153680307e-08	-1.02467975012e-05
1.04566988562e-08	-1.06200168375e-05
1.04980296817e-08	-5.01813065057e-06
1.05393605072e-08	4.60003536773e-06
1.05806913327e-08	1.48265803546e-05
1.06220221582e-08	2.17827755478e-05
1.06633529838e-08	2.26928127631e-05
1.07046838093e-08	1.72303339241e-05
1.07460146348e-08	7.72810199123e-06
1.07873454603e-08	-2.02702847218e-06
1.08286762858e-08	-8.52018661135e-06
1.08700071114e-08	-9.83785207609e-06
1.09113379369e-08	-5.89459068578e-06
1.09526687624e-08	1.84722364338e-06
1.09939995879e-08	1.07769624265e-05
1.10353304134e-08	1.77123865797e-05
1.10766612389e-08	1.99649703063e-05
1.11179920645e-08	1.65586538969e-05
1.115932289e-08	8.84433984538e-06
1.12006537155e-08	-7.62526610742e-08
1.1241984541e-08	-6.78755100125e-06
1.12833153665e-08	-9.03903401195e-06
1.13246461921e-08	-6.38081291982e-06
1.13659770176e-08	-3.75746935788e-08
1.14073078431e-08	7.73614260652e-06
1.14486386686e-08	1.43107454278e-05
1.14899694941e-08	1.72998643393e-05
1.15313003196e-08	1.55072930283e-05
1.15726311452e-08	9.50903563535e-06
1.16139619707e-08	1.66370966781e-06
1.16552927962e-08	-4.94163407438e-06
1.16966236217e-08	-7.91603270045e-06
1.17379544472e-08	-6.46645435154e-06
1.17792852728e-08	-1.41281466881e-06
1.18206160983e-08	5.31215755473e-06
1.18619469238e-08	1.14271028906e-05
1.19032777493e-08	1.4849256786e-05
1.19446085748e-08	1.42949888868e-05
1.19859394004e-08	9.87283669929e-06
1.20272702259e-08	3.16862417549e-06
1.20686010514e-08	-3.1785423289e-06
1.21099318769e-08	-6.72212559039e-06
1.21512627024e-08	-6.28130896985e-06
1.21925935279e-08	-2.32083823448e-06
1.22339243535e-08	3.49108540831e-06
1.2275255179e-08	9.08946367417e-06
1.23165860045e-08	1.26376062326e-05
1.235791683e-08	1.29380091494e-05
1.23992476555e-08	9.8255713965e-06
1.24405784811e-08	4.3479035412e-06
1.24819093066e-08	-1.45484625591e-06
1.25232401321e-08	-5.33762465693e-06
1.25645709576e-08	-5.85173688705e-06
1.26059017831e-08	-2.96956864076e-06
1.26472326086e-08	2.0128294409e-06
1.26885634342e-08	7.17927969163e-06
1.27298942597e-08	1.07619739538e-05
1.27712250852e-08	1.16328296826e-05
1.28125559107e-08	9.53777112045e-06
1.28538867362e-08	5.1497476079e-06
1.28952175618e-08	7.26380022797e-09
1.29365483873e-08	-3.93309903757e-06
1.29778792128e-08	-5.16467525813e-06
1.30192100383e-08	-3.26634437897e-06
1.30605408638e-08	8.60920636114e-07
1.31018716893e-08	5.5545115174e-06
1.31432025149e-08	9.11856591301e-06
1.31845333404e-08	1.04084019767e-05
1.32258641659e-08	9.09522850634e-06
1.32671949914e-08	5.65086997995e-06
1.33085258169e-08	1.23153702702e-06
1.33498566425e-08	-2.57478336607e-06
1.3391187468e-08	-4.31742569162e-06
1.34325182935e-08	-3.31589251346e-06
1.3473849119e-08	-1.51886609956e-08
1.35151799445e-08	4.1887677753e-06
1.35565107701e-08	7.69668940848e-06
1.35978415956e-08	9.30249711928e-06
1.36391724211e-08	8.58783664626e-06
1.36805032466e-08	5.89821138419e-06
1.37218340721e-08	2.15300303807e-06
1.37631648976e-08	-1.35456488692e-06
1.38044957232e-08	-3.36080461238e-06
1.38458265487e-08	-3.08564813167e-06
1.38871573742e-08	-6.22067659606e-07
1.39284881997e-08	3.0244723348e-06
1.39698190252e-08	6.41009660285e-06
1.40111498508e-08	8.28112570161e-06
1.40524806763e-08	8.07368837741e-06
1.40938115018e-08	6.00645012128e-06
1.41351423273e-08	2.84847760668e-06
1.41764731528e-08	-3.25312498717e-07
1.42178039783e-08	-2.42792452809e-06
1.42591348039e-08	-2.68142946425e-06
1.43004656294e-08	-9.48344535345e-07
1.43417964549e-08	2.10288874314e-06
1.43831272804e-08	5.25859752543e-06
1.44244581059e-08	7.30817532713e-06
1.44657889315e-08	7.54285360927e-06
1.4507119757e-08	6.0186898736e-06
1.45484505825e-08	3.36166897341e-06
1.4589781408e-08	5.20937746273e-07
1.46311122335e-08	-1.55584916683e-06
1.46724430591e-08	-2.16248531615e-06
1.47137738846e-08	-1.04755136476e-06
1.47551047101e-08	1.39936304322e-06
1.47964355356e-08	4.24822735567e-06
1.48377663611e-08	6.38239521322e-06
1.48790971866e-08	7.0004709869e-06
1.49204280122e-08	5.96015433985e-06
1.49617588377e-08	3.75167735456e-06
1.50030896632e-08	1.20790573988e-06
1.50444204887e-08	-7.93717617853e-07
1.50857513142e-08	-1.61428170031e-06
1.51270821398e-08	-9.69118218563e-07
1.51684129653e-08	9.32449808033e-07
1.52097437908e-08	3.40171629887e-06
1.52510746163e-08	5.50604352156e-06
1.52924054418e-08	6.41975202598e-06
1.53337362673e-08	5.83195992476e-06
1.53750670929e-08	4.04664308462e-06
1.54163979184e-08	1.78579500698e-06
1.54577287439e-08	-1.28002469069e-07
1.54990595694e-08	-1.08416762146e-06
1.55403903949e-08	-7.91916960452e-07
1.55817212205e-08	6.49843428846e-07
1.5623052046e-08	2.74004162293e-06
1.56643828715e-08	4.71729435958e-06
1.5705713697e-08	5.81843505643e-06
1.57470445225e-08	5.62326874842e-06
1.5788375348e-08	4.25195207754e-06
1.58297061736e-08	2.27680186526e-06
1.58710369991e-08	4.52496323078e-07
1.59123678246e-08	-5.92627628748e-07
1.59536986501e-08	-5.56708044996e-07
1.59950294756e-08	5.15501710652e-07
1.60363603012e-08	2.24267739668e-06
1.60776911267e-08	4.03215756251e-06
1.61190219522e-08	5.22253719737e-06
1.61603527777e-08	5.34647415407e-06
1.62016836032e-08	4.36491461642e-06
1.62430144288e-08	2.6822633572e-06
1.62843452543e-08	9.76845512923e-07
1.63256760798e-08	-1.34545253161e-07
1.63670069053e-08	-3.05912621457e-07
1.64083377308e-08	4.6854518132e-07
1.64496685563e-08	1.89194327049e-06
1.64909993819e-08	3.47405034518e-06
1.65323302074e-08	4.66489802875e-06
1.65736610329e-08	5.01272711517e-06
1.66149918584e-08	4.37882329152e-06
1.66563226839e-08	3.00624219562e-06
1.66976535095e-08	1.44495737686e-06
1.6738984335e-08	3.00687439392e-07
1.67803151605e-08	-4.46992558523e-08
1.6821645986e-08	4.80066262298e-07
1.68629768115e-08	1.64366235822e-06
1.6904307637e-08	3.02873070268e-06
1.69456384626e-08	4.17211197146e-06
1.69869692881e-08	4.65980178888e-06
1.70283001136e-08	4.30616432823e-06
1.70696309391e-08	3.23583037698e-06
1.71109617646e-08	1.85781448181e-06
1.71522925902e-08	7.13712296374e-07
1.71936234157e-08	2.2366842245e-07
1.72349542412e-08	5.31300841544e-07
1.72762850667e-08	1.47238847603e-06
1.73176158922e-08	2.68190558472e-06
1.73589467178e-08	3.74609783194e-06
1.74002775433e-08	4.31245825894e-06
1.74416083688e-08	4.17595390445e-06
1.74829391943e-08	3.3749117847e-06
1.75242700198e-08	2.19633955112e-06
1.75656008453e-08	1.10154169874e-06
1.76069316709e-08	5.07856142917e-07
1.76482624964e-08	6.18103939587e-07
1.76895933219e-08	1.3517864943e-06
1.77309241474e-08	2.40149051933e-06
1.77722549729e-08	3.39413406891e-06
1.78135857985e-08	3.99407497298e-06
1.7854916624e-08	4.00919827825e-06
1.78962474495e-08	3.43286160387e-06
1.7937578275e-08	2.45937997079e-06
1.79789091005e-08	1.45229120108e-06
1.8020239926e-08	7.97513280304e-07
1.80615707516e-08	7.38933067623e-07
1.81029015771e-08	1.27909731873e-06
1.81442324026e-08	2.17684748804e-06
1.81855632281e-08	3.09219342398e-06
1.82268940536e-08	3.71083001482e-06
1.82682248792e-08	3.8324506022e-06
1.83095557047e-08	3.43290025739e-06
1.83508865302e-08	2.64742686795e-06
1.83922173557e-08	1.75226659849e-06
1.84335481812e-08	1.08312795533e-06
1.84748790067e-08	8.90782558827e-07
1.85162098323e-08	1.24928504874e-06
1.85575406578e-08	1.99882174456e-06
1.85988714833e-08	2.83499343823e-06
1.86402023088e-08	3.45562000348e-06
1.86815331343e-08	3.65778373634e-06
1.87228639599e-08	3.39863220233e-06
1.87641947854e-08	2.77258482129e-06
1.88055256109e-08	1.99567591608e-06
1.88468564364e-08	1.34528124818e-06
1.88881872619e-08	1.06679581791e-06
1.89295180875e-08	1.26691614355e-06
1.8970848913e-08	1.86262263924e-06
1.90121797385e-08	2.60995022927e-06
1.9053510564e-08	3.2252114579e-06
1.90948413895e-08	3.49310107595e-06
1.9136172215e-08	3.34394997026e-06
1.91775030406e-08	2.84956718133e-06
1.92188338661e-08	2.18348657199e-06
1.92601646916e-08	1.57961687819e-06
1.93014955171e-08	1.24888290998e-06
1.93428263426e-08	1.32184339918e-06
1.93841571682e-08	1.77196614004e-06
1.94254879937e-08	2.42002124651e-06
1.94668188192e-08	3.01448596929e-06
1.95081496447e-08	3.33258333285e-06
1.95494804702e-08	3.27770862896e-06
1.95908112957e-08	2.89492265892e-06
1.96321421213e-08	2.32743752804e-06
1.96734729468e-08	1.77592642103e-06
1.97148037723e-08	1.4263287369e-06
1.97561345978e-08	1.40318186936e-06
1.97974654233e-08	1.72425552591e-06
1.98387962489e-08	2.26796737479e-06
1.98801270744e-08	2.82254018202e-06
1.99214578999e-08	3.17519982218e-06
1.99627887254e-08	3.20212961924e-06
2.00041195509e-08	2.91781418582e-06
2.00454503764e-08	2.43881106599e-06
2.0086781202e-08	1.93772586954e-06
2.01281120275e-08	1.58628296276e-06
2.0169442853e-08	1.49972538566e-06
2.02107736785e-08	1.71494571077e-06
2.0252104504e-08	2.1537231305e-06
2.02934353296e-08	2.65327935267e-06
2.03347661551e-08	3.02039586586e-06
2.03760969806e-08	3.11858570967e-06
2.04174278061e-08	2.92343281671e-06
2.04587586316e-08	2.52340021234e-06
2.05000894572e-08	2.07189088997e-06
2.05414202827e-08	1.72730915438e-06
2.05827511082e-08	1.60043941833e-06
2.06240819337e-08	1.73125727088e-06
2.06654127592e-08	2.07596553992e-06
2.07067435847e-08	2.51110009231e-06
2.07480744103e-08	2.87532179755e-06
2.07894052358e-08	3.02497858229e-06
2.08307360613e-08	2.91139497222e-06
2.08720668868e-08	2.58751549609e-06
2.09133977123e-08	2.18477384806e-06
2.09547285379e-08	1.85197791325e-06
2.09960593634e-08	1.69599138644e-06
2.10373901889e-08	1.76336845925e-06
2.10787210144e-08	2.02918204195e-06
2.11200518399e-08	2.39960104409e-06
2.11613826654e-08	2.74245371656e-06
2.1202713491e-08	2.9258945915e-06
2.12440443165e-08	2.88195496978e-06
2.1285375142e-08	2.63330900907e-06
2.13267059675e-08	2.28070859976e-06
2.1368036793e-08	1.96117127871e-06
2.14093676186e-08	1.78514301297e-06
2.14506984441e-08	1.80414508577e-06
2.14920292696e-08	2.00535657768e-06
2.15333600951e-08	2.31554690799e-06
2.15746909206e-08	2.62683340679e-06
2.16160217462e-08	2.82711346244e-06
2.16573525717e-08	2.8384675943e-06
2.16986833972e-08	2.65970595592e-06
2.17400142227e-08	2.35974482621e-06
2.17813450482e-08	2.05915171136e-06
2.18226758737e-08	1.86856584605e-06
2.18640066993e-08	1.84908037681e-06
2.19053375248e-08	1.99671114842e-06
2.19466683503e-08	2.25343364946e-06
2.19879991758e-08	2.53151813467e-06
2.20293300013e-08	2.733913675e-06
2.20706608269e-08	2.78627703665e-06
2.21119916524e-08	2.66665335857e-06
2.21533224779e-08	2.42108399107e-06
2.21946533034e-08	2.14651856822e-06
2.22359841289e-08	1.9493813852e-06
2.22773149544e-08	1.89547722584e-06
2.231864578e-08	1.99697797143e-06
2.23599766055e-08	2.20885044655e-06
2.2401307431e-08	2.45529474796e-06
2.24426382565e-08	2.65137384758e-06
2.2483969082e-08	2.72798286005e-06
2.25252999076e-08	2.6581712973e-06
2.25666307331e-08	2.46555316608e-06
2.26079615586e-08	2.22287633278e-06
2.26492923841e-08	2.02482476652e-06
2.26906232096e-08	1.94391373043e-06
2.27319540351e-08	2.00532042527e-06
2.27732848607e-08	2.17742081077e-06
2.28146156862e-08	2.39358314502e-06
2.28559465117e-08	2.57931367287e-06
2.28972773372e-08	2.67109385277e-06
2.29386081627e-08	2.63889012331e-06
2.29799389883e-08	2.49301911026e-06
2.30212698138e-08	2.28550061365e-06
2.30626006393e-08	2.09488871405e-06
2.31039314648e-08	1.99497014819e-06
2.31452622903e-08	2.02017247375e-06
2.31865931159e-08	2.15562158701e-06
2.32279239414e-08	2.34357116824e-06
2.32692547669e-08	2.51730557466e-06
2.33105855924e-08	2.61807315383e-06
2.33519164179e-08	2.61392301582e-06
2.33932472434e-08	2.50659297762e-06
2.3434578069e-08	2.33295986618e-06
2.34759088945e-08	2.15792385916e-06
2.351723972e-08	2.0471377411e-06
2.35585705455e-08	2.04235470846e-06
2.3599901371e-08	2.1411567559e-06
2.36412321966e-08	2.30263674439e-06
2.36825630221e-08	2.46460706421e-06
2.37238938476e-08	2.57045826402e-06
2.37652246731e-08	2.58566126377e-06
2.38065554986e-08	2.50924199463e-06
2.38478863241e-08	2.36824018884e-06
2.38892171497e-08	2.21211735152e-06
2.39305479752e-08	2.0975883217e-06
2.39718788007e-08	2.0687569986e-06
2.40132096262e-08	2.13612429434e-06
2.40545404517e-08	2.27033774536e-06
2.40958712773e-08	2.41862653638e-06
2.41372021028e-08	2.52630843534e-06
2.41785329283e-08	2.55737245425e-06
2.42198637538e-08	2.50611014962e-06
2.42611945793e-08	2.39236464949e-06
2.43025254049e-08	2.25569135637e-06
2.43438562304e-08	2.14432702705e-06
2.43851870559e-08	2.09915879168e-06
2.44265178814e-08	2.13878468003e-06
2.44678487069e-08	2.24616701416e-06
2.45091795324e-08	2.37865492636e-06
2.4550510358e-08	2.48541675774e-06
2.45918411835e-08	2.529703238e-06
2.4633172009e-08	2.49903655458e-06
2.46745028345e-08	2.40841768573e-06
2.471583366e-08	2.2896720111e-06
2.47571644856e-08	2.18505726934e-06
2.47984953111e-08	2.13123905723e-06
2.48398261366e-08	2.14818737732e-06
2.48811569621e-08	2.22979167575e-06
2.49224877876e-08	2.34427795931e-06
2.49638186131e-08	2.44841612584e-06
2.50051494387e-08	2.50242192124e-06
2.50464802642e-08	2.48922970059e-06
2.50878110897e-08	2.41771908804e-06
2.51291419152e-08	2.31665842421e-06
2.51704727407e-08	2.22029063934e-06
2.52118035663e-08	2.16172259115e-06
2.52531343918e-08	2.16169075884e-06
2.52944652173e-08	2.22093058255e-06
2.53357960428e-08	2.31754847846e-06
2.53771268683e-08	2.41463146722e-06
2.54184576938e-08	2.47477214543e-06
2.54597885194e-08	2.47691855293e-06
2.55011193449e-08	2.42373334913e-06
2.55424501704e-08	2.33749369727e-06
2.55837809959e-08	2.24955590511e-06
2.56251118214e-08	2.18945911001e-06
2.5666442647e-08	2.17774561406e-06
2.57077734725e-08	2.21872721795e-06
2.5749104298e-08	2.29745035085e-06
2.57904351235e-08	2.384768095e-06
2.5831765949e-08	2.44767534241e-06
2.58730967746e-08	2.46261447501e-06
2.59144276001e-08	2.42624582825e-06
2.59557584256e-08	2.35378615798e-06
2.59970892511e-08	2.27380837714e-06
2.60384200766e-08	2.21408288326e-06
2.60797509021e-08	2.19480284613e-06
2.61210817277e-08	2.22103949454e-06
2.61624125532e-08	2.28331941798e-06
2.62037433787e-08	2.35955587868e-06
2.62450742042e-08	2.42224473368e-06
2.62864050297e-08	2.44704153829e-06
2.63277358553e-08	2.4246845669e-06
2.63690666808e-08	2.36598054926e-06
2.64103975063e-08	2.29436386689e-06
2.64517283318e-08	2.23656070375e-06
2.64930591573e-08	2.21111338305e-06
2.65343899828e-08	2.22574124109e-06
2.65757208084e-08	2.27419877774e-06
2.66170516339e-08	2.34011531575e-06
2.66583824594e-08	2.39923247136e-06
2.66997132849e-08	2.42984685883e-06
2.67410441104e-08	2.42008127316e-06
2.6782374936e-08	2.37458323227e-06
2.68237057615e-08	2.31220042224e-06
2.6865036587e-08	2.25633095852e-06
2.69063674125e-08	2.22647997816e-06
2.6947698238e-08	2.23196423121e-06
2.69890290635e-08	2.26942734116e-06
2.70303598891e-08	2.32519971632e-06
2.70716907146e-08	2.37925110014e-06
2.71130215401e-08	2.41249244937e-06
2.71543523656e-08	2.41294401349e-06
2.71956831911e-08	2.37999017827e-06
2.72370140167e-08	2.3267589313e-06
2.72783448422e-08	2.27382508911e-06
2.73196756677e-08	2.24112773139e-06
2.73610064932e-08	2.23939730404e-06
2.74023373187e-08	2.26743452458e-06
2.74436681443e-08	2.31366414027e-06
2.74849989698e-08	2.36240441609e-06
2.75263297953e-08	2.39655867063e-06
2.75676606208e-08	2.40430847498e-06
2.76089914463e-08	2.38177074152e-06
2.76503222718e-08	2.33775494962e-06
2.76916530974e-08	2.28953592796e-06
2.77329839229e-08	2.25548660637e-06
2.77743147484e-08	2.2475227297e-06
2.78156455739e-08	2.26665019909e-06
2.78569763994e-08	2.3052969027e-06
2.7898307225e-08	2.34875449223e-06
2.79396380505e-08	2.382385901e-06
2.7980968876e-08	2.39456437612e-06
2.80222997015e-08	2.38071595504e-06
2.8063630527e-08	2.34567676216e-06
2.81049613525e-08	2.30325667872e-06
2.81462921781e-08	2.26907127399e-06
2.81876230036e-08	2.25586427405e-06
2.82289538291e-08	2.26756287702e-06
2.82702846546e-08	2.29905162996e-06
2.83116154801e-08	2.33793150528e-06
2.83529463057e-08	2.36984180901e-06
2.83942771312e-08	2.38474865455e-06
2.84356079567e-08	2.37769938849e-06
2.84769387822e-08	2.35106926993e-06
2.85182696077e-08	2.31450655974e-06
2.85596004333e-08	2.28138924285e-06
2.86009312588e-08	2.26459826536e-06
2.86422620843e-08	2.27019268095e-06
2.86835929098e-08	2.29483066505e-06
2.87249237353e-08	2.32867955674e-06
2.87662545608e-08	2.35882941979e-06
2.88075853864e-08	2.37573794948e-06
2.88489162119e-08	2.37387632751e-06
2.88902470374e-08	2.3538862024e-06
2.89315778629e-08	2.32287663948e-06
2.89729086884e-08	2.29249940276e-06
2.9014239514e-08	2.2738502139e-06
2.90555703395e-08	2.2738821599e-06
2.9096901165e-08	2.29202021274e-06
2.91382319905e-08	2.32105458053e-06
2.9179562816e-08	2.34949084188e-06
2.92208936415e-08	2.36739685988e-06
2.92622244671e-08	2.36941298226e-06
2.93035552926e-08	2.35469508425e-06
2.93448861181e-08	2.32928186961e-06
2.93862169436e-08	2.3019629225e-06
2.94275477691e-08	2.28277986025e-06
2.94688785947e-08	2.27842849654e-06
2.95102094202e-08	2.29075931202e-06
2.95515402457e-08	2.31500109749e-06
2.95928710712e-08	2.34135745814e-06
2.96342018967e-08	2.35976153817e-06
2.96755327222e-08	2.36445896462e-06
2.97168635478e-08	2.35444599639e-06
2.97581943733e-08	2.33389232562e-06
2.97995251988e-08	2.30989246575e-06
2.98408560243e-08	2.29060685797e-06
2.98821868498e-08	2.28356441312e-06
2.99235176754e-08	2.29117586059e-06
2.99648485009e-08	2.31064404943e-06
3.00061793264e-08	2.3340920734e-06
3.00475101519e-08	2.35239269841e-06
3.00888409774e-08	2.35968502693e-06
3.0130171803e-08	2.35376535329e-06
3.01715026285e-08	2.33697278418e-06
3.0212833454e-08	2.31590308886e-06
3.02541642795e-08	2.29770637361e-06
3.0295495105e-08	2.28911801514e-06
3.03368259305e-08	2.29274917274e-06
3.03781567561e-08	2.30753562391e-06
3.04194875816e-08	2.32788056564e-06
3.04608184071e-08	2.34587412251e-06
3.05021492326e-08	2.3549918069e-06
3.05434800581e-08	2.35222148603e-06
3.05848108837e-08	2.33895991641e-06
3.06261417092e-08	2.3206998776e-06
3.06674725347e-08	2.30397233736e-06
3.07088033602e-08	2.2943430622e-06
3.07501341857e-08	2.29506144933e-06
3.07914650112e-08	2.30566217851e-06
3.08327958368e-08	2.32300021707e-06
3.08741266623e-08	2.34000538057e-06
3.09154574878e-08	2.35026936934e-06
3.09567883133e-08	2.35002437421e-06
3.09981191388e-08	2.34008609823e-06
3.10394499644e-08	2.3247490617e-06
3.10807807899e-08	2.30926082168e-06
3.11221116154e-08	2.29901343118e-06
3.11634424409e-08	2.29754186876e-06
3.12047732664e-08	2.30516764077e-06
3.1246104092e-08	2.3194638743e-06
3.12874349175e-08	2.33476691847e-06
3.1328765743e-08	2.345275675e-06
3.13700965685e-08	2.3475887474e-06
3.1411427394e-08	2.3407609433e-06
3.14527582195e-08	2.32784111631e-06
3.14940890451e-08	2.31356295899e-06
3.15354198706e-08	2.30318983085e-06
3.15767506961e-08	2.30041155191e-06
3.16180815216e-08	2.30552450375e-06
3.16594123471e-08	2.31677006468e-06
3.17007431727e-08	2.33026207752e-06
3.17420739982e-08	2.34083540818e-06
3.17834048237e-08	2.34493143125e-06
3.18247356492e-08	2.3406762466e-06
3.18660664747e-08	2.33007062889e-06
3.19073973002e-08	2.31730064115e-06
3.19487281258e-08	2.30711316362e-06
3.19900589513e-08	2.30325599659e-06
3.20313897768e-08	2.30627597375e-06
3.20727206023e-08	2.31496539982e-06
3.21140514278e-08	2.32664888244e-06
3.21553822534e-08	2.33699893215e-06
3.21967130789e-08	2.34200877003e-06
3.22380439044e-08	2.33988953369e-06
3.22793747299e-08	2.33157493312e-06
3.23207055554e-08	2.32060961025e-06
3.23620363809e-08	2.31074682233e-06
3.24033672065e-08	2.30584237215e-06
3.2444698032e-08	2.30712521443e-06
3.24860288575e-08	2.31396336403e-06
3.2527359683e-08	2.3240658038e-06
3.25686905085e-08	2.33346088407e-06
3.26100213341e-08	2.33898299484e-06
3.26513521596e-08	2.33863147514e-06
3.26926829851e-08	2.33263642713e-06
3.27340138106e-08	2.32327795402e-06
3.27753446361e-08	2.31387741678e-06
3.28166754617e-08	2.30827311043e-06
3.28580062872e-08	2.30837827075e-06
3.28993371127e-08	2.31349929436e-06
3.29406679382e-08	2.32191621308e-06
3.29819987637e-08	2.33042771924e-06
3.30233295892e-08	2.33619562096e-06
3.30646604148e-08	2.33722641951e-06
3.31059912403e-08	2.33301568642e-06
3.31473220658e-08	2.32524098465e-06
3.31886528913e-08	2.31667536355e-06
3.32299837168e-08	2.31072363022e-06
3.32713145424e-08	2.30979026128e-06
3.33126453679e-08	2.3133426339e-06
3.33539761934e-08	2.3202196644e-06
3.33953070189e-08	2.32797481203e-06
3.34366378444e-08	2.3337828452e-06
3.34779686699e-08	2.33567493524e-06
3.35192994955e-08	2.33284072237e-06
3.3560630321e-08	2.32663091992e-06
3.36019611465e-08	2.3191693117e-06
3.3643291972e-08	2.31324816014e-06
3.36846227975e-08	2.31114336202e-06
3.37259536231e-08	2.31338890444e-06
3.37672844486e-08	2.31905721648e-06
3.38086152741e-08	2.32606146255e-06
3.38499460996e-08	2.33158596075e-06
3.38912769251e-08	2.33397076954e-06
3.39326077506e-08	2.33239006775e-06
3.39739385762e-08	2.32761829011e-06
3.40152694017e-08	2.32122999932e-06
3.40566002272e-08	2.31536239426e-06
3.40979310527e-08	2.31260401051e-06
3.41392618782e-08	2.31380136029e-06
3.41805927038e-08	2.31828346386e-06
3.42219235293e-08	2.32433774272e-06
3.42632543548e-08	2.32957438584e-06
3.43045851803e-08	2.33238847613e-06
3.43459160058e-08	2.33183720866e-06
3.43872468314e-08	2.32816034895e-06
3.44285776569e-08	2.32272145695e-06
3.44699084824e-08	2.31726232869e-06
3.45112393079e-08	2.31415810958e-06
3.45525701334e-08	2.31446824728e-06
3.45939009589e-08	2.3177476578e-06
3.46352317845e-08	2.32285640323e-06
3.467656261e-08	2.32783963838e-06
3.47178934355e-08	2.33098182889e-06
3.4759224261e-08	2.3311864652e-06
3.48005550865e-08	2.32829142988e-06
3.48418859121e-08	2.3237557798e-06
3.48832167376e-08	2.31902231462e-06
3.49245475631e-08	2.31576427723e-06
3.49658783886e-08	2.31520004945e-06
3.50072092141e-08	2.31740057188e-06
3.50485400396e-08	2.32176944337e-06
3.50898708652e-08	2.32643265008e-06
3.51312016907e-08	2.32965624036e-06
3.51725325162e-08	2.33031869357e-06
3.52138633417e-08	2.32830132063e-06
3.52551941672e-08	2.32464083183e-06
3.52965249928e-08	2.32049023907e-06
3.53378558183e-08	2.31711874221e-06
3.53791866438e-08	2.31600063216e-06
3.54205174693e-08	2.3174660555e-06
3.54618482948e-08	2.32100899211e-06
3.55031791204e-08	2.32516595133e-06
3.55445099459e-08	2.32828438129e-06
3.55858407714e-08	2.32946899814e-06
3.56271715969e-08	2.32823890656e-06
3.56685024224e-08	2.32526929267e-06
3.57098332479e-08	2.3215610554e-06
3.57511640735e-08	2.3182986979e-06
3.5792494899e-08	2.31688989061e-06
3.58338257245e-08	2.31773844916e-06
3.587515655e-08	2.32046818383e-06
3.59164873755e-08	2.32400225286e-06
3.59578182011e-08	2.32701415825e-06
3.59991490266e-08	2.32868262628e-06
3.60404798521e-08	2.32810236866e-06
3.60818106776e-08	2.32558443258e-06
3.61231415031e-08	2.3223332164e-06
3.61644723286e-08	2.31941703532e-06
3.62058031542e-08	2.31783883464e-06
3.62471339797e-08	2.31809360685e-06
3.62884648052e-08	2.32003833389e-06
3.63297956307e-08	2.32309059811e-06
3.63711264562e-08	2.32602747019e-06
3.64124572818e-08	2.32783816045e-06
3.64537881073e-08	2.32772913478e-06
3.64951189328e-08	2.32576769577e-06
3.65364497583e-08	2.32308059367e-06
3.65777805838e-08	2.32039360526e-06
3.66191114093e-08	2.31865135447e-06
3.66604422349e-08	2.31844933296e-06
3.67017730604e-08	2.31989611166e-06
3.67431038859e-08	2.32248555676e-06
3.67844347114e-08	2.32514594245e-06
3.68257655369e-08	2.32695015256e-06
3.68670963625e-08	2.32728564242e-06
3.6908427188e-08	2.32593777127e-06
3.69497580135e-08	2.32366869568e-06
3.6991088839e-08	2.3212026008e-06
3.70324196645e-08	2.31936348882e-06
3.70737504901e-08	2.31890101077e-06
3.71150813156e-08	2.31993010402e-06
3.71564121411e-08	2.32205218254e-06
3.71977429666e-08	2.32432353187e-06
3.72390737921e-08	2.32609443174e-06
3.72804046176e-08	2.32683782997e-06
3.73217354432e-08	2.32600416439e-06
3.73630662687e-08	2.32404386225e-06
3.74043970942e-08	2.32180855164e-06
3.74457279197e-08	2.32003628753e-06
3.74870587452e-08	2.31941976381e-06
3.75283895708e-08	2.32000820688e-06
3.75697203963e-08	2.32164541103e-06
3.76110512218e-08	2.32366915043e-06
3.76523820473e-08	2.32542925005e-06
3.76937128728e-08	2.32631998642e-06
3.77350436983e-08	2.32585364301e-06
3.77763745239e-08	2.32429613334e-06
3.78177053494e-08	2.32239392517e-06
3.78590361749e-08	2.32069430695e-06
3.79003670004e-08	2.31985347909e-06
3.79416978259e-08	2.32011495882e-06
3.79830286515e-08	2.32139132095e-06
3.8024359477e-08	2.32323566252e-06
3.80656903025e-08	2.32481590956e-06
3.8107021128e-08	2.32575939663e-06
3.81483519535e-08	2.32564116232e-06
3.81896827791e-08	2.32450224757e-06
3.82310136046e-08	2.32287095514e-06
3.82723444301e-08	2.32125853472e-06
3.83136752556e-08	2.32026604863e-06
3.83550060811e-08	2.32029731251e-06
3.83963369066e-08	2.32131458233e-06
3.84376677322e-08	2.32286629398e-06
3.84789985577e-08	2.32427555602e-06
3.85203293832e-08	2.32523484556e-06
3.85616602087e-08	2.32543243328e-06
3.86029910342e-08	2.32463992234e-06
3.86443218598e-08	2.32321986005e-06
3.86856526853e-08	2.32170100389e-06
3.87269835108e-08	2.32071897699e-06
3.87683143363e-08	2.32058630445e-06
3.88096451618e-08	2.3212518272e-06
3.88509759873e-08	2.3224972665e-06
3.88923068129e-08	2.32383740695e-06
3.89336376384e-08	2.32483500895e-06
3.89749684639e-08	2.32516936194e-06
3.90162992894e-08	2.32458512528e-06
3.90576301149e-08	2.32343779771e-06
3.90989609405e-08	2.32213062645e-06
3.9140291766e-08	2.32115803556e-06
3.91816225915e-08	2.32082618368e-06
3.9222953417e-08	2.32118213717e-06
3.92642842425e-08	2.32223499097e-06
3.9305615068e-08	2.32350896567e-06
3.93469458936e-08	2.32446086557e-06
3.93882767191e-08	2.32483012041e-06
3.94296075446e-08	2.32449826854e-06
3.94709383701e-08	2.32360753216e-06
3.95122691956e-08	2.3225231871e-06
3.95536000212e-08	2.32152149238e-06
3.95949308467e-08	2.32104332554e-06
3.96362616722e-08	2.32122340549e-06
3.96775924977e-08	2.32209981732e-06
3.97189233232e-08	2.32322872762e-06
3.97602541488e-08	2.32408581269e-06
3.98015849743e-08	2.32450611293e-06
3.98429157998e-08	2.32441038861e-06
3.98842466253e-08	2.32377874454e-06
3.99255774508e-08	2.3227848942e-06
3.99669082763e-08	2.32180082094e-06
4.00082391019e-08	2.32130241784e-06
4.00495699274e-08	2.32139825584e-06
4.00909007529e-08	2.32199681705e-06
4.01322315784e-08	2.32292723013e-06
4.01735624039e-08	2.32376578424e-06
4.02148932295e-08	2.32429181324e-06
4.0256224055e-08	2.32432591929e-06
4.02975548805e-08	2.32382376453e-06
4.0338885706e-08	2.32294883062e-06
4.03802165315e-08	2.32209117712e-06
4.0421547357e-08	2.32160221003e-06
4.04628781826e-08	2.32155173308e-06
4.05042090081e-08	2.32190143379e-06
4.05455398336e-08	2.32268428135e-06
4.05868706591e-08	2.32351544582e-06
4.06282014846e-08	2.32407285239e-06
4.06695323102e-08	2.32416596191e-06
4.07108631357e-08	2.32377681186e-06
4.07521939612e-08	2.32309525927e-06
4.07935247867e-08	2.32235015574e-06
4.08348556122e-08	2.32183606386e-06
4.08761864377e-08	2.32164541103e-06
4.09175172633e-08	2.32186459925e-06
4.09588480888e-08	2.32251989019e-06
4.10001789143e-08	2.32331763073e-06
4.10415097398e-08	2.32382171816e-06
4.10828405653e-08	2.32396905631e-06
4.11241713909e-08	2.32374941334e-06
4.11655022164e-08	2.32324578064e-06
4.12068330419e-08	2.32255820265e-06
4.12481638674e-08	2.32198851791e-06
4.12894946929e-08	2.32178808801e-06
4.13308255185e-08	2.32193406191e-06
4.1372156344e-08	2.32242678067e-06
4.14134871695e-08	2.32308173054e-06
4.1454817995e-08	2.32359536767e-06
4.14961488205e-08	2.32383308685e-06
4.1537479646e-08	2.32374077314e-06
4.15788104716e-08	2.32331376537e-06
4.16201412971e-08	2.32269690059e-06
4.16614721226e-08	2.3221673473e-06
4.17028029481e-08	2.32195645822e-06
4.17441337736e-08	2.32200989103e-06
4.17854645992e-08	2.32235026942e-06
4.18267954247e-08	2.32289903579e-06
4.18681262502e-08	2.32342426898e-06
4.19094570757e-08	2.32371075981e-06
4.19507879012e-08	2.32367767694e-06
4.19921187267e-08	2.3233377533e-06
4.20334495523e-08	2.32283275636e-06
4.20747803778e-08	2.32235368003e-06
4.21161112033e-08	2.32208651596e-06
4.21574420288e-08	2.32206662076e-06
4.21987728543e-08	2.32228990171e-06
4.22401036799e-08	2.32277795931e-06
4.22814345054e-08	2.32326567584e-06
4.23227653309e-08	2.32355046137e-06
4.23640961564e-08	2.32355750995e-06
4.24054269819e-08	2.3233463935e-06
4.24467578075e-08	2.32294678426e-06
4.2488088633e-08	2.32248191878e-06
4.25294194585e-08	2.32215927554e-06
4.2570750284e-08	2.32211925777e-06
4.26120811095e-08	2.32230763686e-06
4.2653411935e-08	2.322680416e-06
4.26947427606e-08	2.32308582326e-06
4.27360735861e-08	2.3233843649e-06
4.27774044116e-08	2.32349339058e-06
4.28187352371e-08	2.32335230521e-06
4.28600660626e-08	2.32301374581e-06
4.29013968882e-08	2.3225793484e-06
4.29427277137e-08	2.32227762353e-06
4.29840585392e-08	2.32220736507e-06
4.30253893647e-08	2.32233014685e-06
4.30667201902e-08	2.32259458244e-06
4.31080510157e-08	2.32295440128e-06
4.31493818413e-08	2.32327806771e-06
4.31907126668e-08	2.32342824802e-06
4.32320434923e-08	2.32331740335e-06
4.32733743178e-08	2.32303978009e-06
4.33147051433e-08	2.32269201206e-06
4.33560359689e-08	2.32240972764e-06
4.33973667944e-08	2.32228603636e-06
4.34386976199e-08	2.32233242059e-06
4.34800284454e-08	2.32253694321e-06
4.35213592709e-08	2.3228756163e-06
4.35626900964e-08	2.32319405313e-06
4.3604020922e-08	2.32332956784e-06
4.36453517475e-08	2.3232582862e-06
4.3686682573e-08	2.32306604175e-06
4.37280133985e-08	2.32281138324e-06
4.3769344224e-08	2.32250692989e-06
4.38106750496e-08	2.32232116559e-06
4.38520058751e-08	2.32233173847e-06
4.38933367006e-08	2.3225387622e-06
4.39346675261e-08	2.32280876844e-06
4.39759983516e-08	2.32305569625e-06
4.40173291772e-08	2.32320792293e-06
4.40586600027e-08	2.32321360727e-06
4.40999908282e-08	2.32308320847e-06
4.41413216537e-08	2.32285412949e-06
4.41826524792e-08	2.32256218169e-06
4.42239833047e-08	2.32236050124e-06
4.42653141303e-08	2.32237505315e-06
