% time-domain voltage integration by openEMS v0.0.36-16-g7d7688a @Sat Dec  7 21:37:03 2024
% start-coordinates: (0.000166667,0.03,0.0015) m -> [40,40,26]
% stop-coordinates: (0.000166667,0.0305,0.0015) m -> [40,43,26]
% t/s	voltage
0	-0
3.55771537707e-11	-2.35997724474e-07
7.11543075414e-11	-2.83729107764e-07
1.06731461312e-10	-1.58858732391e-07
1.42308615083e-10	2.15096719103e-07
1.77885768854e-10	8.87291207619e-07
2.13462922624e-10	1.72153715994e-06
2.49040076395e-10	2.36917600205e-06
2.84617230166e-10	2.14229839912e-06
3.20194383936e-10	3.09731269965e-07
3.55771537707e-10	-3.57589124178e-06
3.91348691478e-10	-9.03151885723e-06
4.26925845249e-10	-1.41979062391e-05
4.62502999019e-10	-1.57869244504e-05
4.9808015279e-10	-9.93254411696e-06
5.33657306561e-10	5.96174618295e-06
5.69234460331e-10	3.07459840769e-05
6.04811614102e-10	5.75824669795e-05
6.40388767873e-10	7.39528313716e-05
6.75965921644e-10	6.49110934319e-05
7.11543075414e-10	1.9613504719e-05
7.47120229185e-10	-6.06837365922e-05
7.82697382956e-10	-0.000156839501869
8.18274536726e-10	-0.000232508289628
8.53851690497e-10	-0.000244013426709
8.89428844268e-10	-0.000158248869411
9.25005998039e-10	2.7240936106e-05
9.60583151809e-10	0.000271492906904
9.9616030558e-10	0.000493663363159
1.03173745935e-09	0.000596582947765
1.06731461312e-09	0.000504995055962
1.10289176689e-09	0.000204236996069
1.13846892066e-09	-0.000238807238929
1.17404607443e-09	-0.000686355837388
1.2096232282e-09	-0.000973572372459
1.24520038197e-09	-0.000971706584096
1.28077753575e-09	-0.000645190710202
1.31635468952e-09	-7.66267712606e-05
1.35193184329e-09	0.000554907877813
1.38750899706e-09	0.00103693263372
1.42308615083e-09	0.0012036950211
1.4586633046e-09	0.00100008354639
1.49424045837e-09	0.000502068345668
1.52981761214e-09	-0.00011490792167
1.56539476591e-09	-0.000645437219646
1.60097191968e-09	-0.000931425165618
1.63654907345e-09	-0.000915036420338
1.67212622722e-09	-0.000647750130156
1.70770338099e-09	-0.000256299128523
1.74328053476e-09	0.000115435526823
1.77885768854e-09	0.000361622136552
1.81443484231e-09	0.000444691933808
1.85001199608e-09	0.000392602581996
1.88558914985e-09	0.000270649223239
1.92116630362e-09	0.000144998510223
1.95674345739e-09	5.54206089873e-05
1.99232061116e-09	7.08398511051e-06
2.02789776493e-09	-1.9354176402e-05
2.0634749187e-09	-4.83421827084e-05
2.09905207247e-09	-9.21502614801e-05
2.13462922624e-09	-0.000143848988955
2.17020638001e-09	-0.000182229996426
2.20578353378e-09	-0.000184371179785
2.24136068755e-09	-0.000138642681122
2.27693784133e-09	-5.17955122632e-05
2.3125149951e-09	5.26342682861e-05
2.34809214887e-09	0.000143208042573
2.38366930264e-09	0.000192430306925
2.41924645641e-09	0.000186557073903
2.45482361018e-09	0.00012978677114
2.49040076395e-09	4.18394138251e-05
2.52597791772e-09	-4.9524816859e-05
2.56155507149e-09	-0.000117921554192
2.59713222526e-09	-0.00014631592785
2.63270937903e-09	-0.000131148641231
2.6682865328e-09	-8.18259395601e-05
2.70386368657e-09	-1.63599979714e-05
2.73944084034e-09	4.49650051451e-05
2.77501799412e-09	8.57041450217e-05
2.81059514789e-09	9.73887217697e-05
2.84617230166e-09	8.07898413768e-05
2.88174945543e-09	4.43463222837e-05
2.9173266092e-09	7.98225968879e-07
2.95290376297e-09	-3.68865503333e-05
2.98848091674e-09	-5.92416818108e-05
3.02405807051e-09	-6.2306988184e-05
3.05963522428e-09	-4.7913104936e-05
3.09521237805e-09	-2.23823544729e-05
3.13078953182e-09	5.80899677516e-06
3.16636668559e-09	2.85938349407e-05
3.20194383936e-09	4.04634638471e-05
3.23752099313e-09	3.96165860366e-05
3.27309814691e-09	2.79664282061e-05
3.30867530068e-09	1.01400221411e-05
3.34425245445e-09	-8.14392069515e-06
3.37982960822e-09	-2.17902702389e-05
3.41540676199e-09	-2.76402852251e-05
3.45098391576e-09	-2.5101960091e-05
3.48656106953e-09	-1.59764317686e-05
3.5221382233e-09	-3.64612083104e-06
3.55771537707e-09	8.06865227787e-06
3.59329253084e-09	1.60217505254e-05
3.62886968461e-09	1.85244202839e-05
3.66444683838e-09	1.56101564244e-05
3.70002399215e-09	8.80011975823e-06
3.73560114592e-09	4.8014676679e-07
3.7711782997e-09	-6.87106012265e-06
3.80675545347e-09	-1.13724620405e-05
3.84233260724e-09	-1.21745279102e-05
3.87790976101e-09	-9.55178347795e-06
3.91348691478e-09	-4.67446363928e-06
3.94906406855e-09	8.28244026252e-07
3.98464122232e-09	5.37861194516e-06
4.02021837609e-09	7.86632404015e-06
4.05579552986e-09	7.89138903201e-06
4.09137268363e-09	5.7736783674e-06
4.1269498374e-09	2.37324024965e-06
4.16252699117e-09	-1.21616568549e-06
4.19810414494e-09	-3.99722807742e-06
4.23368129871e-09	-5.32574279077e-06
4.26925845249e-09	-5.03536364249e-06
4.30483560626e-09	-3.42428586464e-06
4.34041276003e-09	-1.106000866e-06
4.3759899138e-09	1.19490033512e-06
4.41156706757e-09	2.85797045763e-06
4.44714422134e-09	3.52069059772e-06
4.48272137511e-09	3.14065289331e-06
4.51829852888e-09	1.96370262984e-06
4.55387568265e-09	4.19526472228e-07
4.58945283642e-09	-1.023185348e-06
4.62502999019e-09	-1.98742912971e-06
4.66060714396e-09	-2.27743095138e-06
