% time-domain current integration by openEMS v0.0.36-16-g7d7688a @Sat Dec  7 21:37:03 2024
% start-coordinates: (-0.000333333,0.0301667,0.00133333) m -> [38,41,25]
% stop-coordinates: (0.001,0.0301667,0.0015) m -> [42,41,26]
% t/s	current
7.47419196864e-14	0
3.56518956904e-11	-1.79418246926e-09
7.12290494611e-11	-2.56510990226e-09
1.06806203232e-10	-2.79050005325e-09
1.42383357003e-10	-8.24880830308e-10
1.77960510773e-10	4.40042224881e-09
2.13537664544e-10	1.30472379567e-08
2.49114818315e-10	2.26526886138e-08
2.84691972085e-10	2.8433117194e-08
3.20269125856e-10	2.24783214264e-08
3.55846279627e-10	-2.87664447818e-09
3.91423433398e-10	-5.10605318027e-08
4.27000587168e-10	-1.14277419527e-07
4.62577740939e-10	-1.69377642578e-07
4.9815489471e-10	-1.79072898732e-07
5.3373204848e-10	-1.02512210276e-07
5.69309202251e-10	8.43926670768e-08
6.04886356022e-10	3.6367868006e-07
6.40463509793e-10	6.57076043353e-07
6.76040663563e-10	8.29757425436e-07
7.11617817334e-10	7.26252324057e-07
7.47194971105e-10	2.38214099113e-07
7.82772124875e-10	-6.16224156147e-07
8.18349278646e-10	-1.63807192166e-06
8.53926432417e-10	-2.45743876803e-06
8.89503586188e-10	-2.63350898422e-06
9.25080739958e-10	-1.82983262675e-06
9.60657893729e-10	-8.87652262804e-09
9.962350475e-10	2.44363855018e-06
1.03181220127e-09	4.74959551866e-06
1.06738935504e-09	5.95859319219e-06
1.10296650881e-09	5.3104968174e-06
1.13854366258e-09	2.60842011812e-06
1.17412081635e-09	-1.56688838615e-06
1.20969797012e-09	-5.9356921156e-06
1.24527512389e-09	-8.91558738658e-06
1.28085227767e-09	-9.2177751867e-06
1.31642943144e-09	-6.41128644929e-06
1.35200658521e-09	-1.20352115118e-06
1.38758373898e-09	4.72095916848e-06
1.42316089275e-09	9.28145982471e-06
1.45873804652e-09	1.07917066998e-05
1.49431520029e-09	8.63983314048e-06
1.52989235406e-09	3.5659909372e-06
1.56546950783e-09	-2.59445096162e-06
1.6010466616e-09	-7.60923012422e-06
1.63662381537e-09	-9.70702149061e-06
1.67220096914e-09	-8.24476592243e-06
1.70777812291e-09	-3.9187702896e-06
1.74335527668e-09	1.55142333824e-06
1.77893243046e-09	6.11824907537e-06
1.81450958423e-09	8.18740318209e-06
1.850086738e-09	7.17600960343e-06
1.88566389177e-09	3.65077244169e-06
1.92124104554e-09	-9.6993551324e-07
1.95681819931e-09	-4.99712177771e-06
1.99239535308e-09	-7.0912819865e-06
2.02797250685e-09	-6.6928942033e-06
2.06354966062e-09	-4.13263114751e-06
2.09912681439e-09	-4.24116961995e-07
2.13470396816e-09	3.14753401653e-06
2.17028112193e-09	5.47406853002e-06
2.2058582757e-09	5.95642495682e-06
2.24143542947e-09	4.63085416413e-06
2.27701258325e-09	2.07942775887e-06
2.31258973702e-09	-8.14958639239e-07
2.34816689079e-09	-3.17109811476e-06
2.38374404456e-09	-4.37036760559e-06
2.41932119833e-09	-4.20457899963e-06
2.4548983521e-09	-2.88394176096e-06
2.49047550587e-09	-9.22449203244e-07
2.52605265964e-09	1.04888408714e-06
2.56162981341e-09	2.4774983558e-06
2.59720696718e-09	3.0359055927e-06
2.63278412095e-09	2.68418830274e-06
2.66836127472e-09	1.64228879385e-06
2.70393842849e-09	2.92468030239e-07
2.73951558226e-09	-9.50476646722e-07
2.77509273604e-09	-1.7592834638e-06
2.81066988981e-09	-1.97266285795e-06
2.84624704358e-09	-1.61610194027e-06
2.88182419735e-09	-8.68127756348e-07
2.91740135112e-09	1.1775681763e-08
2.95297850489e-09	7.64552567034e-07
2.98855565866e-09	1.20253639579e-06
3.02413281243e-09	1.25015367303e-06
3.0597099662e-09	9.48388048982e-07
3.09528711997e-09	4.27480216558e-07
3.13086427374e-09	-1.40710994856e-07
3.16644142751e-09	-5.94441132762e-07
3.20201858128e-09	-8.24912660846e-07
3.23759573505e-09	-7.98657708856e-07
3.27317288883e-09	-5.56810903163e-07
3.3087500426e-09	-1.94298820588e-07
3.34432719637e-09	1.73236301748e-07
3.37990435014e-09	4.43895402213e-07
3.41548150391e-09	5.55663120849e-07
3.45105865768e-09	4.98553731632e-07
3.48663581145e-09	3.10478043275e-07
3.52221296522e-09	6.05162711054e-08
3.55779011899e-09	-1.74276493681e-07
3.59336727276e-09	-3.31214778271e-07
3.62894442653e-09	-3.7744950987e-07
3.6645215803e-09	-3.14942695923e-07
3.70009873407e-09	-1.7531380081e-07
3.73567588784e-09	-7.13444325839e-09
3.77125304162e-09	1.39774229524e-07
3.80683019539e-09	2.28055839102e-07
3.84240734916e-09	2.41429290782e-07
3.87798450293e-09	1.86216340126e-07
3.9135616567e-09	8.65995559707e-08
3.94913881047e-09	-2.43790374554e-08
3.98471596424e-09	-1.15060622363e-07
4.02029311801e-09	-1.63487058558e-07
4.05587027178e-09	-1.62160119999e-07
4.09144742555e-09	-1.1802613642e-07
4.12702457932e-09	-4.87761795398e-08
4.16260173309e-09	2.34598278581e-08
4.19817888686e-09	7.87303164884e-08
4.23375604063e-09	1.0433320341e-07
4.26933319441e-09	9.7296734225e-08
4.30491034818e-09	6.39475743469e-08
4.34048750195e-09	1.68454370453e-08
4.37606465572e-09	-2.93620274761e-08
4.41164180949e-09	-6.23051334969e-08
4.44721896326e-09	-7.48760200509e-08
4.48279611703e-09	-6.64678765361e-08
4.5183732708e-09	-4.22310257875e-08
4.55395042457e-09	-1.0941548112e-08
4.58952757834e-09	1.7976175215e-08
4.62510473211e-09	3.70036588038e-08
4.66068188588e-09	4.23357846557e-08
