% time-domain current integration by openEMS v0.0.36-16-g7d7688a @Sat Jan  4 10:28:59 2025
% start-coordinates: (-0.00168846,-0.0210568,-2.6092e-05) m -> [37,47,22]
% stop-coordinates: (0.000603382,-0.0210568,2.2079e-05) m -> [40,47,23]
% t/s	current
3.34007932083e-14	0
1.07049542233e-10	1.38110012315e-09
2.14065683672e-10	2.08746264718e-09
3.21081825112e-10	1.80526471549e-09
4.28097966551e-10	-1.42468759012e-10
5.35114107991e-10	-3.78358944175e-09
6.4213024943e-10	-9.04249652933e-09
7.4914639087e-10	-1.37858027216e-08
8.5616253231e-10	-1.40048754815e-08
9.63178673749e-10	-5.51182699482e-09
1.07019481519e-09	1.39596769699e-08
1.17721095663e-09	4.20221191177e-08
1.28422709807e-09	6.90325308028e-08
1.39124323951e-09	7.82459324e-08
1.49825938095e-09	5.01999508629e-08
1.60527552239e-09	-2.68209454646e-08
1.71229166383e-09	-1.44725476048e-07
1.81930780527e-09	-2.66402878424e-07
1.9263239467e-09	-3.29300746671e-07
2.03334008814e-09	-2.63350358409e-07
2.14035622958e-09	-2.62730637246e-08
2.24737237102e-09	3.58924381771e-07
2.35438851246e-09	7.80337018114e-07
2.4614046539e-09	1.05019944385e-06
2.56842079534e-09	9.65619619819e-07
2.67543693678e-09	4.03880562772e-07
2.78245307822e-09	-5.80876019285e-07
2.88946921966e-09	-1.71185001818e-06
2.9964853611e-09	-2.5382619242e-06
3.10350150254e-09	-2.58788395513e-06
3.21051764398e-09	-1.58287025442e-06
3.31753378542e-09	3.70190150534e-07
3.42454992686e-09	2.7180244615e-06
3.5315660683e-09	4.5923138714e-06
3.63858220974e-09	5.12211636305e-06
3.74559835118e-09	3.81804647986e-06
3.85261449262e-09	8.61442913447e-07
3.95963063406e-09	-2.85770920527e-06
4.0666467755e-09	-6.01504552833e-06
4.17366291694e-09	-7.35853063816e-06
4.28067905837e-09	-6.24308131592e-06
4.38769519981e-09	-2.94950723401e-06
4.49471134125e-09	1.37942083711e-06
4.60172748269e-09	5.1844895097e-06
4.70874362413e-09	7.13330291546e-06
4.81575976557e-09	6.67100539431e-06
4.92277590701e-09	4.22051334681e-06
5.02979204845e-09	9.37140953283e-07
5.13680818989e-09	-1.86089346244e-06
5.24382433133e-09	-3.3022952266e-06
5.35084047277e-09	-3.30975490215e-06
5.45785661421e-09	-2.51779715654e-06
5.56487275565e-09	-1.82050382591e-06
5.67188889709e-09	-1.80462291155e-06
5.77890503853e-09	-2.38512166106e-06
5.88592117997e-09	-2.85069177153e-06
5.99293732141e-09	-2.30238515542e-06
6.09995346285e-09	-2.47422661914e-07
6.20696960429e-09	2.98525560538e-06
6.31398574573e-09	6.25846223556e-06
6.42100188717e-09	8.09694847703e-06
6.52801802861e-09	7.39699498808e-06
6.63503417004e-09	4.01996840083e-06
6.74205031148e-09	-1.03999548173e-06
6.84906645292e-09	-6.01768215347e-06
6.95608259436e-09	-9.10859398573e-06
7.0630987358e-09	-9.22893468669e-06
7.17011487724e-09	-6.45053796688e-06
7.27713101868e-09	-1.92084075934e-06
7.38414716012e-09	2.67161681222e-06
7.49116330156e-09	5.81631002206e-06
7.598179443e-09	6.7482110353e-06
7.70519558444e-09	5.62759305467e-06
7.81221172588e-09	3.30177886099e-06
7.91922786732e-09	8.17707018541e-07
8.02624400876e-09	-1.05055880795e-06
8.1332601502e-09	-2.0416573534e-06
8.24027629164e-09	-2.34507501773e-06
8.34729243308e-09	-2.33177570408e-06
8.45430857452e-09	-2.26307906814e-06
8.56132471596e-09	-2.14444708035e-06
8.6683408574e-09	-1.78423192665e-06
8.77535699884e-09	-9.92016794044e-07
8.88237314027e-09	2.2352195117e-07
8.98938928171e-09	1.58444254339e-06
9.09640542315e-09	2.64425261776e-06
9.20342156459e-09	3.00053761748e-06
9.31043770603e-09	2.49858408097e-06
9.41745384747e-09	1.31452395635e-06
9.52446998891e-09	-1.23441651567e-07
9.63148613035e-09	-1.32854461299e-06
9.73850227179e-09	-1.96282030629e-06
9.84551841323e-09	-1.952312914e-06
9.95253455467e-09	-1.46854529248e-06
1.00595506961e-08	-8.02680006018e-07
1.01665668375e-08	-2.09675732776e-07
1.0273582979e-08	1.92869023863e-07
1.03805991204e-08	4.31735600159e-07
1.04876152619e-08	6.03272155786e-07
1.05946314033e-08	7.74968327732e-07
1.07016475447e-08	9.27285839225e-07
1.08086636862e-08	9.65845401879e-07
1.09156798276e-08	7.90641820458e-07
1.10226959691e-08	3.75393625518e-07
1.11297121105e-08	-1.9287347186e-07
1.12367282519e-08	-7.38985647786e-07
1.13437443934e-08	-1.07594189558e-06
1.14507605348e-08	-1.09134271042e-06
1.15577766763e-08	-7.97256745955e-07
1.16647928177e-08	-3.19350931477e-07
1.17718089591e-08	1.64769645039e-07
1.18788251006e-08	5.05104310378e-07
1.1985841242e-08	6.3489102331e-07
1.20928573835e-08	5.80192249799e-07
1.21998735249e-08	4.24831227974e-07
1.23068896663e-08	2.55903245261e-07
1.24139058078e-08	1.21472353953e-07
1.25209219492e-08	2.01585717008e-08
1.26279380907e-08	-7.72812782657e-08
1.27349542321e-08	-1.92796846932e-07
1.28419703735e-08	-3.16210531537e-07
1.2948986515e-08	-4.05074445098e-07
1.30560026564e-08	-4.08762360848e-07
1.31630187979e-08	-3.00766174632e-07
1.32700349393e-08	-9.96788784846e-08
1.33770510807e-08	1.33667754199e-07
1.34840672222e-08	3.21760239785e-07
