% time-domain voltage integration by openEMS v0.0.36-16-g7d7688a @Sat Jan  4 10:28:59 2025
% start-coordinates: (0,-0.0218571,2.2079e-05) m -> [39,44,23]
% stop-coordinates: (0,-0.0201207,2.2079e-05) m -> [39,50,23]
% t/s	voltage
0	-0
1.0701614144e-10	1.92040099378e-07
2.14032282879e-10	2.87567194945e-07
3.21048424319e-10	3.02278170494e-07
4.28064565758e-10	1.26446056292e-07
5.35080707198e-10	-3.42457278535e-07
6.42096848637e-10	-1.05649498749e-06
7.49112990077e-10	-1.79590162475e-06
8.56129131516e-10	-2.12139462974e-06
9.63145272956e-10	-1.43503570627e-06
1.0701614144e-09	7.53542551024e-07
1.17717755583e-09	4.39502517224e-06
1.28419369727e-09	8.50904297067e-06
1.39120983871e-09	1.10575499548e-05
1.49822598015e-09	9.40446909681e-06
1.60524212159e-09	1.40862881892e-06
1.71225826303e-09	-1.29698727847e-05
1.81927440447e-09	-3.02743023894e-05
1.92629054591e-09	-4.32106126027e-05
2.03330668735e-09	-4.24080217272e-05
2.14032282879e-09	-2.02509222618e-05
2.24733897023e-09	2.40276582417e-05
2.35435511167e-09	8.03637080935e-05
2.46137125311e-09	0.000127641804283
2.56838739455e-09	0.000139145692629
2.67540353599e-09	9.34622521527e-05
2.78241967743e-09	-1.26999059376e-05
2.88943581887e-09	-0.00015560015072
2.99645196031e-09	-0.000285570851702
3.10346810175e-09	-0.000341260680216
3.21048424319e-09	-0.000274316655123
3.31750038463e-09	-7.57026691645e-05
3.42451652607e-09	0.000208728373764
3.5315326675e-09	0.000483946918393
3.63854880894e-09	0.000635491516732
3.74556495038e-09	0.000575072896027
3.85258109182e-09	0.000284242622001
3.95959723326e-09	-0.000164298936397
4.0666133747e-09	-0.000621573708486
4.17362951614e-09	-0.000912661183975
4.28064565758e-09	-0.000905394794245
4.38766179902e-09	-0.000569634012209
4.49467794046e-09	-2.87252078124e-07
4.6016940819e-09	0.000609392533079
4.70871022334e-09	0.0010370289674
4.81572636478e-09	0.0011167164339
4.92274250622e-09	0.000806336509413
5.02975864766e-09	0.000208218191801
5.1367747891e-09	-0.000466532284918
5.24379093054e-09	-0.000976629198703
5.35080707198e-09	-0.00114116406621
5.45782321342e-09	-0.0009065662598
5.56483935486e-09	-0.000364401403203
5.6718554963e-09	0.000285632482701
5.77887163774e-09	0.000811755406176
5.88588777917e-09	0.00103517243406
5.99290392061e-09	0.000892147530976
6.09992006205e-09	0.000451273994258
6.20693620349e-09	-0.000118035649393
6.31395234493e-09	-0.000611659601418
6.42096848637e-09	-0.000865394573339
6.52798462781e-09	-0.000810431349237
6.63500076925e-09	-0.000490667865961
6.74201691069e-09	-3.80706906071e-05
6.84903305213e-09	0.00038190241321
6.95604919357e-09	0.000632347873761
7.06306533501e-09	0.000650667272566
7.17008147645e-09	0.000462233059807
7.27709761789e-09	0.000159896642799
7.38411375933e-09	-0.000139119053529
7.49112990077e-09	-0.000339487771271
7.59814604221e-09	-0.000398557949666
7.70516218365e-09	-0.000331553790602
7.81217832509e-09	-0.000193125819351
7.91919446653e-09	-4.6997326308e-05
8.02621060797e-09	6.1161535541e-05
8.1332267494e-09	0.000116410663395
8.24024289084e-09	0.000130124038151
8.34725903228e-09	0.000124408168631
8.45427517372e-09	0.000115672784887
8.56129131516e-09	0.000106237285763
8.6683074566e-09	8.70488152032e-05
8.77532359804e-09	4.79919576719e-05
8.88233973948e-09	-1.15632866482e-05
8.98935588092e-09	-7.86596892794e-05
9.09637202236e-09	-0.000131440905534
9.2033881638e-09	-0.000149734537445
9.31040430524e-09	-0.000125412042507
9.41742044668e-09	-6.68206498631e-05
9.52443658812e-09	4.92027947985e-06
9.63145272956e-09	6.55781163914e-05
9.738468871e-09	9.79414508038e-05
9.84548501244e-09	9.80068416538e-05
9.95250115388e-09	7.41561398172e-05
1.00595172953e-08	4.0907055336e-05
1.01665334368e-08	1.11051332965e-05
1.02735495782e-08	-9.21461622738e-06
1.03805657196e-08	-2.12756555129e-05
1.04875818611e-08	-2.9876923918e-05
1.05945980025e-08	-3.84592276532e-05
1.0701614144e-08	-4.61369950244e-05
1.08086302854e-08	-4.82364894197e-05
1.09156464268e-08	-3.97204976252e-05
1.10226625683e-08	-1.91729492371e-05
1.11296787097e-08	9.16587856636e-06
1.12366948512e-08	3.6592094375e-05
1.13437109926e-08	5.37223570518e-05
1.1450727134e-08	5.48287046058e-05
1.15577432755e-08	4.03865331009e-05
1.16647594169e-08	1.65900057709e-05
1.17717755583e-08	-7.69267018086e-06
1.18787916998e-08	-2.49002747523e-05
1.19858078412e-08	-3.15996155678e-05
1.20928239827e-08	-2.90130190024e-05
1.21998401241e-08	-2.13002406326e-05
1.23068562655e-08	-1.2837354916e-05
1.2413872407e-08	-6.07664793506e-06
1.25208885484e-08	-9.91535621608e-07
1.26279046899e-08	3.86968963539e-06
1.27349208313e-08	9.62728535114e-06
1.28419369727e-08	1.58083732913e-05
1.29489531142e-08	2.03134009098e-05
1.30559692556e-08	2.06026685419e-05
1.31629853971e-08	1.53131926481e-05
1.32700015385e-08	5.32686760835e-06
1.33770176799e-08	-6.34673443756e-06
1.34840338214e-08	-1.58313831662e-05
