% time-domain current integration by openEMS v0.0.36-16-g7d7688a @Tue Dec 31 16:10:42 2024
% start-coordinates: (-0.00166667,-0.0213333,-1.16e-05) m -> [23,33,11]
% stop-coordinates: (0.001,-0.0213333,3.48e-05) m -> [28,33,15]
% t/s	current
5.83280113252e-15	0
1.07026067981e-10	7.32305371898e-09
2.1404630316e-10	1.05646265069e-08
3.2106653834e-10	8.59974047529e-09
4.28086773519e-10	-1.34986755107e-09
5.35107008699e-10	-2.08160138016e-08
6.42127243878e-10	-4.71758525578e-08
7.49147479058e-10	-7.02516445017e-08
8.56167714237e-10	-7.08112537495e-08
9.63187949417e-10	-2.5085084232e-08
1.0702081846e-09	7.70589565491e-08
1.17722841978e-09	2.21690726221e-07
1.28424865496e-09	3.57601209089e-07
1.39126889013e-09	3.96431858007e-07
1.49828912531e-09	2.43236826236e-07
1.60530936049e-09	-1.59996588422e-07
1.71232959567e-09	-7.65871163821e-07
1.81934983085e-09	-1.38106906888e-06
1.92637006603e-09	-1.68196015693e-06
2.03339030121e-09	-1.3136761936e-06
2.14041053639e-09	-6.95754209801e-08
2.24743077157e-09	1.91673780137e-06
2.35445100675e-09	4.05854871133e-06
2.46147124193e-09	5.3918474805e-06
2.56849147711e-09	4.88767591378e-06
2.67551171229e-09	1.94383005692e-06
2.78253194747e-09	-3.13296482091e-06
2.88955218265e-09	-8.90686533239e-06
2.99657241783e-09	-1.30754715428e-05
3.10359265301e-09	-1.32525719891e-05
3.21061288819e-09	-8.05365198175e-06
3.31763312337e-09	1.95968596017e-06
3.42465335855e-09	1.39845433296e-05
3.53167359372e-09	2.36461273744e-05
3.6386938289e-09	2.65504713752e-05
3.74571406408e-09	2.01808634301e-05
3.85273429926e-09	5.31912473889e-06
3.95975453444e-09	-1.37494998853e-05
4.06677476962e-09	-3.05274625134e-05
4.1737950048e-09	-3.8702331949e-05
4.28081523998e-09	-3.46919841832e-05
4.38783547516e-09	-1.92221450561e-05
4.49485571034e-09	2.81461439045e-06
4.60187594552e-09	2.42071346293e-05
4.7088961807e-09	3.81878417102e-05
4.81591641588e-09	4.08936502936e-05
4.92293665106e-09	3.24829052261e-05
5.02995688624e-09	1.65402816492e-05
5.13697712142e-09	-1.76493949766e-06
5.2439973566e-09	-1.7761673007e-05
5.35101759178e-09	-2.86077593046e-05
5.45803782696e-09	-3.34206270054e-05
5.56505806214e-09	-3.24861357512e-05
5.67207829731e-09	-2.63174988504e-05
5.77909853249e-09	-1.53024611791e-05
5.88611876767e-09	-1.71073821775e-07
5.99313900285e-09	1.71399460669e-05
6.10015923803e-09	3.30234543071e-05
6.20717947321e-09	4.27815757575e-05
6.31419970839e-09	4.22714547312e-05
6.42121994357e-09	2.99252478726e-05
6.52824017875e-09	8.07528340374e-06
6.63526041393e-09	-1.72672407643e-05
6.74228064911e-09	-3.83076985599e-05
6.84930088429e-09	-4.83162984892e-05
6.95632111947e-09	-4.41933116235e-05
7.06334135465e-09	-2.76152277365e-05
7.17036158983e-09	-4.28353087045e-06
7.27738182501e-09	1.83293886948e-05
7.38440206019e-09	3.37102101184e-05
7.49142229537e-09	3.83699079975e-05
7.59844253055e-09	3.25261389662e-05
7.70546276573e-09	1.93744981516e-05
7.81248300091e-09	3.5058035337e-06
7.91950323608e-09	-1.0744721294e-05
8.02652347126e-09	-2.04029838642e-05
8.13354370644e-09	-2.42081714532e-05
8.24056394162e-09	-2.23800361709e-05
8.3475841768e-09	-1.61409152497e-05
8.45460441198e-09	-7.27015640223e-06
8.56162464716e-09	2.22157905228e-06
8.66864488234e-09	1.03613883766e-05
8.77566511752e-09	1.55179786816e-05
8.8826853527e-09	1.67407324625e-05
8.98970558788e-09	1.40203219416e-05
9.09672582306e-09	8.32041496324e-06
9.20374605824e-09	1.3065720168e-06
9.31076629342e-09	-5.15997771799e-06
9.4177865286e-09	-9.57456177275e-06
9.52480676378e-09	-1.11755352918e-05
9.63182699896e-09	-1.00362212834e-05
9.73884723414e-09	-6.88678846927e-06
9.84586746932e-09	-2.76844934888e-06
9.9528877045e-09	1.29685975025e-06
1.00599079397e-08	4.51915548183e-06
1.01669281749e-08	6.41784254185e-06
1.027394841e-08	6.80756056681e-06
1.03809686452e-08	5.7685374486e-06
1.04879888804e-08	3.61695560969e-06
1.05950091156e-08	8.68940446708e-07
1.07020293508e-08	-1.83963254585e-06
1.08090495859e-08	-3.88520902561e-06
1.09160698211e-08	-4.82107043354e-06
1.10230900563e-08	-4.50543848274e-06
1.11301102915e-08	-3.13916143568e-06
1.12371305266e-08	-1.18704394936e-06
1.13441507618e-08	7.8748598753e-07
1.1451170997e-08	2.29785109696e-06
1.15581912322e-08	3.05968887915e-06
1.16652114674e-08	3.0252497254e-06
1.17722317025e-08	2.33843093156e-06
1.18792519377e-08	1.25053054489e-06
1.19862721729e-08	3.78757007979e-08
1.20932924081e-08	-1.05209335288e-06
1.22003126433e-08	-1.82675660199e-06
1.23073328784e-08	-2.16155490307e-06
1.24143531136e-08	-2.01336979444e-06
1.25213733488e-08	-1.43307045164e-06
1.2628393584e-08	-5.65970083244e-07
1.27354138192e-08	3.75154314725e-07
1.28424340543e-08	1.16273997719e-06
