% time-domain voltage integration by openEMS v0.0.36-16-g7d7688a @Mon Jan  6 19:16:50 2025
% start-coordinates: (0.000603382,0.000200316,2.2079e-05) m -> [42,68,23]
% stop-coordinates: (0.000603382,0.00216797,2.2079e-05) m -> [42,74,23]
% t/s	voltage
0	-0
1.06987049672e-10	2.08317375794e-07
2.13974099344e-10	2.74741429607e-07
3.20961149015e-10	2.30328538464e-07
4.27948198687e-10	-4.80425939031e-08
5.34935248359e-10	-5.78292180364e-07
6.41922298031e-10	-1.28153421031e-06
7.48909347703e-10	-1.85705913225e-06
8.55896397374e-10	-1.78535407258e-06
9.62883447046e-10	-5.22063501762e-07
1.06987049672e-09	2.21373367992e-06
1.17685754639e-09	5.99933741796e-06
1.28384459606e-09	9.42175762475e-06
1.39083164573e-09	1.01513037407e-05
1.49781869541e-09	5.68501803855e-06
1.60480574508e-09	-5.27483067003e-06
1.71179279475e-09	-2.1200543415e-05
1.81877984442e-09	-3.67179079603e-05
1.92576689409e-09	-4.32001602348e-05
2.03275394376e-09	-3.15958241117e-05
2.13974099344e-09	2.80397694041e-06
2.24672804311e-09	5.53699292141e-05
2.35371509278e-09	0.00010957352697
2.46070214245e-09	0.000139609277539
2.56768919212e-09	0.000119241190077
2.6746762418e-09	3.49946722054e-05
2.78166329147e-09	-0.000101507631371
2.88865034114e-09	-0.000248948457738
2.99563739081e-09	-0.000344932846929
3.10262444048e-09	-0.000328279922542
3.20961149015e-09	-0.000168428023244
3.31659853983e-09	0.000110505822704
3.4235855895e-09	0.000424613830546
3.53057263917e-09	0.000651916532661
3.63755968884e-09	0.000677483356412
3.74454673851e-09	0.000446008220024
3.85153378819e-09	-1.38812902151e-06
3.95852083786e-09	-0.000526576335687
4.06550788753e-09	-0.000936933894991
4.1724949372e-09	-0.00105852916749
4.27948198687e-09	-0.000811175435956
4.38646903654e-09	-0.000251921410381
4.49345608622e-09	0.000435736870713
4.60044313589e-09	0.00100691450643
4.70743018556e-09	0.00125006684539
4.81441723523e-09	0.00107194468728
4.9214042849e-09	0.00053603327251
5.02839133458e-09	-0.000162592050401
5.13537838425e-09	-0.000775252767198
5.24236543392e-09	-0.00109679620073
5.34935248359e-09	-0.00104075898707
5.45633953326e-09	-0.000662687773001
5.56332658293e-09	-0.000125767652207
5.67031363261e-09	0.00037204394539
5.77730068228e-09	0.000675577077345
5.88428773195e-09	0.00072261430978
5.99127478162e-09	0.000550193319214
6.09826183129e-09	0.000261492992649
6.20524888097e-09	-2.62263565673e-05
6.31223593064e-09	-0.000227639859077
6.41922298031e-09	-0.000311648145725
6.52621002998e-09	-0.000296142599836
6.63319707965e-09	-0.00022438223823
6.74018412932e-09	-0.000138261115353
6.847171179e-09	-6.15169492448e-05
6.95415822867e-09	1.97162989934e-06
7.06114527834e-09	5.83506771363e-05
7.16813232801e-09	0.000111035559712
7.27511937768e-09	0.000153355943439
7.38210642736e-09	0.000170363867255
7.48909347703e-09	0.00014784097948
7.5960805267e-09	8.26673517622e-05
7.70306757637e-09	-1.16264918688e-05
7.81005462604e-09	-0.00010745470081
7.91704167571e-09	-0.000172981334799
8.02402872539e-09	-0.000184713495401
8.13101577506e-09	-0.000137276851092
8.23800282473e-09	-4.61523964077e-05
8.3449898744e-09	5.77157516091e-05
8.45197692407e-09	0.000139177207529
8.55896397374e-09	0.00017150891199
8.66595102342e-09	0.000145645612974
8.77293807309e-09	7.27530605218e-05
8.87992512276e-09	-2.04655640346e-05
8.98691217243e-09	-0.000101677663224
9.0938992221e-09	-0.000144279464621
9.20088627178e-09	-0.00013615856551
9.30787332145e-09	-8.29977702779e-05
9.41486037112e-09	-5.31976775164e-06
9.52184742079e-09	6.93292868164e-05
9.62883447046e-09	0.000116162621453
9.73582152013e-09	0.000121137250972
9.84280856981e-09	8.51878894537e-05
9.94979561948e-09	2.29603260777e-05
1.00567826692e-08	-4.30014079029e-05
1.01637697188e-08	-9.03406553334e-05
1.02707567685e-08	-0.000104369847577
1.03777438182e-08	-8.25001698104e-05
1.04847308678e-08	-3.43465644619e-05
1.05917179175e-08	2.22655722837e-05
1.06987049672e-08	6.78114888615e-05
1.08056920169e-08	8.77183579178e-05
1.09126790665e-08	7.69424159444e-05
1.10196661162e-08	4.10482546158e-05
1.11266531659e-08	-6.32863267924e-06
1.12336402155e-08	-4.85713235321e-05
1.13406272652e-08	-7.1838245276e-05
1.14476143149e-08	-6.95333924341e-05
1.15546013646e-08	-4.40544670255e-05
1.16615884142e-08	-5.42030716133e-06
1.17685754639e-08	3.25749799686e-05
1.18755625136e-08	5.72295061829e-05
1.19825495632e-08	6.11228902017e-05
1.20895366129e-08	4.42700063559e-05
1.21965236626e-08	1.36412544407e-05
1.23035107123e-08	-1.96145340396e-05
1.24104977619e-08	-4.41780600795e-05
1.25174848116e-08	-5.23631074429e-05
1.26244718613e-08	-4.24664367529e-05
1.27314589109e-08	-1.89563629647e-05
1.28384459606e-08	9.41567964219e-06
1.29454330103e-08	3.28263681695e-05
1.305242006e-08	4.37387880083e-05
1.31594071096e-08	3.92890094645e-05
1.32663941593e-08	2.19455644128e-05
1.3373381209e-08	-1.65520779305e-06
1.34803682586e-08	-2.32004531426e-05
1.35873553083e-08	-3.55948864126e-05
1.3694342358e-08	-3.52632689555e-05
1.38013294077e-08	-2.3126445285e-05
1.39083164573e-08	-4.00510577947e-06
1.4015303507e-08	1.52434714664e-05
1.41222905567e-08	2.81559312043e-05
1.42292776064e-08	3.08042742745e-05
1.4336264656e-08	2.29536969982e-05
1.44432517057e-08	7.90391590044e-06
1.45502387554e-08	-8.8396854494e-06
1.4657225805e-08	-2.15540837871e-05
1.47642128547e-08	-2.62313037638e-05
1.48711999044e-08	-2.18137286083e-05
1.49781869541e-08	-1.03613758142e-05
1.50851740037e-08	3.83793275205e-06
1.51921610534e-08	1.58471447094e-05
1.52991481031e-08	2.17779069089e-05
1.54061351527e-08	2.00281759817e-05
1.55131222024e-08	1.16722592338e-05
1.56201092521e-08	-6.68432269535e-08
1.57270963018e-08	-1.10369699655e-05
1.58340833514e-08	-1.76081523477e-05
1.59410704011e-08	-1.78560004542e-05
1.60480574508e-08	-1.20998578268e-05
1.61550445004e-08	-2.65143989964e-06
1.62620315501e-08	7.08530228621e-06
1.63690185998e-08	1.38266972272e-05
1.64760056495e-08	1.55023083153e-05
1.65829926991e-08	1.18723850164e-05
1.66899797488e-08	4.49141262493e-06
1.67969667985e-08	-3.92644773228e-06
1.69039538481e-08	-1.04920811168e-05
1.70109408978e-08	-1.31216783075e-05
1.71179279475e-08	-1.11831466825e-05
1.72249149972e-08	-5.61764102258e-06
1.73319020468e-08	1.47831616459e-06
1.74388890965e-08	7.62720117109e-06
1.75458761462e-08	1.08271234467e-05
1.76528631958e-08	1.01923958482e-05
1.77598502455e-08	6.18000922259e-06
1.78668372952e-08	3.4976099883e-07
1.79738243449e-08	-5.22689222748e-06
1.80808113945e-08	-8.69589246122e-06
1.81877984442e-08	-9.0280209406e-06
1.82947854939e-08	-6.31124163419e-06
1.84017725436e-08	-1.65045254619e-06
1.85087595932e-08	3.26757603375e-06
1.86157466429e-08	6.77681850902e-06
1.87227336926e-08	7.79026959208e-06
1.88297207422e-08	6.12674989497e-06
1.89367077919e-08	2.51412907915e-06
1.90436948416e-08	-1.71195931387e-06
1.91506818913e-08	-5.0951550179e-06
1.92576689409e-08	-6.55448809539e-06
1.93646559906e-08	-5.72276888988e-06
1.94716430403e-08	-3.02446213141e-06
1.95786300899e-08	5.16314841548e-07
1.96856171396e-08	3.65890144849e-06
1.97926041893e-08	5.37458927852e-06
1.9899591239e-08	5.17874156003e-06
2.00065782886e-08	3.25836211346e-06
2.01135653383e-08	3.67348217623e-07
2.0220552388e-08	-2.463028693e-06
2.03275394376e-08	-4.2873859627e-06
2.04345264873e-08	-4.55798638654e-06
2.0541513537e-08	-3.28268728822e-06
2.06485005867e-08	-9.87414296105e-07
2.07554876363e-08	1.49290292484e-06
