% time-domain current integration by openEMS v0.0.36-16-g7d7688a @Mon Jan  6 19:16:50 2025
% start-coordinates: (-0.00252587,0.000702916,-2.6092e-05) m -> [39,70,22]
% stop-coordinates: (0.00120705,0.000702916,2.2079e-05) m -> [43,70,23]
% t/s	current
3.24399786755e-14	0
1.0701948965e-10	1.28294719293e-09
2.14006539322e-10	2.48994025398e-09
3.20993588994e-10	3.28847815645e-09
4.27980638666e-10	3.10017966854e-09
5.34967688338e-10	2.19912532629e-10
6.4195473801e-10	-5.66104718658e-09
7.48941787681e-10	-1.37810971523e-08
8.55928837353e-10	-2.13952482397e-08
9.62915887025e-10	-2.29393162243e-08
1.0699029367e-09	-1.21572734102e-08
1.17688998637e-09	1.53295101057e-08
1.28387703604e-09	5.71903377988e-08
1.39086408571e-09	1.0098955272e-07
1.49785113538e-09	1.2357669732e-07
1.60483818506e-09	9.68303126569e-08
1.71182523473e-09	1.78552284069e-10
1.8188122844e-09	-1.62878606602e-07
1.92579933407e-09	-3.51058673687e-07
2.03278638374e-09	-4.84446900373e-07
2.13977343341e-09	-4.64041164605e-07
2.24676048309e-09	-2.12951633216e-07
2.35374753276e-09	2.72474892427e-07
2.46073458243e-09	8.83266579876e-07
2.5677216321e-09	1.39768155805e-06
2.67470868177e-09	1.53777421019e-06
2.78169573145e-09	1.07904827473e-06
2.88868278112e-09	-2.10486916785e-08
2.99566983079e-09	-1.53266796588e-06
3.10265688046e-09	-2.96048301607e-06
3.20964393013e-09	-3.67851089322e-06
3.3166309798e-09	-3.16955788549e-06
3.42361802948e-09	-1.28695091917e-06
3.53060507915e-09	1.57912040777e-06
3.63759212882e-09	4.53368011222e-06
3.74457917849e-09	6.44189503873e-06
3.85156622816e-09	6.35801688986e-06
3.95855327784e-09	3.95834149458e-06
4.06554032751e-09	-2.16227192595e-07
4.17252737718e-09	-4.84829615743e-06
4.27951442685e-09	-8.27526946523e-06
4.38650147652e-09	-9.12109680939e-06
4.49348852619e-09	-6.87779174768e-06
4.60047557587e-09	-2.17981278183e-06
4.70746262554e-09	3.3732421798e-06
4.81444967521e-09	7.8022485468e-06
4.92143672488e-09	9.51625224843e-06
5.02842377455e-09	7.94470633991e-06
5.13541082423e-09	3.76333332497e-06
5.2423978739e-09	-1.38727045851e-06
5.34938492357e-09	-5.57288603886e-06
5.45637197324e-09	-7.34086324883e-06
5.56335902291e-09	-6.27158851785e-06
5.67034607258e-09	-3.08205176225e-06
5.77733312226e-09	7.4333320299e-07
5.88432017193e-09	3.61533921023e-06
5.9913072216e-09	4.49979552286e-06
6.09829427127e-09	3.29626573148e-06
6.20528132094e-09	7.95048890723e-07
6.31226837062e-09	-1.73781836565e-06
6.41925542029e-09	-3.14279986924e-06
6.52624246996e-09	-2.85611008621e-06
6.63322951963e-09	-1.10620032956e-06
6.7402165693e-09	1.2417342532e-06
6.84720361897e-09	3.09930283038e-06
6.95419066865e-09	3.63279423254e-06
7.06117771832e-09	2.60196452473e-06
7.16816476799e-09	4.3130614813e-07
7.27515181766e-09	-1.99447777049e-06
7.38213886733e-09	-3.70751627088e-06
7.48912591701e-09	-4.04383217756e-06
7.59611296668e-09	-2.88840283247e-06
7.70310001635e-09	-6.94434788784e-07
7.81008706602e-09	1.71355873135e-06
7.91707411569e-09	3.46312867805e-06
8.02406116536e-09	3.95482356907e-06
8.13104821504e-09	3.06406536765e-06
8.23803526471e-09	1.15984357762e-06
8.34502231438e-09	-1.05294930108e-06
8.45200936405e-09	-2.79922210211e-06
8.55899641372e-09	-3.50678783434e-06
8.6659834634e-09	-2.99158023154e-06
8.77297051307e-09	-1.49734478327e-06
8.87995756274e-09	4.13744288608e-07
8.98694461241e-09	2.07193147617e-06
9.09393166208e-09	2.9336551961e-06
9.20091871175e-09	2.75750107903e-06
9.30790576143e-09	1.66672282376e-06
9.4148928111e-09	8.470047419e-08
9.52187986077e-09	-1.42654380397e-06
9.62886691044e-09	-2.36367895923e-06
9.73585396011e-09	-2.44876355282e-06
9.84284100979e-09	-1.70678140421e-06
9.94982805946e-09	-4.38918874579e-07
1.00568151091e-08	8.96113931503e-07
1.01638021588e-08	1.84636542144e-06
1.02707892085e-08	2.11770270653e-06
1.03777762581e-08	1.66225549947e-06
1.04847633078e-08	6.78943251842e-07
1.05917503575e-08	-4.68801488296e-07
1.06987374072e-08	-1.38558323215e-06
1.08057244568e-08	-1.77859158157e-06
1.09127115065e-08	-1.54937970365e-06
1.10196985562e-08	-8.14364170765e-07
1.11266856058e-08	1.47776802351e-07
1.12336726555e-08	9.99965891424e-07
1.13406597052e-08	1.46337777096e-06
1.14476467549e-08	1.40731901865e-06
1.15546338045e-08	8.83605082436e-07
1.16616208542e-08	9.76157252808e-08
1.17686079039e-08	-6.70363078825e-07
1.18755949535e-08	-1.1639076547e-06
1.19825820032e-08	-1.23495067328e-06
1.20895690529e-08	-8.86540590272e-07
1.21965561026e-08	-2.62179327137e-07
1.23035431522e-08	4.11178064041e-07
1.24105302019e-08	9.04606508811e-07
1.25175172516e-08	1.06403820155e-06
1.26245043013e-08	8.57257475673e-07
1.27314913509e-08	3.76886902131e-07
1.28384784006e-08	-1.98553635755e-07
1.29454654503e-08	-6.70049018936e-07
1.30524524999e-08	-8.86067084593e-07
1.31594395496e-08	-7.90418653196e-07
1.32664265993e-08	-4.34990624854e-07
1.3373413649e-08	4.44976748781e-08
1.34804006986e-08	4.79350035221e-07
1.35873877483e-08	7.26566270259e-07
1.3694374798e-08	7.15158989806e-07
1.38013618476e-08	4.65400944449e-07
1.39083488973e-08	7.62137446486e-08
1.4015335947e-08	-3.13010019681e-07
1.41223229967e-08	-5.71739064981e-07
1.42293100463e-08	-6.2149445057e-07
1.4336297096e-08	-4.58881913801e-07
1.44432841457e-08	-1.51935807935e-07
1.45502711953e-08	1.8722298023e-07
1.4657258245e-08	4.42801422196e-07
1.47642452947e-08	5.34393734597e-07
1.48712323444e-08	4.41715314992e-07
1.4978219394e-08	2.07564710308e-07
1.50852064437e-08	-8.05405306892e-08
1.51921934934e-08	-3.22542518916e-07
1.5299180543e-08	-4.40206861185e-07
1.54061675927e-08	-4.01986227416e-07
1.55131546424e-08	-2.30602367424e-07
1.56201416921e-08	7.9950135401e-09
1.57271287417e-08	2.29514157013e-07
1.58341157914e-08	3.60746014394e-07
1.59411028411e-08	3.63419530913e-07
1.60480898908e-08	2.44820796524e-07
1.61550769404e-08	5.24239922584e-08
1.62620639901e-08	-1.44547755099e-07
1.63690510398e-08	-2.79741982467e-07
1.64760380894e-08	-3.11750454784e-07
1.65830251391e-08	-2.36396004993e-07
1.66900121888e-08	-8.57758806205e-08
1.67969992385e-08	8.48030126122e-08
1.69039862881e-08	2.16868670577e-07
1.70109733378e-08	2.68580492957e-07
1.71179603875e-08	2.27699047173e-07
1.72249474371e-08	1.1382756071e-07
1.73319344868e-08	-3.02085076953e-08
1.74389215365e-08	-1.54178920297e-07
1.75459085862e-08	-2.17789448698e-07
1.76528956358e-08	-2.03533133458e-07
1.77598826855e-08	-1.21158777233e-07
1.78668697352e-08	-2.60905519411e-09
1.79738567848e-08	1.10048674173e-07
1.80808438345e-08	1.79409795464e-07
1.81878308842e-08	1.84963013794e-07
1.82948179339e-08	1.28908283159e-07
1.84018049835e-08	3.3953586609e-08
1.85087920332e-08	-6.55755272305e-08
1.86157790829e-08	-1.36009646212e-07
1.87227661325e-08	-1.5557824895e-07
1.88297531822e-08	-1.20952094562e-07
1.89367402319e-08	-4.71900527543e-08
1.90437272816e-08	3.84835736611e-08
1.91507143312e-08	1.06574738368e-07
1.92577013809e-08	1.3536832455e-07
1.93646884306e-08	1.17704487934e-07
1.94716754802e-08	6.2459626804e-08
1.95786625299e-08	-9.4412877516e-09
1.96856495796e-08	-7.28355331603e-08
1.97926366293e-08	-1.06996282057e-07
1.98996236789e-08	-1.02328939988e-07
2.00066107286e-08	-6.28640606237e-08
2.01135977783e-08	-4.05350064625e-09
2.0220584828e-08	5.3149513235e-08
2.03275718776e-08	8.96653133964e-08
2.04345589273e-08	9.45609386349e-08
2.0541545977e-08	6.82073775238e-08
2.06485330266e-08	2.14224069595e-08
2.07555200763e-08	-2.87937051979e-08
