% time-domain voltage integration by openEMS v0.0.36-16-g7d7688a @Mon Jan  6 09:37:48 2025
% start-coordinates: (0.000603382,-0.000249132,2.2079e-05) m -> [41,72,23]
% stop-coordinates: (0.000603382,0.00177963,2.2079e-05) m -> [41,76,23]
% t/s	voltage
0	-0
1.0700332075e-10	3.29340032579e-07
2.140066415e-10	4.33448789749e-07
3.21009962251e-10	3.32726166619e-07
4.28013283001e-10	-1.14182665101e-07
5.35016603751e-10	-9.51707789909e-07
6.42019924501e-10	-2.04554149263e-06
7.49023245251e-10	-2.88779654056e-06
8.56026566001e-10	-2.67372024609e-06
9.63029886752e-10	-5.70949993062e-07
1.0700332075e-09	3.80449483828e-06
1.17703652825e-09	9.69527559391e-06
1.284039849e-09	1.47968894453e-05
1.39104316975e-09	1.54244044097e-05
1.4980464905e-09	7.75971875555e-06
1.60504981125e-09	-9.96111702989e-06
1.712053132e-09	-3.49257043126e-05
1.81905645275e-09	-5.83066066611e-05
1.9260597735e-09	-6.64251347189e-05
2.03306309425e-09	-4.5470299483e-05
2.140066415e-09	1.09264851744e-05
2.24706973575e-09	9.40060890571e-05
2.3540730565e-09	0.000176440717041
2.46107637725e-09	0.000217232562136
2.568079698e-09	0.00017637264682
2.67508301875e-09	3.57674853149e-05
2.7820863395e-09	-0.000182054627658
2.88908966025e-09	-0.000408353625971
2.99609298101e-09	-0.000543818736332
3.10309630176e-09	-0.000495273889101
3.21009962251e-09	-0.000222070160817
3.31710294326e-09	0.000228066430282
3.42410626401e-09	0.000714801470167
3.53110958476e-09	0.00104370915506
3.63811290551e-09	0.00104007555638
3.74511622626e-09	0.000631149232504
3.85211954701e-09	-0.000100375495094
3.95912286776e-09	-0.000922553954297
4.06612618851e-09	-0.00152813355089
4.17312950926e-09	-0.00165331317112
4.28013283001e-09	-0.00119378231466
4.38713615076e-09	-0.000265492097242
4.49413947151e-09	0.00082276800822
4.60114279226e-09	0.0016805671039
4.70814611301e-09	0.00198795617325
4.81514943376e-09	0.00162469380302
4.92215275451e-09	0.000720337731764
5.02915607526e-09	-0.000397210984374
5.13615939601e-09	-0.00133261637529
5.24316271676e-09	-0.00177682226058
5.35016603751e-09	-0.00161869358271
5.45716935826e-09	-0.000970800130744
5.56417267901e-09	-0.000105193226773
5.67117599976e-09	0.000666148247547
5.77817932051e-09	0.00111129746074
5.88518264126e-09	0.00114992377348
5.99218596201e-09	0.00085450426559
6.09918928276e-09	0.000392417750845
6.20619260351e-09	-5.64441625102e-05
6.31319592426e-09	-0.000367677515897
6.42019924501e-09	-0.000500939429912
6.52720256576e-09	-0.000486677367007
6.63420588651e-09	-0.000387842730561
6.74120920726e-09	-0.000260913911916
6.84821252801e-09	-0.000134885740408
6.95521584876e-09	-1.34390356834e-05
7.06221916951e-09	0.000107723160909
7.16922249026e-09	0.00022275073934
7.27622581101e-09	0.000308808543195
7.38322913176e-09	0.000334192809532
7.49023245251e-09	0.000275970254734
7.59723577326e-09	0.000136562313855
7.70423909401e-09	-5.03958071931e-05
7.81124241476e-09	-0.000228808392421
7.91824573551e-09	-0.000340075741406
8.02524905626e-09	-0.000345621498127
8.13225237701e-09	-0.000242329144385
8.23925569776e-09	-6.45186210022e-05
8.34625901851e-09	0.000128189902171
8.45326233926e-09	0.000272149831289
8.56026566001e-09	0.000321894636727
8.66726898076e-09	0.000265149115876
8.77427230151e-09	0.000125647002278
8.88127562227e-09	-4.65777266072e-05
8.98827894302e-09	-0.000193333169591
9.09528226377e-09	-0.000268129682809
9.20228558452e-09	-0.000250920656981
9.30928890527e-09	-0.000153116736328
9.41629222602e-09	-1.18393113553e-05
9.52329554677e-09	0.000123940833873
9.63029886752e-09	0.000210360543861
9.73730218827e-09	0.000222386493988
9.84430550902e-09	0.000161052579642
9.95130882977e-09	5.13351851623e-05
1.00583121505e-08	-6.76630788803e-05
1.01653154713e-08	-0.000156490219524
1.0272318792e-08	-0.000188220819837
1.03793221128e-08	-0.000156375739607
1.04863254335e-08	-7.56717054173e-05
1.05933287543e-08	2.42331539084e-05
1.0700332075e-08	0.000109435723061
1.08073353958e-08	0.000153135839355
1.09143387165e-08	0.000143901132105
1.10213420373e-08	8.83449829416e-05
1.1128345358e-08	7.74288196226e-06
1.12353486788e-08	-6.99063966749e-05
1.13423519995e-08	-0.000119466296383
1.14493553203e-08	-0.000126677467051
1.1556358641e-08	-9.20645088627e-05
1.16633619618e-08	-2.97660603792e-05
1.17703652825e-08	3.80065366699e-05
1.18773686033e-08	8.87686819624e-05
1.1984371924e-08	0.000107115833089
1.20913752448e-08	8.92664138519e-05
1.21983785655e-08	4.35059237134e-05
1.23053818863e-08	-1.33381622618e-05
1.2412385207e-08	-6.19648290012e-05
1.25193885278e-08	-8.70666099217e-05
1.26263918485e-08	-8.20534969534e-05
1.27333951693e-08	-5.06089781993e-05
1.284039849e-08	-4.79057462144e-06
1.29474018108e-08	3.94745657104e-05
1.30544051315e-08	6.78503001836e-05
1.31614084523e-08	7.21582637198e-05
1.3268411773e-08	5.26293952134e-05
1.33754150938e-08	1.72571840267e-05
1.34824184145e-08	-2.13402554436e-05
1.35894217353e-08	-5.03503297296e-05
1.3696425056e-08	-6.0959023358e-05
1.38034283768e-08	-5.09568508278e-05
1.39104316975e-08	-2.50088064604e-05
1.40174350183e-08	7.33435319944e-06
1.4124438339e-08	3.50845803041e-05
1.42314416598e-08	4.95008107464e-05
1.43384449805e-08	4.67855588795e-05
1.44454483013e-08	2.89900658572e-05
1.4552451622e-08	2.94566632419e-06
1.46594549428e-08	-2.22885400945e-05
1.47664582635e-08	-3.8534542e-05
1.48734615843e-08	-4.11024257119e-05
1.4980464905e-08	-3.00852721011e-05
1.50874682258e-08	-1.00010613551e-05
1.51944715465e-08	1.19800081393e-05
1.53014748673e-08	2.85575179078e-05
1.5408478188e-08	3.46905690094e-05
1.55154815088e-08	2.908713941e-05
1.56224848295e-08	1.43746951835e-05
1.57294881503e-08	-4.0275469928e-06
1.5836491471e-08	-1.9864265596e-05
1.59434947918e-08	-2.81422908301e-05
1.60504981125e-08	-2.66756842393e-05
1.61575014333e-08	-1.66052168424e-05
1.6264504754e-08	-1.8013271017e-06
1.63715080748e-08	1.25835167637e-05
1.64785113955e-08	2.18838576984e-05
1.65855147163e-08	2.34122458096e-05
1.6692518037e-08	1.71972178578e-05
1.67995213578e-08	5.79402910716e-06
1.69065246785e-08	-6.72423129799e-06
1.70135279993e-08	-1.6197133391e-05
1.712053132e-08	-1.97413119167e-05
1.72275346408e-08	-1.66028689819e-05
1.73345379615e-08	-8.26111613605e-06
1.74415412823e-08	2.20880116331e-06
1.7548544603e-08	1.12459381398e-05
1.76555479238e-08	1.59991584496e-05
1.77625512445e-08	1.52090758547e-05
1.78695545653e-08	9.51070660449e-06
1.7976557886e-08	1.09614092025e-06
1.80835612068e-08	-7.10340577825e-06
1.81905645275e-08	-1.24278167277e-05
1.82975678483e-08	-1.33355019898e-05
1.8404571169e-08	-9.82981350717e-06
1.85115744898e-08	-3.35574833343e-06
1.86185778105e-08	3.77288040454e-06
1.87255811313e-08	9.1861945748e-06
1.8832584452e-08	1.12335669655e-05
1.89395877728e-08	9.47713942878e-06
1.90465910935e-08	4.7471966127e-06
1.91535944143e-08	-1.20949471238e-06
1.9260597735e-08	-6.36642232621e-06
1.93676010558e-08	-9.09567052076e-06
1.94746043765e-08	-8.67147718964e-06
1.95816076973e-08	-5.44687361526e-06
1.9688611018e-08	-6.6427473655e-07
1.97956143388e-08	4.00981900839e-06
