% time-domain current integration by openEMS v0.0.36-16-g7d7688a @Sun Jan  5 12:51:01 2025
% start-coordinates: (-0.00252587,-0.00810881,-2.6092e-05) m -> [38,52,22]
% stop-coordinates: (0.00179194,-0.00810881,2.2079e-05) m -> [44,52,23]
% t/s	current
2.48613663453e-14	0
1.07028182117e-10	2.89799340081e-09
2.14031502867e-10	4.29168967031e-09
3.21034823617e-10	5.24942311841e-09
4.28038144367e-10	4.46745573868e-09
5.35041465117e-10	-1.14798337503e-09
6.42044785867e-10	-1.14490301684e-08
7.49048106618e-10	-2.45639864005e-08
8.56051427368e-10	-3.53536862008e-08
9.63054748118e-10	-3.47634987463e-08
1.07005806887e-09	-1.28443726766e-08
1.17706138962e-09	3.56802729584e-08
1.28406471037e-09	1.04288695013e-07
1.39106803112e-09	1.6991370444e-07
1.49807135187e-09	1.93671610305e-07
1.60507467262e-09	1.32224371896e-07
1.71207799337e-09	-4.1002341078e-08
1.81908131412e-09	-3.10265448888e-07
1.92608463487e-09	-5.9893488924e-07
2.03308795562e-09	-7.73972544721e-07
2.14009127637e-09	-6.82975894506e-07
2.24709459712e-09	-2.22489560997e-07
2.35409791787e-09	5.840116728e-07
2.46110123862e-09	1.534181024e-06
2.56810455937e-09	2.26186216423e-06
2.67510788012e-09	2.34036497204e-06
2.78211120087e-09	1.46018896885e-06
2.88911452162e-09	-3.78785756538e-07
2.99611784237e-09	-2.74993840321e-06
3.10312116312e-09	-4.84273687107e-06
3.21012448387e-09	-5.69924168303e-06
3.31712780462e-09	-4.59350121673e-06
3.42413112537e-09	-1.41745874771e-06
3.53113444612e-09	3.10542782245e-06
3.63813776687e-09	7.52249752622e-06
3.74514108762e-09	1.00996003312e-05
3.85214440837e-09	9.488946489e-06
3.95914772912e-09	5.3624926295e-06
4.06615104987e-09	-1.27717396481e-06
4.17315437062e-09	-8.30018598208e-06
4.28015769137e-09	-1.31575734486e-05
4.38716101212e-09	-1.38559571496e-05
4.49416433287e-09	-9.81150697044e-06
4.60116765362e-09	-2.20422202801e-06
4.70817097437e-09	6.3640954977e-06
4.81517429512e-09	1.28172250697e-05
4.92217761587e-09	1.47963701238e-05
5.02918093662e-09	1.16078645078e-05
5.13618425738e-09	4.52046469945e-06
5.24318757813e-09	-3.72944691662e-06
5.35019089888e-09	-1.00304741864e-05
5.45719421963e-09	-1.21347675304e-05
5.56419754038e-09	-9.5266605058e-06
5.67120086113e-09	-3.56572877536e-06
5.77820418188e-09	3.13945133712e-06
5.88520750263e-09	7.84425537859e-06
5.99221082338e-09	8.78883565747e-06
6.09921414413e-09	5.8620416894e-06
6.20621746488e-09	5.55073540909e-07
6.31322078563e-09	-4.739752967e-06
6.42022410638e-09	-7.76090109866e-06
6.52722742713e-09	-7.29820249035e-06
6.63423074788e-09	-3.63329195352e-06
6.74123406863e-09	1.64850837336e-06
6.84823738938e-09	6.35872856947e-06
6.95524071013e-09	8.60564887262e-06
7.06224403088e-09	7.52498317524e-06
7.16924735163e-09	3.56803548129e-06
7.27625067238e-09	-1.73230159817e-06
7.38325399313e-09	-6.39095378574e-06
7.49025731388e-09	-8.72990494827e-06
7.59726063463e-09	-7.97631673777e-06
7.70426395538e-09	-4.49326762464e-06
7.81126727613e-09	4.11782764331e-07
7.91827059688e-09	4.99981069879e-06
8.02527391763e-09	7.7290178524e-06
8.13227723838e-09	7.77205787017e-06
8.23928055913e-09	5.25313816979e-06
8.34628387988e-09	1.1460482483e-06
8.45328720063e-09	-3.10598261422e-06
8.56029052138e-09	-6.10010647506e-06
8.66729384213e-09	-6.93444508215e-06
8.77429716288e-09	-5.4712045312e-06
8.88130048363e-09	-2.33070090871e-06
8.98830380438e-09	1.36165328968e-06
9.09530712513e-09	4.37531616626e-06
9.20231044588e-09	5.78085291636e-06
9.30931376663e-09	5.23059634361e-06
9.41631708738e-09	3.03176557281e-06
9.52332040813e-09	3.0295392861e-09
9.63032372888e-09	-2.82322093881e-06
9.73732704963e-09	-4.55135386801e-06
9.84433037038e-09	-4.69770566269e-06
9.95133369113e-09	-3.32142008119e-06
1.00583370119e-08	-9.67704295363e-07
1.01653403326e-08	1.53954067628e-06
1.02723436534e-08	3.38355403073e-06
1.03793469741e-08	4.01558781959e-06
1.04863502949e-08	3.31370142703e-06
1.05933536156e-08	1.59395358423e-06
1.07003569364e-08	-5.21514721186e-07
1.08073602571e-08	-2.32513707488e-06
1.09143635779e-08	-3.25761538988e-06
1.10213668986e-08	-3.07753521156e-06
1.11283702194e-08	-1.91792582882e-06
1.12353735401e-08	-2.17934157831e-07
1.13423768609e-08	1.43891759308e-06
1.14493801816e-08	2.52231507147e-06
1.15563835024e-08	2.72218517239e-06
1.16633868231e-08	2.0338086415e-06
1.17703901439e-08	7.3862042882e-07
1.18773934646e-08	-7.05606908014e-07
1.19843967854e-08	-1.82403550752e-06
1.20914001061e-08	-2.27871760217e-06
1.21984034269e-08	-1.96807332031e-06
1.23054067476e-08	-1.04368405118e-06
1.24124100684e-08	1.55592388751e-07
1.25194133891e-08	1.22525977986e-06
1.26264167099e-08	1.82979476904e-06
1.27334200306e-08	1.80600920885e-06
1.28404233514e-08	1.20392633107e-06
1.29474266721e-08	2.56303025026e-07
1.30544299929e-08	-7.08588402176e-07
1.31614333136e-08	-1.37904885378e-06
1.32684366344e-08	-1.55918007749e-06
1.33754399551e-08	-1.22404901504e-06
1.34824432759e-08	-5.16259262895e-07
1.35894465966e-08	3.11274646947e-07
1.36964499174e-08	9.84153075478e-07
1.38034532381e-08	1.29625084355e-06
1.39104565589e-08	1.17145634704e-06
1.40174598796e-08	6.79394815961e-07
1.41244632004e-08	3.186944042e-09
1.42314665211e-08	-6.27129224995e-07
1.43384698419e-08	-1.01180626189e-06
1.44454731626e-08	-1.04359298803e-06
1.45524764834e-08	-7.36062418127e-07
1.46594798041e-08	-2.11054512533e-07
1.47664831249e-08	3.47796685674e-07
1.48734864456e-08	7.5835549751e-07
1.49804897664e-08	8.98491634871e-07
1.50874930871e-08	7.41344933886e-07
1.51944964079e-08	3.57519809313e-07
1.53014997286e-08	-1.14150367381e-07
1.54085030494e-08	-5.15969929893e-07
1.55155063701e-08	-7.23317214124e-07
1.56225096909e-08	-6.82579468503e-07
1.57295130116e-08	-4.2359016561e-07
1.58365163324e-08	-4.44266383681e-08
1.59435196531e-08	3.24787748696e-07
1.60505229739e-08	5.65915058814e-07
1.61575262946e-08	6.09968139997e-07
1.62645296154e-08	4.5607021093e-07
1.63715329361e-08	1.67097795156e-07
1.64785362569e-08	-1.54853566414e-07
1.65855395776e-08	-4.03937775673e-07
1.66925428984e-08	-5.04901208842e-07
1.67995462191e-08	-4.35250512965e-07
1.69065495399e-08	-2.28895473242e-07
1.70135528606e-08	3.85291656357e-08
1.71205561814e-08	2.76842456515e-07
1.72275595021e-08	4.11321337879e-07
1.73345628229e-08	4.05672750503e-07
1.74415661436e-08	2.71170705446e-07
1.75485694644e-08	5.97888032416e-08
1.76555727851e-08	-1.55255719392e-07
1.77625761059e-08	-3.04516476035e-07
1.78695794266e-08	-3.44390002738e-07
1.79765827474e-08	-2.69414499598e-07
1.80835860681e-08	-1.11474292908e-07
1.81905893889e-08	7.30160536477e-08
1.82975927096e-08	2.22892481361e-07
1.84045960304e-08	2.92244635602e-07
1.85115993511e-08	2.64199229605e-07
1.86186026719e-08	1.54331104341e-07
1.87256059926e-08	3.52700846307e-09
1.88326093134e-08	-1.36919254601e-07
1.89396126341e-08	-2.22518991677e-07
1.90466159549e-08	-2.29403923413e-07
1.91536192756e-08	-1.60681040029e-07
1.92606225964e-08	-4.35558078493e-08
1.93676259171e-08	8.10057940726e-08
1.94746292379e-08	1.72424165612e-07
