% time-domain voltage integration by openEMS v0.0.36-16-g7d7688a @Mon Jan  6 15:59:53 2025
% start-coordinates: (0.000603382,0.000200316,2.2079e-05) m -> [42,68,23]
% stop-coordinates: (0.000603382,0.00216797,2.2079e-05) m -> [42,74,23]
% t/s	voltage
0	-0
1.069742823e-10	1.81798762711e-07
2.13948564601e-10	2.34454534009e-07
3.20922846901e-10	1.8791056533e-07
4.27897129202e-10	-5.74907783601e-08
5.34871411502e-10	-5.15298843595e-07
6.41845693803e-10	-1.11383908319e-06
7.48819976103e-10	-1.58510736981e-06
8.55794258404e-10	-1.48849534298e-06
9.62768540704e-10	-3.55181114742e-07
1.069742823e-09	2.0257430009e-06
1.1767171053e-09	5.2656110654e-06
1.28369138761e-09	8.10934005813e-06
1.39066566991e-09	8.54464514077e-06
1.49763995221e-09	4.46444209956e-06
1.60461423451e-09	-5.14751837954e-06
1.71158851681e-09	-1.88273955928e-05
1.81856279911e-09	-3.18185668675e-05
1.92553708141e-09	-3.66595475043e-05
2.03251136371e-09	-2.57122846961e-05
2.13948564601e-09	4.71258294965e-06
2.24645992831e-09	5.01191716467e-05
2.35343421061e-09	9.58131831794e-05
2.46040849291e-09	0.000119435074339
2.56738277521e-09	9.88206020338e-05
2.67435705751e-09	2.34233275478e-05
2.78133133981e-09	-9.5287537988e-05
2.88830562211e-09	-0.00022041869488
2.99527990441e-09	-0.000297767308439
3.10225418671e-09	-0.0002756009726
3.20922846901e-09	-0.000130080557938
3.31620275131e-09	0.000114616274914
3.42317703361e-09	0.000383127120585
3.53015131591e-09	0.000569132600504
3.63712559822e-09	0.000575337893679
3.74409988052e-09	0.000358878816769
3.85107416282e-09	-3.82301295758e-05
3.95804844512e-09	-0.000490969916427
4.06502272742e-09	-0.000830645229144
4.17199700972e-09	-0.000909819020308
4.27897129202e-09	-0.000667031883495
4.38594557432e-09	-0.000162110380188
4.49291985662e-09	0.000436957911006
4.59989413892e-09	0.000914228330657
4.70686842122e-09	0.00109013708425
4.81384270352e-09	0.00089464935445
4.92081698582e-09	0.000397203009925
5.02779126812e-09	-0.000220300826186
5.13476555042e-09	-0.000736218498787
5.24173983272e-09	-0.000976301387709
5.34871411502e-09	-0.000878223574546
5.45568839732e-09	-0.000507578035467
5.56266267962e-09	-2.16965599975e-05
5.66963696192e-09	0.000399648783059
5.77661124422e-09	0.000624911132036
5.88358552652e-09	0.000613518473983
5.99055980883e-09	0.000416550454247
6.09753409113e-09	0.000140971413202
6.20450837343e-09	-0.000102149031591
6.31148265573e-09	-0.000241164612817
6.41845693803e-09	-0.000262376128376
6.52543122033e-09	-0.000200548802241
6.63240550263e-09	-0.000111224322609
6.73937978493e-09	-4.08177320423e-05
6.84635406723e-09	-8.33370995679e-06
6.95332834953e-09	-4.51698542747e-06
7.06030263183e-09	-5.07131153427e-06
7.16727691413e-09	1.13013629743e-05
7.27425119643e-09	4.98262288602e-05
7.38122547873e-09	9.72275797722e-05
7.48819976103e-09	0.000129645348352
7.59517404333e-09	0.000125760080664
7.70214832563e-09	7.82671213528e-05
7.80912260793e-09	-1.56302871801e-06
7.91609689023e-09	-8.78291698427e-05
8.02307117253e-09	-0.000150231271618
8.13004545483e-09	-0.000165973786352
8.23701973713e-09	-0.00012848467486
8.34399401944e-09	-4.97796595482e-05
8.45096830174e-09	4.40462515598e-05
8.55794258404e-09	0.000122159314742
8.66491686634e-09	0.000159601487212
8.77189114864e-09	0.000145438368236
8.87886543094e-09	8.58512858031e-05
8.98583971324e-09	1.43644071215e-06
9.09281399554e-09	-8.00650791462e-05
9.19978827784e-09	-0.000132987694087
9.30676256014e-09	-0.000141844181599
9.41373684244e-09	-0.000105774845906
9.52071112474e-09	-3.81386346362e-05
9.62768540704e-09	3.8430555378e-05
9.73465968934e-09	9.94234223981e-05
9.84163397164e-09	0.000126411066049
9.94860825394e-09	0.000112525026452
1.00555825362e-08	6.40405728518e-05
1.01625568185e-08	-2.22668433381e-06
1.02695311008e-08	-6.46848898214e-05
1.03765053831e-08	-0.000103943950307
1.04834796654e-08	-0.000108786292913
1.05904539477e-08	-7.93114700173e-05
1.069742823e-08	-2.63678030024e-05
1.08044025123e-08	3.23547149037e-05
1.09113767946e-08	7.81796543379e-05
1.10183510769e-08	9.73544292719e-05
1.11253253592e-08	8.51222443998e-05
1.12322996415e-08	4.6791269142e-05
1.13392739238e-08	-4.39960099641e-06
1.14462482061e-08	-5.18075603395e-05
1.15532224884e-08	-8.07538131085e-05
1.16601967707e-08	-8.30371322991e-05
1.1767171053e-08	-5.91945995438e-05
1.18741453354e-08	-1.79237387101e-05
1.19811196177e-08	2.70244047442e-05
1.20880939e-08	6.1394478962e-05
1.21950681823e-08	7.49126861592e-05
1.23020424646e-08	6.43231169306e-05
1.24090167469e-08	3.40749465977e-05
1.25159910292e-08	-5.43024657418e-06
1.26229653115e-08	-4.13787313391e-05
1.27299395938e-08	-6.26730811746e-05
1.28369138761e-08	-6.33282288618e-05
1.29438881584e-08	-4.41084880549e-05
1.30508624407e-08	-1.19706372743e-05
1.3157836723e-08	2.24086275011e-05
1.32648110053e-08	4.81512470287e-05
1.33717852876e-08	5.75967187615e-05
1.34787595699e-08	4.85509385726e-05
1.35857338522e-08	2.47170146395e-05
1.36927081345e-08	-5.74201865788e-06
1.37996824168e-08	-3.29718293415e-05
1.39066566991e-08	-4.85908799419e-05
1.40136309814e-08	-4.8250936743e-05
1.41206052637e-08	-3.28076303049e-05
1.4227579546e-08	-7.80919691579e-06
1.43345538283e-08	1.8461910372e-05
1.44415281106e-08	3.77143121568e-05
1.45485023929e-08	4.42447319529e-05
1.46554766752e-08	3.6604440993e-05
1.47624509575e-08	1.78531856818e-05
1.48694252398e-08	-5.61173345659e-06
1.49763995221e-08	-2.62159351223e-05
1.50833738044e-08	-3.76376888198e-05
1.51903480867e-08	-3.67293728232e-05
1.5297322369e-08	-2.43548395247e-05
1.54042966513e-08	-4.92996969115e-06
1.55112709336e-08	1.51273120537e-05
1.56182452159e-08	2.95022562113e-05
1.57252194982e-08	3.39582779816e-05
1.58321937805e-08	2.75638153653e-05
1.59391680628e-08	1.28328003939e-05
1.60461423451e-08	-5.22743701481e-06
1.61531166274e-08	-2.0801615392e-05
1.62600909097e-08	-2.91258365905e-05
1.6367065192e-08	-2.79330329249e-05
1.64740394743e-08	-1.80433685273e-05
1.65810137566e-08	-2.9642969821e-06
1.66879880389e-08	1.23353465824e-05
1.67949623212e-08	2.30510339634e-05
1.69019366035e-08	2.60404262917e-05
1.70089108858e-08	2.07299425483e-05
1.71158851681e-08	9.17319692917e-06
1.72228594504e-08	-4.71512743161e-06
1.73298337327e-08	-1.64736678698e-05
1.7436808015e-08	-2.25180165216e-05
1.75437822973e-08	-2.12225551195e-05
1.76507565796e-08	-1.33379319323e-05
1.77577308619e-08	-1.64416549353e-06
1.78647051442e-08	1.00155015161e-05
1.79716794265e-08	1.79892929282e-05
1.80786537088e-08	1.99516664452e-05
1.81856279911e-08	1.55701085305e-05
1.82926022734e-08	6.51537106933e-06
1.83995765557e-08	-4.15548197452e-06
1.8506550838e-08	-1.30231472895e-05
1.86135251203e-08	-1.73934313352e-05
1.87204994026e-08	-1.61083503372e-05
1.88274736849e-08	-9.83617968586e-06
1.89344479672e-08	-7.76361943622e-07
1.90414222495e-08	8.10119280459e-06
1.91483965318e-08	1.40232511967e-05
1.92553708141e-08	1.52730851823e-05
1.93623450964e-08	1.16785081445e-05
1.94693193787e-08	4.59330371427e-06
1.9576293661e-08	-3.59820617746e-06
1.96832679433e-08	-1.02777452753e-05
1.97902422256e-08	-1.34228312163e-05
1.98972165079e-08	-1.22143129602e-05
2.00041907902e-08	-7.23514369838e-06
2.01111650725e-08	-2.22825477181e-07
2.02181393548e-08	6.53011051099e-06
2.03251136371e-08	1.09196601557e-05
2.04320879194e-08	1.16812969964e-05
2.05390622017e-08	8.74714731935e-06
2.0646036484e-08	3.20975351542e-06
2.07530107663e-08	-3.07332705063e-06
2.08599850486e-08	-8.09829083437e-06
2.09669593309e-08	-1.0349707793e-05
2.10739336132e-08	-9.25205500835e-06
2.11809078955e-08	-5.30720322445e-06
2.12878821778e-08	1.15504739107e-07
2.13948564601e-08	5.24722563e-06
2.15018307424e-08	8.49385349966e-06
2.16088050247e-08	8.92631931038e-06
2.1715779307e-08	6.54166098002e-06
2.18227535893e-08	2.21894266872e-06
2.19297278716e-08	-2.59582181172e-06
2.20367021539e-08	-6.37112793811e-06
2.21436764362e-08	-7.9727358866e-06
2.22506507185e-08	-7.00094363992e-06
2.23576250008e-08	-3.88091939385e-06
2.24645992831e-08	3.08459378928e-07
2.25715735654e-08	4.20452622052e-06
2.26785478477e-08	6.60014819687e-06
2.278552213e-08	6.81501711597e-06
2.28924964123e-08	4.88447565772e-06
2.29994706946e-08	1.51406781868e-06
2.31064449769e-08	-2.17257762358e-06
2.32134192592e-08	-5.00539121617e-06
2.33203935415e-08	-6.13655663528e-06
2.34273678238e-08	-5.29164847762e-06
2.35343421061e-08	-2.82857652678e-06
2.36413163884e-08	4.05249089397e-07
2.37482906707e-08	3.36021361136e-06
2.3855264953e-08	5.12348958637e-06
2.39622392353e-08	5.19853702485e-06
2.40692135176e-08	3.64118787388e-06
2.41761877999e-08	1.01585452938e-06
2.42831620822e-08	-1.80440545705e-06
2.43901363645e-08	-3.9267026466e-06
2.44971106468e-08	-4.71908106192e-06
2.46040849291e-08	-3.99525225703e-06
2.47110592114e-08	-2.05377024542e-06
2.48180334937e-08	4.40186303408e-07
2.4925007776e-08	2.67907098817e-06
2.50319820583e-08	3.97322651224e-06
2.51389563406e-08	3.96171677153e-06
2.52459306229e-08	2.7093065853e-06
2.53529049052e-08	6.66891430967e-07
2.54598791875e-08	-1.48869155225e-06
2.55668534698e-08	-3.07652976517e-06
2.56738277521e-08	-3.62567729439e-06
2.57808020344e-08	-3.01297728811e-06
2.58877763167e-08	-1.48514996567e-06
2.5994750599e-08	4.36579551177e-07
2.61017248813e-08	2.13112363667e-06
