% time-domain current integration by openEMS v0.0.36-16-g7d7688a @Mon Jan  6 15:59:53 2025
% start-coordinates: (-0.00252587,0.000702916,-2.6092e-05) m -> [39,70,22]
% stop-coordinates: (0.00179194,0.000702916,2.2079e-05) m -> [44,70,23]
% t/s	current
3.51657732743e-14	0
1.07009448074e-10	1.12928788543e-09
2.13983730374e-10	2.34963426493e-09
3.20958012675e-10	3.20351767336e-09
4.27932294975e-10	3.03489700038e-09
5.34906577276e-10	3.61566748763e-10
6.41880859576e-10	-5.21671283948e-09
7.48855141876e-10	-1.30538762022e-08
8.55829424177e-10	-2.04677021998e-08
9.62803706477e-10	-2.23653611187e-08
1.06977798878e-09	-1.24817276514e-08
1.17675227108e-09	1.34172388755e-08
1.28372655338e-09	5.36234949777e-08
1.39070083568e-09	9.65269393305e-08
1.49767511798e-09	1.19904029816e-07
1.60464940028e-09	9.64115685065e-08
1.71162368258e-09	5.23570165001e-09
1.81859796488e-09	-1.5151640298e-07
1.92557224718e-09	-3.35311284516e-07
2.03254652948e-09	-4.69430915473e-07
2.13952081178e-09	-4.57197870674e-07
2.24649509408e-09	-2.21430127567e-07
2.35346937638e-09	2.4560233669e-07
2.46044365868e-09	8.42258202738e-07
2.56741794098e-09	1.35512925681e-06
2.67439222328e-09	1.51183269281e-06
2.78136650559e-09	1.08665994958e-06
2.88834078789e-09	2.73957709851e-08
2.99531507019e-09	-1.45264550611e-06
3.10228935249e-09	-2.8753559036e-06
3.20926363479e-09	-3.62441005564e-06
3.31623791709e-09	-3.17754756907e-06
3.42321219939e-09	-1.36631933856e-06
3.53018648169e-09	1.45115427586e-06
3.63716076399e-09	4.40914072897e-06
3.74413504629e-09	6.38326810076e-06
3.85110932859e-09	6.40920688966e-06
3.95808361089e-09	4.11719429394e-06
4.06505789319e-09	-8.94613094715e-09
4.17203217549e-09	-4.69346059617e-06
4.27900645779e-09	-8.27435269457e-06
4.38598074009e-09	-9.32401235332e-06
4.49295502239e-09	-7.24332085156e-06
4.59992930469e-09	-2.57186502495e-06
4.70690358699e-09	3.14299131787e-06
4.81387786929e-09	7.89555724623e-06
4.92085215159e-09	9.98399264063e-06
5.02782643389e-09	8.6765812739e-06
5.13480071619e-09	4.50293964604e-06
5.2417749985e-09	-9.5650170806e-07
5.3487492808e-09	-5.6979515648e-06
5.4557235631e-09	-8.07781998446e-06
5.5626978454e-09	-7.42921656638e-06
5.6696721277e-09	-4.26529732067e-06
5.77664641e-09	-4.17060164182e-09
5.8836206923e-09	3.64812490261e-06
5.9905949746e-09	5.38596259503e-06
6.0975692569e-09	4.78002039017e-06
6.2045435392e-09	2.36441860579e-06
6.3115178215e-09	-6.68155223593e-07
6.4184921038e-09	-3.00624969896e-06
6.5254663861e-09	-3.75545801035e-06
6.6324406684e-09	-2.75592901744e-06
6.7394149507e-09	-5.76084175918e-07
6.846389233e-09	1.78205891643e-06
6.9533635153e-09	3.320402584e-06
7.0603377976e-09	3.43897818311e-06
7.1673120799e-09	2.13871362575e-06
7.2742863622e-09	-2.49332394731e-08
7.3812606445e-09	-2.19405160351e-06
7.4882349268e-09	-3.55090628545e-06
7.59520920911e-09	-3.61629258805e-06
7.70218349141e-09	-2.40050576394e-06
7.80915777371e-09	-3.6803214698e-07
7.91613205601e-09	1.75342506736e-06
8.02310633831e-09	3.23953327097e-06
8.13008062061e-09	3.61461229659e-06
8.23705490291e-09	2.79600499198e-06
8.34402918521e-09	1.09863219677e-06
8.45100346751e-09	-8.90575165613e-07
8.55797774981e-09	-2.51811661656e-06
8.66495203211e-09	-3.27802808897e-06
8.77192631441e-09	-2.96610255646e-06
8.87890059671e-09	-1.72928707798e-06
8.98587487901e-09	-1.09271081072e-09
9.09284916131e-09	1.65010919773e-06
9.19982344361e-09	2.70727491625e-06
9.30679772591e-09	2.86516456072e-06
9.41377200821e-09	2.11603924072e-06
9.52074629051e-09	7.37609184398e-07
9.62772057281e-09	-8.07572064332e-07
9.73469485511e-09	-2.02723549592e-06
9.84166913741e-09	-2.55401255345e-06
9.94864341972e-09	-2.25520943786e-06
1.0055617702e-08	-1.26332679429e-06
1.01625919843e-08	7.83329525689e-08
1.02695662666e-08	1.33308276418e-06
1.03765405489e-08	2.11188489629e-06
1.04835148312e-08	2.19293929149e-06
1.05904891135e-08	1.58363320679e-06
1.06974633958e-08	5.07325523813e-07
1.08044376781e-08	-6.76825379742e-07
1.09114119604e-08	-1.59262094712e-06
1.10183862427e-08	-1.96571522793e-06
1.1125360525e-08	-1.70468535998e-06
1.12323348073e-08	-9.21118669339e-07
1.13393090896e-08	1.14878645263e-07
1.14462833719e-08	1.06685342871e-06
1.15532576542e-08	1.64043024142e-06
1.16602319365e-08	1.67368978055e-06
1.17672062188e-08	1.18158982332e-06
1.18741805011e-08	3.42996059999e-07
1.19811547834e-08	-5.63038724977e-07
1.20881290657e-08	-1.24948235225e-06
1.2195103348e-08	-1.51153665229e-06
1.23020776303e-08	-1.28702504298e-06
1.24090519126e-08	-6.69133498832e-07
1.25160261949e-08	1.3005868027e-07
1.26230004772e-08	8.51594450069e-07
1.27299747595e-08	1.27303542286e-06
1.28369490418e-08	1.27640373648e-06
1.29439233241e-08	8.80278435034e-07
1.30508976064e-08	2.27571206324e-07
1.31578718887e-08	-4.65155267193e-07
1.3264846171e-08	-9.78941784524e-07
1.33718204533e-08	-1.16122555482e-06
1.34787947356e-08	-9.70447899817e-07
1.35857690179e-08	-4.83914107008e-07
1.36927433002e-08	1.32028389999e-07
1.37997175825e-08	6.78312005675e-07
1.39066918648e-08	9.87022531262e-07
1.40136661471e-08	9.72598058979e-07
1.41206404294e-08	6.5471920152e-07
1.42276147117e-08	1.47246993265e-07
1.4334588994e-08	-3.81893670465e-07
1.44415632763e-08	-7.65888557908e-07
1.45485375586e-08	-8.91216529908e-07
1.46555118409e-08	-7.30770182145e-07
1.47624861232e-08	-3.48238131664e-07
1.48694604055e-08	1.2607848987e-07
1.49764346878e-08	5.39244354059e-07
1.50834089701e-08	7.64666651776e-07
1.51903832524e-08	7.40531845622e-07
1.52973575347e-08	4.86120597998e-07
1.5404331817e-08	9.19712235259e-08
1.55113060993e-08	-3.11852687673e-07
1.56182803816e-08	-5.98355995862e-07
1.57252546639e-08	-6.83281598413e-07
1.58322289462e-08	-5.49479125311e-07
1.59392032285e-08	-2.49148769171e-07
1.60461775108e-08	1.15777787357e-07
1.61531517931e-08	4.27923367852e-07
1.62601260754e-08	5.9194962887e-07
1.63671003577e-08	5.63425828659e-07
1.647407464e-08	3.60324548865e-07
1.65810489223e-08	5.44896714416e-08
1.66880232046e-08	-2.53418306784e-07
1.67949974869e-08	-4.66826094225e-07
1.69019717692e-08	-5.23295568655e-07
1.70089460515e-08	-4.12507802139e-07
1.71159203338e-08	-1.77029917836e-07
1.72228946161e-08	1.03492062919e-07
1.73298688984e-08	3.39039218034e-07
1.74368431807e-08	4.57926603303e-07
1.7543817463e-08	4.28373056138e-07
1.76507917453e-08	2.66611294819e-07
1.77577660276e-08	2.95392386107e-08
1.78647403099e-08	-2.05018750421e-07
1.79717145922e-08	-3.63684620197e-07
1.80786888745e-08	-4.00307499149e-07
1.81856631569e-08	-3.09139238652e-07
1.82926374392e-08	-1.24752162378e-07
1.83996117215e-08	9.06994657157e-08
1.85065860038e-08	2.68245059942e-07
1.86135602861e-08	3.54030930794e-07
1.87205345684e-08	3.25489423858e-07
1.88275088507e-08	1.96929391905e-07
1.8934483133e-08	1.33355850807e-08
1.90414574153e-08	-1.65180921385e-07
1.91484316976e-08	-2.82919444317e-07
1.92554059799e-08	-3.05841751924e-07
1.93623802622e-08	-2.3122147752e-07
1.94693545445e-08	-8.70200835834e-08
1.95763288268e-08	7.83115297054e-08
1.96833031091e-08	2.11973514297e-07
1.97902773914e-08	2.73566058695e-07
1.98972516737e-08	2.47182356361e-07
2.0004225956e-08	1.45217953218e-07
2.01112002383e-08	3.17101100933e-09
2.02181745206e-08	-1.32563087618e-07
2.03251488029e-08	-2.19750035058e-07
2.04321230852e-08	-2.33351428847e-07
2.05390973675e-08	-1.72561115619e-07
2.06460716498e-08	-5.99181930738e-08
2.07530459321e-08	6.68398882908e-08
2.08600202144e-08	1.67335201695e-07
2.09669944967e-08	2.11314144849e-07
2.1073968779e-08	1.8763979881e-07
2.11809430613e-08	1.06920666099e-07
2.12879173436e-08	-2.87862955695e-09
2.13948916259e-08	-1.05984156562e-07
2.15018659082e-08	-1.70404248934e-07
2.16088401905e-08	-1.77768612275e-07
2.17158144728e-08	-1.28450551529e-07
2.18227887551e-08	-4.05640996348e-08
2.19297630374e-08	5.65364999261e-08
2.20367373197e-08	1.3199615978e-07
2.2143711602e-08	1.63184608937e-07
2.22506858843e-08	1.42408339343e-07
2.23576601666e-08	7.86199549907e-08
2.24646344489e-08	-6.17626039201e-09
2.25716087312e-08	-8.44192200589e-08
2.26785830135e-08	-1.31899369649e-07
2.27855572958e-08	-1.35189139883e-07
2.28925315781e-08	-9.53274863491e-08
2.29995058604e-08	-2.68334918729e-08
2.31064801427e-08	4.74868393496e-08
2.3213454425e-08	1.04069293627e-07
2.33204287073e-08	1.26017098978e-07
2.34274029896e-08	1.08081593453e-07
2.35343772719e-08	5.77589531758e-08
2.36413515542e-08	-7.66921193218e-09
2.37483258365e-08	-6.69853932322e-08
2.38553001188e-08	-1.01894990223e-07
2.39622744011e-08	-1.02600942853e-07
2.40692486834e-08	-7.04883973413e-08
2.41762229657e-08	-1.71658278703e-08
2.4283197248e-08	3.96649078027e-08
2.43901715303e-08	8.20302687998e-08
2.44971458126e-08	9.73408020855e-08
2.46041200949e-08	8.2059351314e-08
2.47110943772e-08	4.24181330061e-08
2.48180686595e-08	-8.01791522065e-09
2.49250429418e-08	-5.29395265403e-08
2.50320172241e-08	-7.85283944538e-08
2.51389915064e-08	-7.76770505695e-08
2.52459657887e-08	-5.18883815914e-08
2.5352940071e-08	-1.04208002227e-08
2.54599143533e-08	3.29980878178e-08
2.55668886356e-08	6.46740261345e-08
2.56738629179e-08	7.52280655547e-08
2.57808372002e-08	6.23503666475e-08
2.58878114825e-08	3.11738581615e-08
2.59947857648e-08	-7.6758208678e-09
2.61017600471e-08	-4.16579553075e-08
