% time-domain voltage integration by openEMS v0.0.36-16-g7d7688a @Tue Dec 31 21:25:22 2024
% start-coordinates: (-0.000333333,-0.012,1.16e-05) m -> [26,37,13]
% stop-coordinates: (-0.000333333,-0.01,1.16e-05) m -> [26,41,13]
% t/s	voltage
0	-0
1.07010592982e-10	7.30128093096e-07
2.14021185964e-10	1.170791748e-06
3.21031778946e-10	1.28397812205e-06
4.28042371928e-10	5.87775836891e-07
5.3505296491e-10	-1.25777094695e-06
6.42063557891e-10	-4.15309511936e-06
7.49074150873e-10	-7.2991081197e-06
8.56084743855e-10	-8.87271653482e-06
9.63095336837e-10	-6.32267074252e-06
1.07010592982e-09	2.39795889456e-06
1.1771165228e-09	1.72541349457e-05
1.28412711578e-09	3.45146659129e-05
1.39113770876e-09	4.5882032282e-05
1.49814830175e-09	4.03380599892e-05
1.60515889473e-09	8.57278268995e-06
1.71216948771e-09	-5.02959983351e-05
1.81918008069e-09	-0.000122678236949
1.92619067367e-09	-0.000178839462023
2.03320126666e-09	-0.000179518105142
2.14021185964e-09	-9.17703473533e-05
2.24722245262e-09	8.9826175099e-05
2.3542330456e-09	0.000325580895151
2.46124363858e-09	0.000528454191226
2.56825423157e-09	0.000585833666264
2.67526482455e-09	0.000404717233323
2.78227541753e-09	-3.34698465849e-05
2.88928601051e-09	-0.000633222458418
2.99629660349e-09	-0.00118707973161
3.10330719648e-09	-0.00143400332308
3.21031778946e-09	-0.00116423888539
3.31732838244e-09	-0.000333490410412
3.42433897542e-09	0.000867203387315
3.5313495684e-09	0.00203299094574
3.63836016139e-09	0.00267233763589
3.74537075437e-09	0.00240536229103
3.85238134735e-09	0.00115571598872
3.95939194033e-09	-0.000755506800488
4.06640253331e-09	-0.00267668868764
4.17341312629e-09	-0.00385121419095
4.28042371928e-09	-0.00372393534053
4.38743431226e-09	-0.00220128096407
4.49444490524e-09	0.00025790196014
4.60145549822e-09	0.00278021366103
4.7084660912e-09	0.00440524611622
4.81547668419e-09	0.0044741514721
4.92248727717e-09	0.00291362812277
5.02949787015e-09	0.000286734801193
5.13650846313e-09	-0.00242015774711
5.24351905611e-09	-0.00418949656887
5.3505296491e-09	-0.00437887437874
5.45754024208e-09	-0.0029698072467
5.56455083506e-09	-0.000556879451324
5.67156142804e-09	0.00191089243162
5.77857202102e-09	0.00351917056832
5.88558261401e-09	0.00374057376757
5.99259320699e-09	0.00260834803339
6.09960379997e-09	0.000654731506074
6.20661439295e-09	-0.00133988236485
6.31362498593e-09	-0.00266696803737
6.42063557891e-09	-0.00294391001808
6.5276461719e-09	-0.00221039252938
6.63465676488e-09	-0.000851870456245
6.74166735786e-09	0.000593217322603
6.84867795084e-09	0.00164877768839
6.95568854382e-09	0.00205305923009
7.06269913681e-09	0.00180306762923
7.16970972979e-09	0.00109847102431
7.27672032277e-09	0.000229367335123
7.38373091575e-09	-0.000537116153282
7.49074150873e-09	-0.00103055547515
7.59775210172e-09	-0.00119734999316
7.7047626947e-09	-0.00107773895434
7.81177328768e-09	-0.000763116535381
7.91878388066e-09	-0.000355893243977
8.02579447364e-09	5.55315700694e-05
8.13280506663e-09	0.000405502330977
8.23981565961e-09	0.000649746638373
8.34682625259e-09	0.000761647388572
8.45383684557e-09	0.000731032348995
8.56084743855e-09	0.000566152310057
8.66785803154e-09	0.000296280726616
8.77486862452e-09	-2.87236134682e-05
8.8818792175e-09	-0.000344397863955
8.98888981048e-09	-0.000583568398724
9.09590040346e-09	-0.000691776644089
9.20291099644e-09	-0.000642161838186
9.30992158943e-09	-0.00044480964425
9.41693218241e-09	-0.000146853984916
9.52394277539e-09	0.000178006332135
9.63095336837e-09	0.000448582410172
9.73796396135e-09	0.000597475482209
9.84497455434e-09	0.000590456169448
9.95198514732e-09	0.000435665118857
1.00589957403e-08	0.000180566516065
1.01660063333e-08	-0.00010219750402
1.02730169263e-08	-0.00033618481757
1.03800275192e-08	-0.000462621283077
1.04870381122e-08	-0.000456030262285
1.05940487052e-08	-0.000329525326379
1.07010592982e-08	-0.000128803505504
1.08080698912e-08	8.32553341752e-05
1.09150804842e-08	0.00024593307171
1.10220910771e-08	0.000318406724546
1.11291016701e-08	0.00029040091249
1.12361122631e-08	0.000182872803634
1.13431228561e-08	3.89128940697e-05
1.14501334491e-08	-9.17412999115e-05
1.1557144042e-08	-0.000169246857695
1.1664154635e-08	-0.000175792714799
1.1771165228e-08	-0.000119580749015
1.1878175821e-08	-2.97130445688e-05
1.1985186414e-08	5.57242710784e-05
1.2092197007e-08	0.000103917698652
1.21992075999e-08	9.88736828731e-05
1.23062181929e-08	4.62983434772e-05
1.24132287859e-08	-2.95644963444e-05
1.25202393789e-08	-9.57473439485e-05
1.26272499719e-08	-0.000123261404951
1.27342605648e-08	-9.81442190096e-05
1.28412711578e-08	-2.68796329692e-05
1.29482817508e-08	6.56867305224e-05
1.30552923438e-08	0.000145194575452
1.31623029368e-08	0.000180236722372
1.32693135298e-08	0.000154046922034
1.33763241227e-08	7.1195036071e-05
1.34833347157e-08	-4.31786588706e-05
1.35903453087e-08	-0.000151450201884
1.36973559017e-08	-0.0002162616438
1.38043664947e-08	-0.000213519626413
1.39113770876e-08	-0.000141134034493
1.40183876806e-08	-2.04050227239e-05
1.41253982736e-08	0.0001105998399
1.42324088666e-08	0.000209461388295
1.43394194596e-08	0.000243513484747
1.44464300526e-08	0.000200854698051
1.45534406455e-08	9.45378324104e-05
1.46604512385e-08	-4.15192685068e-05
1.47674618315e-08	-0.000163582968526
1.48744724245e-08	-0.000232447957387
1.49814830175e-08	-0.000226326570555
1.50884936105e-08	-0.000147953120177
1.51955042034e-08	-2.35965922002e-05
1.53025147964e-08	0.000105747294583
1.54095253894e-08	0.00019795343178
1.55165359824e-08	0.000223680031922
1.56235465754e-08	0.000175898181624
1.57305571683e-08	7.1950687925e-05
1.58375677613e-08	-5.25571967955e-05
1.59445783543e-08	-0.000155852267198
1.60515889473e-08	-0.000204036725336
1.61585995403e-08	-0.000182274121471
1.62656101333e-08	-9.9484113889e-05
1.63726207262e-08	1.50658759139e-05
1.64796313192e-08	0.000121910854432
1.65866419122e-08	0.000184873984836
1.66936525052e-08	0.000183258500329
1.68006630982e-08	0.000118669275253
1.69076736911e-08	1.41684795381e-05
1.70146842841e-08	-9.38155426411e-05
1.71216948771e-08	-0.000168060221768
1.72287054701e-08	-0.000183259980986
1.73357160631e-08	-0.000134584437546
1.74427266561e-08	-3.91771804971e-05
1.7549737249e-08	6.98623807693e-05
1.7656747842e-08	0.000154882620336
1.7763758435e-08	0.000186611858226
1.7870769028e-08	0.000154137243953
1.7977779621e-08	6.85875420459e-05
1.80847902139e-08	-4.0721489313e-05
1.81918008069e-08	-0.00013635383948
1.82988113999e-08	-0.00018555650604
1.84058219929e-08	-0.000171422005224
1.85128325859e-08	-9.86515224213e-05
1.86198431789e-08	8.08602817415e-06
1.87268537718e-08	0.000112552132123
1.88338643648e-08	0.000179274788024
1.89408749578e-08	0.000185598473763
1.90478855508e-08	0.000129365831526
1.91548961438e-08	2.96058783533e-05
1.92619067367e-08	-7.99321369414e-05
1.93689173297e-08	-0.000162245993124
1.94759279227e-08	-0.000189604837942
1.95829385157e-08	-0.000152920605615
1.96899491087e-08	-6.47536007818e-05
1.97969597017e-08	4.49918202321e-05
1.99039702946e-08	0.000139241245051
2.00109808876e-08	0.000186294979358
2.01179914806e-08	0.000170532963239
2.02250020736e-08	9.75943930825e-05
2.03320126666e-08	-7.59230852054e-06
2.04390232595e-08	-0.000109358874397
2.05460338525e-08	-0.000173380427441
2.06530444455e-08	-0.000178289099495
2.07600550385e-08	-0.000122803281556
2.08670656315e-08	-2.60775759671e-05
2.09740762245e-08	7.89253926996e-05
2.10810868174e-08	0.000156622278155
2.11880974104e-08	0.000180907927643
2.12951080034e-08	0.000143898490933
2.14021185964e-08	5.85283214605e-05
2.15091291894e-08	-4.59733391835e-05
2.16161397823e-08	-0.000134062638608
2.17231503753e-08	-0.000175967194082
2.18301609683e-08	-0.000157734517416
2.19371715613e-08	-8.58940384205e-05
2.20441821543e-08	1.48863600771e-05
2.21511927473e-08	0.000110244776806
2.22582033402e-08	0.000167841302755
2.23652139332e-08	0.000168298289282
2.24722245262e-08	0.000111743371235
2.25792351192e-08	1.76302271484e-05
2.26862457122e-08	-8.19195392978e-05
2.27932563051e-08	-0.000153087923536
2.29002668981e-08	-0.00017183847558
2.30072774911e-08	-0.000132020864839
2.31142880841e-08	-4.73904801765e-05
2.32212986771e-08	5.31582390977e-05
2.33283092701e-08	0.00013544754438
2.3435319863e-08	0.000171638917891
2.3542330456e-08	0.000149636391143
2.3649341049e-08	7.71344903114e-05
2.3756351642e-08	-2.10881187286e-05
2.3863362235e-08	-0.00011162301962
2.39703728279e-08	-0.00016382506692
2.40773834209e-08	-0.000160149240401
2.41843940139e-08	-0.000102074667666
2.42914046069e-08	-9.50680464484e-06
2.43984151999e-08	8.60446234583e-05
2.45054257929e-08	0.000152201082528
2.46124363858e-08	0.000166669886312
2.47194469788e-08	0.000124784870422
2.48264575718e-08	4.09817066611e-05
2.49334681648e-08	-5.6160006352e-05
2.50404787578e-08	-0.000133682146043
2.51474893508e-08	-0.00016541074001
2.52544999437e-08	-0.000140816035128
2.53615105367e-08	-6.84872675265e-05
2.54685211297e-08	2.68454887191e-05
2.55755317227e-08	0.000112782063297
2.56825423157e-08	0.000160247396707
2.57895529086e-08	0.000153354150825
2.58965635016e-08	9.46901072894e-05
2.60035740946e-08	4.3822727207e-06
2.61105846876e-08	-8.68149527378e-05
2.62175952806e-08	-0.00014799830933
2.63246058736e-08	-0.000158579458002
2.64316164665e-08	-0.000115209646538
2.65386270595e-08	-3.28468058797e-05
2.66456376525e-08	6.0408074205e-05
2.67526482455e-08	0.0001329004117
2.68596588385e-08	0.000160157131177
2.69666694314e-08	0.000133149527755
2.70736800244e-08	6.12907424511e-05
2.71806906174e-08	-3.08563826366e-05
2.72877012104e-08	-0.00011195940715
2.73947118034e-08	-0.000154582565301
2.75017223964e-08	-0.000144451072629
2.76087329893e-08	-8.52447856232e-05
2.77157435823e-08	2.74312174042e-06
2.78227541753e-08	8.9554864644e-05
2.79297647683e-08	0.000145771951793
2.80367753613e-08	0.000152474232891
2.81437859542e-08	0.000107617943286
2.82507965472e-08	2.66417036983e-05
2.83578071402e-08	-6.28458856227e-05
2.84648177332e-08	-0.000130473054014
2.85718283262e-08	-0.000153417740876
2.86788389192e-08	-0.000124108442833
2.87858495121e-08	-5.27127986061e-05
2.88928601051e-08	3.63836643373e-05
2.89998706981e-08	0.000112896606879
2.91068812911e-08	0.000150958052473
2.92138918841e-08	0.000137841905598
2.9320902477e-08	7.82264887675e-05
2.942791307e-08	-7.4772572134e-06
2.9534923663e-08	-9.00983759493e-05
2.9641934256e-08	-0.000141653985338
2.9748944849e-08	-0.00014481477956
2.9855955442e-08	-9.87319890555e-05
2.99629660349e-08	-1.92437753412e-05
3.00699766279e-08	6.65507204758e-05
3.01769872209e-08	0.000129555290187
3.02839978139e-08	0.000148519477079
3.03910084069e-08	0.000117218663945
3.04980189998e-08	4.64923132313e-05
3.06050295928e-08	-3.95084125557e-05
3.07120401858e-08	-0.000111568757347
3.08190507788e-08	-0.000145332405737
3.09260613718e-08	-0.000129530828417
3.10330719648e-08	-6.97502946423e-05
3.11400825577e-08	1.35470249916e-05
3.12470931507e-08	9.20231977943e-05
3.13541037437e-08	0.000139103125548
3.14611143367e-08	0.000138979001349
3.15681249297e-08	9.19077938306e-05
3.16751355226e-08	1.40590173032e-05
3.17821461156e-08	-6.80413586451e-05
3.18891567086e-08	-0.000126548435219
3.19961673016e-08	-0.000141741038533
3.21031778946e-08	-0.000108673200884
3.22101884876e-08	-3.87689387935e-05
3.23171990805e-08	4.41065467385e-05
3.24242096735e-08	0.000111806952191
3.25312202665e-08	0.000141456370329
3.26382308595e-08	0.000123184763652
3.27452414525e-08	6.33992940493e-05
3.28522520454e-08	-1.74417120888e-05
3.29592626384e-08	-9.18478599488e-05
3.30662732314e-08	-0.00013462887182
3.31732838244e-08	-0.000131431417685
3.32802944174e-08	-8.35474438645e-05
3.33873050104e-08	-7.41595488307e-06
3.34943156033e-08	7.1036164627e-05
3.36013261963e-08	0.000125207625388
3.37083367893e-08	0.000136852584546
3.38153473823e-08	0.000102212454294
3.39223579753e-08	3.3250323213e-05
3.40293685682e-08	-4.65116463602e-05
3.41363791612e-08	-0.000109990751298
3.42433897542e-08	-0.000135746597152
3.43504003472e-08	-0.000115223512694
3.44574109402e-08	-5.55900205654e-05
3.45644215332e-08	2.27642533446e-05
3.46714321261e-08	9.31994345592e-05
3.47784427191e-08	0.000131878412503
3.48854533121e-08	0.00012584103024
3.49924639051e-08	7.73350693635e-05
3.50994744981e-08	2.99906059809e-06
3.52064850911e-08	-7.1859021773e-05
3.5313495684e-08	-0.000121860695799
3.5420506277e-08	-0.000130182652356
3.552751687e-08	-9.41885919019e-05
3.5634527463e-08	-2.62882376774e-05
3.5741538056e-08	5.0369906603e-05
3.58485486489e-08	0.00010975409532
3.59555592419e-08	0.00013182899238
3.60625698349e-08	0.000109273029011
3.61695804279e-08	4.99468314956e-05
3.62765910209e-08	-2.58846384895e-05
3.63836016139e-08	-9.24343312363e-05
3.64906122068e-08	-0.000127201830765
3.65976227998e-08	-0.000118540552648
3.67046333928e-08	-6.95952494425e-05
3.68116439858e-08	2.87162481527e-06
3.69186545788e-08	7.41835037843e-05
3.70256651717e-08	0.000120184686239
3.71326757647e-08	0.000125391587062
3.72396863577e-08	8.82372387423e-05
3.73466969507e-08	2.1498912929e-05
3.74537075437e-08	-5.20612329638e-05
3.75607181367e-08	-0.000107484680484
3.76677287296e-08	-0.000126070492115
3.77747393226e-08	-0.000101692936369
3.78817499156e-08	-4.28058401667e-05
3.79887605086e-08	3.04736304315e-05
3.80957711016e-08	9.32417806325e-05
3.82027816945e-08	0.00012427652473
3.83097922875e-08	0.000113205642265
3.84168028805e-08	6.39714271529e-05
3.85238134735e-08	-6.56085296669e-06
3.86308240665e-08	-7.43923574191e-05
3.87378346595e-08	-0.000116544797493
3.88448452524e-08	-0.00011885096319
3.89518558454e-08	-8.07112928669e-05
3.90588664384e-08	-1.52381635417e-05
3.91658770314e-08	5.52528099433e-05
3.92728876244e-08	0.000106849402073
3.93798982173e-08	0.000122148354421
3.94869088103e-08	9.61384939728e-05
3.95939194033e-08	3.78163995265e-05
3.97009299963e-08	-3.28937762788e-05
3.98079405893e-08	-9.1982914455e-05
3.99149511823e-08	-0.000119467960758
4.00219617752e-08	-0.000106184350443
4.01289723682e-08	-5.68179084439e-05
4.02359829612e-08	1.17290151138e-05
4.03429935542e-08	7.61444443924e-05
4.04500041472e-08	0.000114609341836
4.05570147401e-08	0.000114212065455
4.06640253331e-08	7.52615687816e-05
4.07710359261e-08	1.11405597636e-05
4.08780465191e-08	-5.63125495319e-05
4.09850571121e-08	-0.000104210046629
4.10920677051e-08	-0.000116418939797
4.1199078298e-08	-8.89603206815e-05
4.1306088891e-08	-3.13236519105e-05
4.1413099484e-08	3.68200776393e-05
4.1520110077e-08	9.23244460864e-05
4.162712067e-08	0.000116441266073
4.17341312629e-08	0.000101136149169
4.18411418559e-08	5.17800262969e-05
4.19481524489e-08	-1.47421046677e-05
4.20551630419e-08	-7.58067089919e-05
4.21621736349e-08	-0.00011074906979
4.22691842279e-08	-0.000107839374323
4.23761948208e-08	-6.82406353008e-05
4.24832054138e-08	-5.54288430976e-06
4.25902160068e-08	5.89026749367e-05
4.26972265998e-08	0.000103242173282
4.28042371928e-08	0.000112542067654
4.29112477857e-08	8.38121331981e-05
4.30182583787e-08	2.69668594228e-05
4.31252689717e-08	-3.86052829526e-05
4.32322795647e-08	-9.06359782675e-05
4.33392901577e-08	-0.000111556793854
4.34463007507e-08	-9.441774273e-05
4.35533113436e-08	-4.52056692666e-05
4.36603219366e-08	1.92572176729e-05
4.37673325296e-08	7.70512051531e-05
4.38743431226e-08	0.000108622061816
4.39813537156e-08	0.000103387135823
4.40883643085e-08	6.32952724118e-05
4.41953749015e-08	2.08708593163e-06
4.43023854945e-08	-5.9390657043e-05
4.44093960875e-08	-0.00010030319936
4.45164066805e-08	-0.000106876899736
4.46234172735e-08	-7.70499464124e-05
4.47304278664e-08	-2.10857822367e-05
4.48374384594e-08	4.19172438342e-05
4.49444490524e-08	9.05832894205e-05
4.50514596454e-08	0.000108478849143
4.51584702384e-08	8.96848478078e-05
4.52654808314e-08	4.07308280046e-05
4.53724914243e-08	-2.16429561988e-05
4.54795020173e-08	-7.62417994338e-05
4.55865126103e-08	-0.000104594664663
4.56935232033e-08	-9.72154884948e-05
4.58005337963e-08	-5.67685538044e-05
4.59075443892e-08	2.88702975126e-06
4.60145549822e-08	6.14443579252e-05
4.61215655752e-08	9.9064247479e-05
4.62285761682e-08	0.000103091526398
4.63355867612e-08	7.23156153981e-05
4.64425973542e-08	1.73272276243e-05
4.65496079471e-08	-4.31266034866e-05
4.66566185401e-08	-8.85325671334e-05
4.67636291331e-08	-0.000103567856058
4.68706397261e-08	-8.32829719002e-05
4.69776503191e-08	-3.47085565409e-05
4.7084660912e-08	2.55589893641e-05
4.7191671505e-08	7.70448477851e-05
4.7298682098e-08	0.000102333717223
4.7405692691e-08	9.29829329834e-05
4.7512703284e-08	5.23141916347e-05
4.7619713877e-08	-5.74172304368e-06
4.77267244699e-08	-6.14323889749e-05
4.78337350629e-08	-9.5889034128e-05
4.79407456559e-08	-9.75384718913e-05
4.80477562489e-08	-6.59650304442e-05
4.81547668419e-08	-1.20290426366e-05
4.82617774348e-08	4.58924132545e-05
4.83687880278e-08	8.81460300661e-05
4.84757986208e-08	0.00010049145385
4.85828092138e-08	7.88739371274e-05
4.86898198068e-08	3.07800346491e-05
4.87968303998e-08	-2.7370569569e-05
4.89038409927e-08	-7.58231399232e-05
4.90108515857e-08	-9.82032179309e-05
4.91178621787e-08	-8.70399408086e-05
4.92248727717e-08	-4.62782445538e-05
4.93318833647e-08	1.01382281628e-05
4.94388939576e-08	6.3013019826e-05
4.95459045506e-08	9.44426701608e-05
4.96529151436e-08	9.38758312259e-05
4.97599257366e-08	6.1650299358e-05
4.98669363296e-08	8.8352946932e-06
4.99739469226e-08	-4.65789571535e-05
5.00809575155e-08	-8.57955692481e-05
5.01879681085e-08	-9.56025833148e-05
5.02949787015e-08	-7.28085660739e-05
5.04019892945e-08	-2.52877093772e-05
5.05089998875e-08	3.07385867018e-05
5.06160104804e-08	7.62432910051e-05
5.07230210734e-08	9.58566979534e-05
5.08300316664e-08	8.30457474876e-05
5.09370422594e-08	4.23034921369e-05
5.10440528524e-08	-1.24356342894e-05
5.11510634454e-08	-6.25518005108e-05
5.12580740383e-08	-9.10857816052e-05
5.13650846313e-08	-8.84615037648e-05
5.14720952243e-08	-5.57176490474e-05
5.15791058173e-08	-4.08396908824e-06
5.16861164103e-08	4.88502346343e-05
5.17931270032e-08	8.5141733507e-05
5.19001375962e-08	9.2562275313e-05
5.20071481892e-08	6.87359352014e-05
5.21141587822e-08	2.18757086259e-05
5.22211693752e-08	-3.20251619996e-05
5.23281799682e-08	-7.4672955634e-05
5.24351905611e-08	-9.16612789297e-05
5.25422011541e-08	-7.73526444391e-05
5.26492117471e-08	-3.67395850844e-05
5.27562223401e-08	1.62920150615e-05
5.28632329331e-08	6.37165940134e-05
5.2970243526e-08	8.94818304005e-05
5.3077254119e-08	8.49567313708e-05
5.3184264712e-08	5.18136048413e-05
5.3291275305e-08	1.4175734151e-06
5.3398285898e-08	-4.90735501444e-05
5.3505296491e-08	-8.25426868687e-05
5.36123070839e-08	-8.77330439835e-05
5.37193176769e-08	-6.30100912531e-05
5.38263282699e-08	-1.68917904375e-05
5.39333388629e-08	3.48949633917e-05
5.40403494559e-08	7.47722360757e-05
5.41473600488e-08	8.92782600204e-05
5.42543706418e-08	7.36162564863e-05
5.43613812348e-08	3.32289364451e-05
5.44683918278e-08	-1.80753454515e-05
5.45754024208e-08	-6.28694087936e-05
5.46824130138e-08	-8.59906431288e-05
5.47894236067e-08	-7.97114335001e-05
5.48964341997e-08	-4.6289380407e-05
5.50034447927e-08	2.819457535e-06
5.51104553857e-08	5.09055143993e-05
5.52174659787e-08	8.16689152998e-05
5.53244765717e-08	8.47702058309e-05
5.54314871646e-08	5.92799078731e-05
5.55384977576e-08	1.39730150295e-05
5.56455083506e-08	-3.57082203664e-05
5.57525189436e-08	-7.29045441403e-05
5.58595295366e-08	-8.50673468449e-05
5.59665401295e-08	-6.81886785969e-05
5.60735507225e-08	-2.81241100311e-05
5.61805613155e-08	2.14440021864e-05
5.62875719085e-08	6.36694703644e-05
5.63945825015e-08	8.42790786919e-05
5.65015930945e-08	7.63851967349e-05
5.66086036874e-08	4.2794149067e-05
5.67156142804e-08	-4.99381275176e-06
5.68226248734e-08	-5.07126560478e-05
5.69296354664e-08	-7.88796296547e-05
