% time-domain current integration by openEMS v0.0.36-16-g7d7688a @Tue Dec 31 21:25:22 2024
% start-coordinates: (-0.00166667,-0.0113333,-1.16e-05) m -> [23,38,11]
% stop-coordinates: (0.001,-0.0113333,3.48e-05) m -> [28,38,15]
% t/s	current
6.88259538088e-15	0
1.07017475577e-10	6.41759445585e-09
2.14028068559e-10	8.19281087416e-09
3.21038661541e-10	5.9069096281e-09
4.28049254523e-10	-2.17533679958e-09
5.35059847505e-10	-1.77216552544e-08
6.42070440487e-10	-3.8504371247e-08
7.49081033469e-10	-5.42540519177e-08
8.56091626451e-10	-4.98978920405e-08
9.63102219433e-10	-1.12794023011e-08
1.07011281241e-09	6.91954582521e-08
1.1771234054e-09	1.78509154125e-07
1.28413399838e-09	2.73494606517e-07
1.39114459136e-09	2.88437519202e-07
1.49815518434e-09	1.52978898882e-07
1.60516577732e-09	-1.66300367255e-07
1.71217637031e-09	-6.22349602963e-07
1.81918696329e-09	-1.05892047486e-06
1.92619755627e-09	-1.23109646211e-06
2.03320814925e-09	-8.87186615728e-07
2.14021874223e-09	9.76718297352e-08
2.24722933522e-09	1.58419243235e-06
2.3542399282e-09	3.10504788104e-06
2.46125052118e-09	3.94411836169e-06
2.56826111416e-09	3.38457857652e-06
2.67527170714e-09	1.06688014512e-06
2.78228230013e-09	-2.68580220109e-06
2.88929289311e-09	-6.75810088069e-06
2.99630348609e-09	-9.48431807046e-06
3.10331407907e-09	-9.24131563806e-06
3.21032467205e-09	-5.20756975675e-06
3.31733526503e-09	2.03460604098e-06
3.42434585802e-09	1.039016297e-05
3.531356451e-09	1.68078986462e-05
3.63836704398e-09	1.83890879271e-05
3.74537763696e-09	1.3639953977e-05
3.85238822994e-09	3.31820456267e-06
3.95939882293e-09	-9.57060819928e-06
4.06640941591e-09	-2.07301145565e-05
4.17342000889e-09	-2.61525819951e-05
4.28043060187e-09	-2.3676584533e-05
4.38744119485e-09	-1.38507830343e-05
4.49445178784e-09	2.73863577149e-07
4.60146238082e-09	1.43208708323e-05
4.7084729738e-09	2.41991365328e-05
4.81548356678e-09	2.74509748124e-05
4.92249415976e-09	2.3817172405e-05
5.02950475275e-09	1.49149718709e-05
5.13651534573e-09	3.34377273248e-06
5.24352593871e-09	-8.26244558993e-06
5.35053653169e-09	-1.7818680135e-05
5.45754712467e-09	-2.39013152168e-05
5.56455771765e-09	-2.55962877418e-05
5.67156831064e-09	-2.24109662668e-05
5.77857890362e-09	-1.44451023516e-05
5.8855894966e-09	-2.73814066531e-06
5.99260008958e-09	1.05178150989e-05
6.09961068256e-09	2.22201233555e-05
6.20662127555e-09	2.91462147288e-05
6.31363186853e-09	2.90519801638e-05
6.42064246151e-09	2.16020944208e-05
6.52765305449e-09	8.66973823577e-06
6.63466364747e-09	-6.18978720013e-06
6.74167424046e-09	-1.89051734196e-05
6.84868483344e-09	-2.6221101507e-05
6.95569542642e-09	-2.66643546638e-05
7.0627060194e-09	-2.08089313674e-05
7.16971661238e-09	-1.08287140392e-05
7.27672720537e-09	3.85373880363e-07
7.38373779835e-09	1.01486466519e-05
7.49074839133e-09	1.66227746377e-05
7.59775898431e-09	1.90410501091e-05
7.70476957729e-09	1.75828226929e-05
7.81178017028e-09	1.30686412376e-05
7.91879076326e-09	6.64580647936e-06
8.02580135624e-09	-4.42669858103e-07
8.13281194922e-09	-7.00043165125e-06
8.2398225422e-09	-1.19768037621e-05
8.34683313518e-09	-1.45680169226e-05
8.45384372817e-09	-1.43341103467e-05
8.56085432115e-09	-1.13061123557e-05
8.66786491413e-09	-6.0384227254e-06
8.77487550711e-09	4.37748951754e-07
8.88188610009e-09	6.77884236211e-06
8.98889669308e-09	1.15979619295e-05
9.09590728606e-09	1.37855477078e-05
9.20291787904e-09	1.28033980218e-05
9.30992847202e-09	8.86154339241e-06
9.416939065e-09	2.9108543913e-06
9.52394965799e-09	-3.5720474898e-06
9.63096025097e-09	-8.9592540462e-06
9.73797084395e-09	-1.19171509141e-05
9.84498143693e-09	-1.17676918308e-05
9.95199202991e-09	-8.67377366376e-06
1.00590026229e-08	-3.58112220056e-06
1.01660132159e-08	2.06251456802e-06
1.02730238089e-08	6.73304703014e-06
1.03800344018e-08	9.25781660044e-06
1.04870449948e-08	9.12714494916e-06
1.05940555878e-08	6.60086243442e-06
1.07010661808e-08	2.58930822383e-06
1.08080767738e-08	-1.65278902386e-06
1.09150873668e-08	-4.91189530294e-06
1.10220979597e-08	-6.37008361082e-06
1.11291085527e-08	-5.81836729907e-06
1.12361191457e-08	-3.67200277651e-06
1.13431297387e-08	-7.89973057636e-07
1.14501403317e-08	1.83351323813e-06
1.15571509246e-08	3.39926486959e-06
1.16641615176e-08	3.54662938662e-06
1.17711721106e-08	2.43419890467e-06
1.18781827036e-08	6.39719644369e-07
1.19851932966e-08	-1.07688356366e-06
1.20922038896e-08	-2.05772767004e-06
1.21992144825e-08	-1.97814529201e-06
1.23062250755e-08	-9.45995282109e-07
1.24132356685e-08	5.60034663977e-07
1.25202462615e-08	1.88423825875e-06
1.26272568545e-08	2.44694047069e-06
1.27342674474e-08	1.96527071239e-06
1.28412780404e-08	5.62579145935e-07
1.29482886334e-08	-1.27114071802e-06
1.30552992264e-08	-2.85408782474e-06
1.31623098194e-08	-3.56014311365e-06
1.32693204124e-08	-3.05223238684e-06
1.33763310053e-08	-1.41650775731e-06
1.34833415983e-08	8.50955700571e-07
1.35903521913e-08	3.00395367958e-06
1.36973627843e-08	4.29892088505e-06
1.38043733773e-08	4.25404323323e-06
1.39113839702e-08	2.82395922113e-06
1.40183945632e-08	4.28580193557e-07
1.41254051562e-08	-2.17693218474e-06
1.42324157492e-08	-4.14880287281e-06
1.43394263422e-08	-4.83512440042e-06
1.44464369352e-08	-3.99569717047e-06
1.45534475281e-08	-1.88659919331e-06
1.46604581211e-08	8.1975338162e-07
1.47674687141e-08	3.25364453602e-06
1.48744793071e-08	4.63333617517e-06
1.49814899001e-08	4.52182166555e-06
1.5088500493e-08	2.96992652693e-06
1.5195511086e-08	4.9740066288e-07
1.5302521679e-08	-2.08093115361e-06
1.5409532272e-08	-3.92544461647e-06
1.5516542865e-08	-4.44908300778e-06
1.5623553458e-08	-3.50808977601e-06
1.57305640509e-08	-1.44407852076e-06
1.58375746439e-08	1.03606555513e-06
1.59445852369e-08	3.10043310492e-06
1.60515958299e-08	4.07163042837e-06
1.61586064229e-08	3.65041319128e-06
1.62656170158e-08	2.01026318791e-06
1.63726276088e-08	-2.68851096052e-07
1.64796382018e-08	-2.40173221755e-06
1.65866487948e-08	-3.66629660675e-06
1.66936593878e-08	-3.64694892596e-06
1.68006699808e-08	-2.37139101955e-06
1.69076805737e-08	-2.95298264064e-07
1.70146911667e-08	1.85742123904e-06
1.71217017597e-08	3.34474657393e-06
1.72287123527e-08	3.65982486983e-06
1.73357229457e-08	2.7023434086e-06
1.74427335386e-08	8.09692494386e-07
1.75497441316e-08	-1.36121150263e-06
1.76567547246e-08	-3.06075139633e-06
1.77637653176e-08	-3.7037536913e-06
1.78707759106e-08	-3.0690875974e-06
1.79777865036e-08	-1.37435802117e-06
1.80847970965e-08	7.99485292191e-07
1.81918076895e-08	2.70797090707e-06
1.82988182825e-08	3.6972937778e-06
1.84058288755e-08	3.42754628946e-06
1.85128394685e-08	1.98830275622e-06
1.86198500614e-08	-1.32459135216e-07
1.87268606544e-08	-2.21471395889e-06
1.88338712474e-08	-3.55132851837e-06
1.89408818404e-08	-3.6883636767e-06
1.90478924334e-08	-2.57901774603e-06
1.91549030264e-08	-5.98717349476e-07
1.92619136193e-08	1.58258501415e-06
1.93689242123e-08	3.22802361552e-06
1.94759348053e-08	3.7831894133e-06
1.95829453983e-08	3.06352194457e-06
1.96899559913e-08	1.31546482862e-06
1.97969665842e-08	-8.68153506417e-07
1.99039771772e-08	-2.74958370028e-06
2.00109877702e-08	-3.69598410543e-06
2.01179983632e-08	-3.39312578035e-06
2.02250089562e-08	-1.94954714061e-06
2.03320195492e-08	1.41431115708e-07
2.04390301421e-08	2.17066849473e-06
2.05460407351e-08	3.45381090483e-06
2.06530513281e-08	3.56247323907e-06
2.07600619211e-08	2.46743661592e-06
2.08670725141e-08	5.46753256003e-07
2.09740831071e-08	-1.54492806814e-06
2.10810937e-08	-3.09890288008e-06
2.1188104293e-08	-3.59291152563e-06
2.1295114886e-08	-2.86650424641e-06
2.1402125479e-08	-1.17362333185e-06
2.1509136072e-08	9.06065906747e-07
2.16161466649e-08	2.66518213721e-06
2.17231572579e-08	3.50919867742e-06
2.18301678509e-08	3.15694842357e-06
2.19371784439e-08	1.73484863808e-06
2.20441890369e-08	-2.68757730737e-07
2.21511996299e-08	-2.17070078179e-06
2.22582102228e-08	-3.32587273988e-06
2.23652208158e-08	-3.34569790539e-06
2.24722314088e-08	-2.22896642299e-06
2.25792420018e-08	-3.59950718121e-07
2.26862525948e-08	1.62342462318e-06
2.27932631877e-08	3.0473638617e-06
2.29002737807e-08	3.43089050148e-06
2.30072843737e-08	2.6481209261e-06
2.31142949667e-08	9.69461098066e-07
2.32213055597e-08	-1.03183685951e-06
2.33283161527e-08	-2.67552763944e-06
2.34353267456e-08	-3.40546444022e-06
2.35423373386e-08	-2.97766814583e-06
2.36493479316e-08	-1.54182271217e-06
2.37563585246e-08	4.11288567648e-07
2.38633691176e-08	2.21736809181e-06
2.39703797105e-08	3.26499298353e-06
2.40773903035e-08	3.20204662785e-06
2.41844008965e-08	2.05449805435e-06
2.42914114895e-08	2.15656712044e-07
2.43984220825e-08	-1.68844383097e-06
2.45054326755e-08	-3.01257387036e-06
2.46124432684e-08	-3.31053411173e-06
2.47194538614e-08	-2.48600917985e-06
2.48264644544e-08	-8.23289951768e-07
2.49334750474e-08	1.11066242425e-06
2.50404856404e-08	2.6595575946e-06
2.51474962333e-08	3.30046009367e-06
2.52545068263e-08	2.82058249468e-06
2.53615174193e-08	1.38764676194e-06
2.54685280123e-08	-5.0842913879e-07
2.55755386053e-08	-2.22319386012e-06
2.56825491983e-08	-3.17649232784e-06
2.57895597912e-08	-3.0490973586e-06
2.58965703842e-08	-1.88926901501e-06
2.60035809772e-08	-9.49859071397e-08
2.61105915702e-08	1.7227821445e-06
2.62176021632e-08	2.9479206205e-06
2.63246127561e-08	3.16818886859e-06
2.64316233491e-08	2.31367835113e-06
2.65386339421e-08	6.79131460402e-07
2.66456445351e-08	-1.17779597986e-06
2.67526551281e-08	-2.62666208073e-06
2.68596657211e-08	-3.17836497743e-06
2.6966676314e-08	-2.65008998213e-06
2.7073686907e-08	-1.22595690755e-06
2.71806975e-08	6.0712056893e-07
2.7287708093e-08	2.22585663323e-06
2.7394718686e-08	3.08258881887e-06
2.75017292789e-08	2.89041872747e-06
2.76087398719e-08	1.71928024884e-06
2.77157504649e-08	-2.92685236047e-08
2.78227610579e-08	-1.75995751306e-06
2.79297716509e-08	-2.88623596134e-06
2.80367822439e-08	-3.02902799376e-06
2.81437928368e-08	-2.14442979996e-06
2.82508034298e-08	-5.36978006949e-07
2.83578140228e-08	1.24526059153e-06
2.84648246158e-08	2.59737157648e-06
2.85718352088e-08	3.06301535602e-06
2.86788458017e-08	2.48841888606e-06
2.87858563947e-08	1.07306925656e-06
2.88928669877e-08	-6.99645795521e-07
2.89998775807e-08	-2.22716334974e-06
2.91068881737e-08	-2.99300427287e-06
2.92138987667e-08	-2.74102762887e-06
2.93209093596e-08	-1.56126134243e-06
2.94279199526e-08	1.42298588912e-07
2.95349305456e-08	1.78979769316e-06
2.96419411386e-08	2.82326959677e-06
2.97489517316e-08	2.89519425678e-06
2.98559623245e-08	1.98567499865e-06
2.99629729175e-08	4.07404229463e-07
3.00699835105e-08	-1.30164426082e-06
3.01769941035e-08	-2.56176736002e-06
3.02840046965e-08	-2.94793449029e-06
3.03910152895e-08	-2.33330729316e-06
3.04980258824e-08	-9.30748683459e-07
3.06050364754e-08	7.80707523518e-07
3.07120470684e-08	2.21973436965e-06
3.08190576614e-08	2.89983609036e-06
3.09260682544e-08	2.59403100245e-06
3.10330788474e-08	1.41052748859e-06
3.11400894403e-08	-2.45536796228e-07
3.12471000333e-08	-1.81074938155e-06
3.13541106263e-08	-2.75502839031e-06
3.14611212193e-08	-2.76128048426e-06
3.15681318123e-08	-1.83167242085e-06
3.16751424052e-08	-2.85551720935e-07
3.17821529982e-08	1.35018740366e-06
3.18891635912e-08	2.5208291845e-06
3.19961741842e-08	2.83170038529e-06
3.21031847772e-08	2.18146897168e-06
3.22101953702e-08	7.94824416062e-07
3.23172059631e-08	-8.54768700265e-07
3.24242165561e-08	-2.20710990106e-06
3.25312271491e-08	-2.80516451312e-06
3.26382377421e-08	-2.4497976483e-06
3.27452483351e-08	-1.26574411752e-06
3.2852258928e-08	3.41814427429e-07
3.2959269521e-08	1.82620442502e-06
3.3066280114e-08	2.68479993792e-06
3.3173290707e-08	2.62958815256e-06
3.32803013e-08	1.68336123352e-06
3.3387311893e-08	1.71011208749e-07
3.34943224859e-08	-1.3924252471e-06
3.36013330789e-08	-2.47670686804e-06
3.37083436719e-08	-2.71669796348e-06
3.38153542649e-08	-2.03479135052e-06
3.39223648579e-08	-6.6647623953e-07
3.40293754508e-08	9.21494574868e-07
3.41363860438e-08	2.18983700506e-06
3.42433966368e-08	2.71025123766e-06
3.43504072298e-08	2.30971681958e-06
3.44574178228e-08	1.12824682219e-06
3.45644284158e-08	-4.3018221163e-07
3.46714390087e-08	-1.8356719238e-06
3.47784496017e-08	-2.61257173406e-06
3.48854601947e-08	-2.50047742156e-06
3.49924707877e-08	-1.54145959641e-06
3.50994813807e-08	-6.44445634634e-08
3.52064919736e-08	1.4276422462e-06
3.53135025666e-08	2.42897272074e-06
3.54205131596e-08	2.60255183093e-06
3.55275237526e-08	1.89331149159e-06
3.56345343456e-08	5.45658281226e-07
3.57415449386e-08	-9.80762365543e-07
3.58485555315e-08	-2.16769967665e-06
3.59555661245e-08	-2.61464106188e-06
3.60625767175e-08	-2.17330261876e-06
3.61695873105e-08	-9.97491270027e-07
3.62765979035e-08	5.11028815708e-07
3.63836084964e-08	1.83933275366e-06
3.64906190894e-08	2.53826055996e-06
3.65976296824e-08	2.37364156419e-06
3.67046402754e-08	1.40540612392e-06
3.68116508684e-08	-3.47360504804e-08
3.69186614614e-08	-1.45645867633e-06
3.70256720543e-08	-2.37811241277e-06
3.71326826473e-08	-2.48944866144e-06
3.72396932403e-08	-1.7566568431e-06
3.73467038333e-08	-4.31815095681e-07
3.74537144263e-08	1.03324430256e-06
3.75607250192e-08	2.14141073229e-06
3.76677356122e-08	2.51869550993e-06
3.77747462052e-08	2.04071648113e-06
3.78817567982e-08	8.73235705967e-07
3.79887673912e-08	-5.84781332691e-07
3.80957779842e-08	-1.83793281394e-06
3.82027885771e-08	-2.46244667323e-06
3.83097991701e-08	-2.24954487749e-06
3.84168097631e-08	-1.27520138449e-06
3.85238203561e-08	1.26831551484e-07
3.86308309491e-08	1.47943796946e-06
3.8737841542e-08	2.32444108406e-06
3.8844852135e-08	2.37778704104e-06
3.8951862728e-08	1.62502476542e-06
3.9058873321e-08	3.24948132402e-07
3.9165883914e-08	-1.07924006443e-06
3.9272894507e-08	-2.11124211091e-06
3.93799050999e-08	-2.42292389885e-06
3.94869156929e-08	-1.91211938727e-06
3.95939262859e-08	-7.55524979468e-07
3.97009368789e-08	6.51710081456e-07
3.98079474719e-08	1.83170300261e-06
3.99149580648e-08	2.38542838815e-06
4.00219686578e-08	2.12820577872e-06
4.01289792508e-08	1.150809112e-06
4.02359898438e-08	-2.12008131939e-07
4.03430004368e-08	-1.49683455675e-06
4.04500110298e-08	-2.26834595196e-06
4.05570216227e-08	-2.26763881983e-06
4.06640322157e-08	-1.49834136209e-06
4.07710428087e-08	-2.24840448482e-07
4.08780534017e-08	1.11910219402e-06
4.09850639947e-08	2.0775169105e-06
4.10920745877e-08	2.3275060812e-06
4.11990851806e-08	1.78746370239e-06
4.13060957736e-08	6.44163662855e-07
4.14131063666e-08	-7.12248038326e-07
4.15201169596e-08	-1.82099915946e-06
4.16271275526e-08	-2.30751902563e-06
4.17341381455e-08	-2.00976774067e-06
4.18411487385e-08	-1.0322429489e-06
4.19481593315e-08	2.90622097054e-07
4.20551699245e-08	1.5089021872e-06
4.21621805175e-08	2.21024788516e-06
4.22691911105e-08	2.15925638258e-06
4.23762017034e-08	1.37670929234e-06
4.24832122964e-08	1.3119824871e-07
4.25902228894e-08	-1.15309478588e-06
4.26972334824e-08	-2.04068055609e-06
4.28042440754e-08	-2.23256074605e-06
4.29112546683e-08	-1.66692041148e-06
4.30182652613e-08	-5.38964286534e-07
4.31252758543e-08	7.66487175952e-07
4.32322864473e-08	1.80616711987e-06
4.33392970403e-08	2.22894709623e-06
4.34463076333e-08	1.89434501863e-06
4.35533182262e-08	9.19336969218e-07
4.36603288192e-08	-3.62843906032e-07
4.37673394122e-08	-1.51610674948e-06
4.38743500052e-08	-2.15028944694e-06
4.39813605982e-08	-2.05275409826e-06
4.40883711911e-08	-1.26003078549e-06
4.41953817841e-08	-4.38174367901e-08
4.43023923771e-08	1.18157311135e-06
4.44094029701e-08	2.00092154046e-06
4.45164135631e-08	2.13833163798e-06
4.46234241561e-08	1.55049542627e-06
4.4730434749e-08	4.39774169081e-07
4.4837445342e-08	-8.14804138827e-07
4.4944455935e-08	-1.78754032731e-06
4.5051466528e-08	-2.14997294279e-06
4.5158477121e-08	-1.78211439561e-06
4.52654877139e-08	-8.11887730379e-07
4.53724983069e-08	4.28965279298e-07
4.54795088999e-08	1.51878089127e-06
4.55865194929e-08	2.08879146157e-06
4.56935300859e-08	1.94831750377e-06
4.58005406789e-08	1.14818965358e-06
4.59075512718e-08	-3.73959530009e-08
4.60145618648e-08	-1.20488778066e-06
4.61215724578e-08	-1.95865072783e-06
4.62285830508e-08	-2.04516459235e-06
4.63355936438e-08	-1.4381106439e-06
4.64426042367e-08	-3.46451514588e-07
4.65496148297e-08	8.57580118918e-07
4.66566254227e-08	1.76544915576e-06
4.67636360157e-08	2.07077937375e-06
4.68706466087e-08	1.67296764175e-06
4.69776572017e-08	7.09946220923e-07
4.70846677946e-08	-4.89225499223e-07
4.71916783876e-08	-1.51715005359e-06
4.72986889806e-08	-2.02610317501e-06
4.74056995736e-08	-1.84611940313e-06
4.75127101666e-08	-1.04124762856e-06
4.76197207595e-08	1.12803988372e-07
4.77267313525e-08	1.2233583675e-06
4.78337419455e-08	1.9141359644e-06
4.79407525385e-08	1.95309121409e-06
4.80477631315e-08	1.32985030632e-06
4.81547737245e-08	2.58860524127e-07
4.82617843174e-08	-8.94985021205e-07
4.83687949104e-08	-1.74016690835e-06
4.84758055034e-08	-1.99178748517e-06
4.85828160964e-08	-1.56712997068e-06
4.86898266894e-08	-6.13377551417e-07
4.87968372823e-08	5.43910459783e-07
4.89038478753e-08	1.51157507844e-06
4.90108584683e-08	1.96248061002e-06
4.91178690613e-08	1.74617252924e-06
4.92248796543e-08	9.39122514865e-07
4.93318902473e-08	-1.82554785511e-07
4.94389008402e-08	-1.23720701595e-06
4.95459114332e-08	-1.86766044408e-06
4.96529220262e-08	-1.86228385246e-06
4.97599326192e-08	-1.22579865547e-06
4.98669432122e-08	-1.7678723907e-07
4.99739538051e-08	9.27314601995e-07
5.00809643981e-08	1.7120528355e-06
5.01879749911e-08	1.91301273844e-06
5.02949855841e-08	1.46465004036e-06
5.04019961771e-08	5.21982883583e-07
5.05090067701e-08	-5.93280731209e-07
5.0616017363e-08	-1.50230459894e-06
5.0723027956e-08	-1.89805803075e-06
5.0830038549e-08	-1.64865889474e-06
5.0937049142e-08	-8.41721714551e-07
5.1044059735e-08	2.46822764893e-07
5.1151070328e-08	1.24669600154e-06
5.12580809209e-08	1.81946995781e-06
5.13650915139e-08	1.77296351467e-06
5.14721021069e-08	1.1258179029e-06
5.15791126999e-08	1.00044744045e-07
5.16861232929e-08	-9.54862230174e-07
5.17931338858e-08	-1.68136398315e-06
5.19001444788e-08	-1.83464032943e-06
5.20071550718e-08	-1.36546111662e-06
5.21141656648e-08	-4.35653475961e-07
5.22211762578e-08	6.37493144495e-07
5.23281868508e-08	1.48969661495e-06
5.24351974437e-08	1.8330686089e-06
5.25422080367e-08	1.55367558818e-06
5.26492186297e-08	7.489663858e-07
5.27562292227e-08	-3.05866876715e-07
5.28632398157e-08	-1.25222061342e-06
5.29702504086e-08	-1.76983098754e-06
5.30772610016e-08	-1.68523354205e-06
5.31842715946e-08	-1.02985904959e-06
5.32912821876e-08	-2.84915113724e-08
5.33982927806e-08	9.77934405455e-07
5.35053033736e-08	1.6482861156e-06
5.36123139665e-08	1.75695970484e-06
5.37193245595e-08	1.2696872318e-06
5.38263351525e-08	3.54339249498e-07
5.39333457455e-08	-6.76891204421e-07
5.40403563385e-08	-1.47399464367e-06
5.41473669314e-08	-1.76788341832e-06
5.42543775244e-08	-1.4612526229e-06
5.43613881174e-08	-6.60783257445e-07
5.44683987104e-08	3.59913684633e-07
5.45754093034e-08	1.25399560602e-06
5.46824198964e-08	1.7189445316e-06
5.47894304893e-08	1.59919966336e-06
5.48964410823e-08	9.37986783356e-07
5.50034516753e-08	-3.8023493687e-08
5.51104622683e-08	-9.9672649867e-07
5.52174728613e-08	-1.61316791036e-06
5.53244834542e-08	-1.6801120637e-06
5.54314940472e-08	-1.17729177873e-06
5.55385046402e-08	-2.77824511841e-07
5.56455152332e-08	7.11713767032e-07
5.57525258262e-08	1.45543572216e-06
5.58595364192e-08	1.70253406395e-06
5.59665470121e-08	1.37146128054e-06
5.60735576051e-08	5.77138109747e-07
5.61805681981e-08	-4.09183087413e-07
5.62875787911e-08	-1.25224369185e-06
5.63945893841e-08	-1.66709401128e-06
5.6501599977e-08	-1.51500364609e-06
5.660861057e-08	-8.50164724397e-07
5.6715621163e-08	9.97773810241e-08
5.6822631756e-08	1.0114995348e-06
5.6929642349e-08	1.57625038355e-06
