% time-domain current integration by openEMS v0.0.36-16-g7d7688a @Sat Jan  4 14:11:44 2025
% start-coordinates: (-0.00252587,-0.00810881,-2.6092e-05) m -> [36,52,22]
% stop-coordinates: (0.00179194,-0.00810881,2.2079e-05) m -> [42,52,23]
% t/s	current
3.58426576843e-14	0
1.06990333188e-10	2.29514296457e-09
2.13944823718e-10	3.38004069178e-09
3.20899314247e-10	3.27018834234e-09
4.27853804777e-10	7.60486784657e-10
5.34808295307e-10	-5.01459185287e-09
6.41762785837e-10	-1.35200117768e-08
7.48717276367e-10	-2.17339461983e-08
8.55671766897e-10	-2.40749411518e-08
9.62626257427e-10	-1.35839037796e-08
1.06958074796e-09	1.47123060401e-08
1.17653523849e-09	5.87981254796e-08
1.28348972902e-09	1.05351553259e-07
1.39044421955e-09	1.28971734625e-07
1.49739871008e-09	9.85227259775e-08
1.60435320061e-09	-8.52670556384e-09
1.71130769114e-09	-1.86885998232e-07
1.81826218167e-09	-3.8789556811e-07
1.9252166722e-09	-5.19242064456e-07
2.03217116273e-09	-4.69601445729e-07
2.13912565326e-09	-1.58154634278e-07
2.24608014379e-09	4.04895558859e-07
2.35303463432e-09	1.07539233341e-06
2.45998912485e-09	1.58258046667e-06
2.56694361538e-09	1.60676268024e-06
2.67389810591e-09	9.18303442177e-07
2.78085259644e-09	-4.69816967552e-07
2.88780708697e-09	-2.20992683353e-06
2.9947615775e-09	-3.65926871382e-06
3.10171606803e-09	-4.07963989346e-06
3.20867055856e-09	-2.95107815873e-06
3.31562504909e-09	-2.80552853837e-07
3.42257953962e-09	3.24774305227e-06
3.52953403015e-09	6.3980410232e-06
3.63648852068e-09	7.7955364759e-06
3.74344301121e-09	6.49884577797e-06
3.85039750174e-09	2.49836193689e-06
3.95735199227e-09	-3.10566042572e-06
4.0643064828e-09	-8.3850345618e-06
4.17126097333e-09	-1.12716716103e-05
4.27821546386e-09	-1.03997153929e-05
4.38516995439e-09	-5.74530258746e-06
4.49212444492e-09	1.24084397157e-06
4.59907893544e-09	8.11167956272e-06
4.70603342597e-09	1.23497138702e-05
4.8129879165e-09	1.23665140563e-05
4.91994240703e-09	8.15130533738e-06
5.02689689756e-09	1.28472208871e-06
5.13385138809e-09	-5.69383200855e-06
5.24080587862e-09	-1.02962403616e-05
5.34776036915e-09	-1.10453283924e-05
5.45471485968e-09	-7.98877044872e-06
5.56166935021e-09	-2.5773570087e-06
5.66862384074e-09	3.00399642583e-06
5.77557833127e-09	6.74025704939e-06
5.8825328218e-09	7.53901804273e-06
5.98948731233e-09	5.54283997189e-06
6.09644180286e-09	1.92201423488e-06
6.20339629339e-09	-1.70989756043e-06
6.31035078392e-09	-3.97837493438e-06
6.41730527445e-09	-4.24463360105e-06
6.52425976498e-09	-2.74531726063e-06
6.63121425551e-09	-3.70599536836e-07
6.73816874604e-09	1.77989886652e-06
6.84512323657e-09	2.85715123027e-06
6.9520777271e-09	2.55765871771e-06
7.05903221763e-09	1.16438650366e-06
7.16598670816e-09	-6.43616544949e-07
7.27294119869e-09	-2.10520329347e-06
7.37989568922e-09	-2.67727750725e-06
7.48685017975e-09	-2.21042432713e-06
7.59380467028e-09	-9.53746848609e-07
7.70075916081e-09	5.86554506299e-07
7.80771365134e-09	1.86011754977e-06
7.91466814187e-09	2.46833133133e-06
8.0216226324e-09	2.27636724048e-06
8.12857712293e-09	1.41733823966e-06
8.23553161346e-09	2.08141898383e-07
8.34248610399e-09	-9.75809371084e-07
8.44944059452e-09	-1.81682025868e-06
8.55639508505e-09	-2.1282353373e-06
8.66334957558e-09	-1.87621185432e-06
8.77030406611e-09	-1.16127796446e-06
8.87725855664e-09	-1.78588564381e-07
8.98421304717e-09	8.28359588922e-07
9.0911675377e-09	1.61503396612e-06
9.19812202823e-09	1.9840144887e-06
9.30507651876e-09	1.83161319001e-06
9.41203100929e-09	1.1830825315e-06
9.51898549982e-09	2.00697016339e-07
9.62593999035e-09	-8.47330511533e-07
9.73289448088e-09	-1.66058543982e-06
9.83984897141e-09	-1.99668693313e-06
9.94680346194e-09	-1.75324703378e-06
1.00537579525e-08	-1.00654813195e-06
1.0160712443e-08	1.11080424858e-08
1.02676669335e-08	9.89053205558e-07
1.03746214241e-08	1.6416059907e-06
1.04815759146e-08	1.79812241186e-06
1.05885304051e-08	1.44795103552e-06
1.06954848957e-08	7.28060399524e-07
1.08024393862e-08	-1.35068205509e-07
1.09093938767e-08	-9.02127396785e-07
1.10163483672e-08	-1.38738676014e-06
1.11233028578e-08	-1.4963503645e-06
1.12302573483e-08	-1.23192603496e-06
1.13372118388e-08	-6.78203321058e-07
1.14441663294e-08	2.56715608771e-08
1.15511208199e-08	7.13717440703e-07
1.16580753104e-08	1.22220455978e-06
1.1765029801e-08	1.42157068694e-06
1.18719842915e-08	1.24930261336e-06
1.1978938782e-08	7.35550088393e-07
1.20858932725e-08	8.1321935852e-09
1.21928477631e-08	-7.33108208806e-07
1.22998022536e-08	-1.27136104311e-06
1.24067567441e-08	-1.4421417518e-06
1.25137112347e-08	-1.19115020425e-06
1.26206657252e-08	-5.96613574544e-07
1.27276202157e-08	1.55159511905e-07
1.28345747063e-08	8.33248520848e-07
1.29415291968e-08	1.23997688206e-06
1.30484836873e-08	1.27332339162e-06
1.31554381778e-08	9.51536947014e-07
1.32623926684e-08	3.94653937974e-07
1.33693471589e-08	-2.24663622816e-07
1.34763016494e-08	-7.38617529805e-07
1.358325614e-08	-1.02875844732e-06
1.36902106305e-08	-1.0463476201e-06
1.3797165121e-08	-8.09853986539e-07
1.39041196115e-08	-3.89045737847e-07
1.40110741021e-08	1.14460306122e-07
1.41180285926e-08	5.85389898333e-07
1.42249830831e-08	9.12952486942e-07
1.43319375737e-08	1.01188140889e-06
1.44388920642e-08	8.45610202305e-07
1.45458465547e-08	4.44615920969e-07
1.46528010453e-08	-9.08926267584e-08
1.47597555358e-08	-6.11698453667e-07
1.48667100263e-08	-9.62251533565e-07
1.49736645168e-08	-1.03233924165e-06
1.50806190074e-08	-7.97714676537e-07
1.51875734979e-08	-3.31869102865e-07
1.52945279884e-08	2.17887276222e-07
1.5401482479e-08	6.81566802996e-07
1.55084369695e-08	9.24636822219e-07
1.561539146e-08	8.90322041869e-07
1.57223459506e-08	6.11027871855e-07
1.58293004411e-08	1.87794825024e-07
1.59362549316e-08	-2.50135798296e-07
1.60432094221e-08	-5.87505212479e-07
1.61501639127e-08	-7.51732841309e-07
1.62571184032e-08	-7.22033632883e-07
1.63640728937e-08	-5.22593609276e-07
1.64710273843e-08	-2.08575357874e-07
1.65779818748e-08	1.47506710846e-07
1.66849363653e-08	4.66721530756e-07
1.67918908559e-08	6.74520947541e-07
1.68988453464e-08	7.14782117939e-07
1.70057998369e-08	5.66587004869e-07
1.71127543274e-08	2.5772050094e-07
1.7219708818e-08	-1.33949683345e-07
1.73266633085e-08	-4.973028922e-07
1.7433617799e-08	-7.21072638044e-07
1.75405722896e-08	-7.32433363737e-07
1.76475267801e-08	-5.25283610386e-07
1.77544812706e-08	-1.65168671629e-07
1.78614357612e-08	2.32806499412e-07
1.79683902517e-08	5.44765384802e-07
1.80753447422e-08	6.80998823555e-07
1.81822992327e-08	6.13848442299e-07
1.82892537233e-08	3.80826321589e-07
1.83962082138e-08	6.43985629267e-08
1.85031627043e-08	-2.4043882263e-07
1.86101171949e-08	-4.56427613926e-07
1.87170716854e-08	-5.41566350876e-07
1.88240261759e-08	-4.91286186843e-07
1.89309806665e-08	-3.29961920897e-07
1.9037935157e-08	-9.95040281282e-08
1.91448896475e-08	1.49547886963e-07
1.9251844138e-08	3.63882293186e-07
1.93587986286e-08	4.93499157983e-07
1.94657531191e-08	5.01270619679e-07
1.95727076096e-08	3.75496398419e-07
1.96796621002e-08	1.40111268365e-07
1.97866165907e-08	-1.44751908238e-07
1.98935710812e-08	-3.96431317995e-07
2.00005255718e-08	-5.35566812232e-07
2.01074800623e-08	-5.14907412708e-07
2.02144345528e-08	-3.38766852792e-07
2.03213890433e-08	-6.36420125488e-08
2.04283435339e-08	2.21462400418e-07
2.05352980244e-08	4.27250256507e-07
2.06422525149e-08	4.95446158766e-07
2.07492070055e-08	4.16532344616e-07
2.0856161496e-08	2.27835485589e-07
2.09631159865e-08	-5.0182453748e-09
2.10700704771e-08	-2.13523520642e-07
2.11770249676e-08	-3.47450452409e-07
2.12839794581e-08	-3.84655947983e-07
2.13909339486e-08	-3.29216788941e-07
2.14978884392e-08	-2.02895122925e-07
2.16048429297e-08	-3.63871492937e-08
2.17117974202e-08	1.3595341386e-07
2.18187519108e-08	2.78581950397e-07
2.19257064013e-08	3.57922658623e-07
2.20326608918e-08	3.49152088575e-07
2.21396153824e-08	2.4587350822e-07
2.22465698729e-08	6.80048231061e-08
2.23535243634e-08	-1.38164779173e-07
2.24604788539e-08	-3.11173579348e-07
2.25674333445e-08	-3.94574044549e-07
2.2674387835e-08	-3.58472334483e-07
2.27813423255e-08	-2.12665199228e-07
2.28882968161e-08	-4.68102534512e-09
2.29952513066e-08	1.97304473204e-07
2.31022057971e-08	3.29691090428e-07
2.32091602877e-08	3.55975402044e-07
2.33161147782e-08	2.77391166037e-07
2.34230692687e-08	1.2823559814e-07
2.35300237592e-08	-4.0400024659e-08
2.36369782498e-08	-1.80145249828e-07
2.37439327403e-08	-2.59649937107e-07
2.38508872308e-08	-2.69230270078e-07
2.39578417214e-08	-2.1689947971e-07
2.40647962119e-08	-1.20649943369e-07
2.41717507024e-08	-2.1408999018e-09
2.4278705193e-08	1.15907958786e-07
2.43856596835e-08	2.10054466265e-07
2.4492614174e-08	2.57606501464e-07
2.45995686645e-08	2.41668942635e-07
2.47065231551e-08	1.58824605023e-07
2.48134776456e-08	2.53123388916e-08
2.49204321361e-08	-1.23277644093e-07
2.50273866267e-08	-2.41217207986e-07
2.51343411172e-08	-2.88503912316e-07
2.52412956077e-08	-2.46905244694e-07
2.53482500983e-08	-1.28629153551e-07
2.54552045888e-08	2.70559397109e-08
2.55621590793e-08	1.68414317159e-07
2.56691135698e-08	2.50760280096e-07
2.57760680604e-08	2.52426332281e-07
2.58830225509e-08	1.80541249506e-07
2.59899770414e-08	6.50589697671e-08
2.6096931532e-08	-5.50419478884e-08
2.62038860225e-08	-1.46429798065e-07
2.6310840513e-08	-1.90670064626e-07
2.64177950036e-08	-1.85532030628e-07
2.65247494941e-08	-1.40163933793e-07
2.66317039846e-08	-6.85951988544e-08
2.67386584751e-08	1.45155958364e-08
2.68456129657e-08	9.46152596271e-08
2.69525674562e-08	1.5635386319e-07
2.70595219467e-08	1.84185054763e-07
2.71664764373e-08	1.6632073141e-07
2.72734309278e-08	1.00982774143e-07
2.73803854183e-08	1.26646004794e-09
2.74873399089e-08	-1.05435816522e-07
2.75942943994e-08	-1.85073005809e-07
2.77012488899e-08	-2.09418161035e-07
2.78082033804e-08	-1.67997711742e-07
2.7915157871e-08	-7.35868255219e-08
2.80221123615e-08	4.18523136148e-08
2.8129066852e-08	1.39402331456e-07
2.82360213426e-08	1.88188110428e-07
2.83429758331e-08	1.76452729761e-07
2.84499303236e-08	1.14098909876e-07
2.85568848142e-08	2.63544208678e-08
2.86638393047e-08	-5.76352654491e-08
2.87707937952e-08	-1.15568049353e-07
2.88777482857e-08	-1.37620915552e-07
2.89847027763e-08	-1.25700680087e-07
2.90916572668e-08	-8.85526105776e-08
2.91986117573e-08	-3.65466235053e-08
2.93055662479e-08	2.08908481625e-08
2.94125207384e-08	7.47905275489e-08
2.95194752289e-08	1.15114325183e-07
2.96264297195e-08	1.30969681322e-07
2.973338421e-08	1.13886017061e-07
2.98403387005e-08	6.29837728638e-08
2.9947293191e-08	-1.1228252994e-08
3.00542476816e-08	-8.7610530386e-08
3.01612021721e-08	-1.40774773172e-07
3.02681566626e-08	-1.50927220943e-07
3.03751111532e-08	-1.1267243849e-07
3.04820656437e-08	-3.82970632984e-08
3.05890201342e-08	4.64891876106e-08
3.06959746247e-08	1.12692781329e-07
3.08029291153e-08	1.39420649248e-07
3.09098836058e-08	1.21365772543e-07
3.10168380963e-08	6.92703707728e-08
3.11237925869e-08	3.78139963786e-09
3.12307470774e-08	-5.37418927138e-08
3.13377015679e-08	-8.89579112595e-08
3.14446560585e-08	-9.759027364e-08
3.1551610549e-08	-8.35604083704e-08
3.16585650395e-08	-5.44474474395e-08
3.176551953e-08	-1.75051297902e-08
3.18724740206e-08	2.16146780474e-08
3.19794285111e-08	5.76478456082e-08
3.20863830016e-08	8.39747471559e-08
3.21933374922e-08	9.27341829993e-08
3.23002919827e-08	7.76513573442e-08
3.24072464732e-08	3.83299969542e-08
3.25142009638e-08	-1.67802518547e-08
3.26211554543e-08	-7.13051093726e-08
3.27281099448e-08	-1.06295047431e-07
3.28350644353e-08	-1.07982280895e-07
3.29420189259e-08	-7.42360413142e-08
3.30489734164e-08	-1.63014330923e-08
3.31559279069e-08	4.53611690432e-08
3.32628823975e-08	8.93675462521e-08
3.3369836888e-08	1.01965873966e-07
