% time-domain voltage integration by openEMS v0.0.36-16-g7d7688a @Sat Jan  4 14:11:44 2025
% start-coordinates: (0,-0.00911115,2.2079e-05) m -> [39,49,23]
% stop-coordinates: (0,-0.00687496,2.2079e-05) m -> [39,56,23]
% t/s	voltage
0	-0
1.0695449053e-10	2.60243005812e-07
2.1390898106e-10	4.66933027354e-07
3.2086347159e-10	6.01679374768e-07
4.2781796212e-10	4.23556265616e-07
5.3477245265e-10	-1.86680786385e-07
6.4172694318e-10	-1.26199688566e-06
7.4868143371e-10	-2.65749739015e-06
8.55635924239e-10	-3.67972228332e-06
9.62590414769e-10	-3.34796919788e-06
1.0695449053e-09	-7.08336116872e-07
1.17649939583e-09	4.67619139499e-06
1.28345388636e-09	1.18551665764e-05
1.39040837689e-09	1.81151071956e-05
1.49736286742e-09	1.91850695046e-05
1.60431735795e-09	1.0690378474e-05
1.71127184848e-09	-9.44736007114e-06
1.81822633901e-09	-3.82722682843e-05
1.92518082954e-09	-6.62740540065e-05
2.03213532007e-09	-7.85053935033e-05
2.1390898106e-09	-5.96471841163e-05
2.24604430113e-09	-1.74817114384e-06
2.35299879166e-09	8.7691916633e-05
2.45995328219e-09	0.000181760429768
2.56690777272e-09	0.000238600978264
2.67386226325e-09	0.000215191506868
2.78081675378e-09	8.79952795003e-05
2.88777124431e-09	-0.0001278876789
2.99472573484e-09	-0.000371225400158
3.10168022537e-09	-0.000546529889107
3.2086347159e-09	-0.000556595652597
3.31558920643e-09	-0.00034597976628
3.42254369696e-09	6.20126193098e-05
3.52949818749e-09	0.000554052719963
3.63645267802e-09	0.000953422932071
3.74340716855e-09	0.00108089766582
3.85036165908e-09	0.000829919299576
3.95731614961e-09	0.000225005514949
4.06427064014e-09	-0.000565328991797
4.17122513067e-09	-0.00127401428472
4.2781796212e-09	-0.00162796922086
4.38513411173e-09	-0.00145436152525
4.49208860226e-09	-0.000757886657084
4.59904309279e-09	0.000265059614321
4.70599758332e-09	0.00128517397388
4.81295207385e-09	0.00195263219939
4.91990656438e-09	0.00202141121554
5.02686105491e-09	0.00143895970541
5.13381554544e-09	0.000368325578165
5.24077003597e-09	-0.000864097877638
5.3477245265e-09	-0.00187462016765
5.45467901703e-09	-0.00234437728068
5.56163350756e-09	-0.00211734499317
5.66858799809e-09	-0.0012457720004
5.77554248862e-09	2.65724156634e-05
5.88249697915e-09	0.00133485552215
5.98945146968e-09	0.00229575528647
6.09640596021e-09	0.00261520786444
6.20336045074e-09	0.00217441294808
6.31031494127e-09	0.00107159332401
6.4172694318e-09	-0.000394446396967
6.52422392233e-09	-0.00180024142901
6.63117841286e-09	-0.00271773670102
6.73813290339e-09	-0.00284685334191
6.84508739392e-09	-0.00211892498191
6.95204188445e-09	-0.000732603890356
7.05899637498e-09	0.00089733589266
7.16595086551e-09	0.00226794413175
7.27290535604e-09	0.00295223592548
7.37985984657e-09	0.00274192594225
7.4868143371e-09	0.00171613649582
7.59376882763e-09	0.000210311562114
7.70072331816e-09	-0.00130224092572
7.80767780869e-09	-0.00237054386525
7.91463229922e-09	-0.00270813930547
8.02158678975e-09	-0.00226854995708
8.12854128028e-09	-0.00123481713672
8.23549577081e-09	6.18215735813e-05
8.34245026134e-09	0.00125550338998
8.44940475186e-09	0.00204902421683
8.55635924239e-09	0.00227780747809
8.66331373292e-09	0.00192738164333
8.77026822345e-09	0.00111463179201
8.87722271398e-09	4.95147642141e-05
8.98417720451e-09	-0.00101054921834
9.09113169504e-09	-0.00180952297524
9.19808618557e-09	-0.00214456545655
9.3050406761e-09	-0.00191672937945
9.41199516663e-09	-0.00116796982184
9.51894965716e-09	-8.67651133376e-05
9.62590414769e-09	0.00103079345718
9.73285863822e-09	0.00186164648039
9.83981312875e-09	0.00215667969314
9.94676761928e-09	0.00182576007501
1.00537221098e-08	0.000972408721282
1.01606766003e-08	-0.000138044571941
1.02676310909e-08	-0.00116746294952
1.03745855814e-08	-0.00181716799852
1.04815400719e-08	-0.00192121656437
1.05884945625e-08	-0.00148814609565
1.0695449053e-08	-0.000680812354403
1.08024035435e-08	0.000250466371654
1.09093580341e-08	0.00105104237446
1.10163125246e-08	0.00153074468835
1.11232670151e-08	0.00160028210666
1.12302215056e-08	0.00127422144578
1.13371759962e-08	0.00065141482628
1.14441304867e-08	-0.000113732656303
1.15510849772e-08	-0.000841480534291
1.16580394678e-08	-0.00135808547202
1.17649939583e-08	-0.00153028480418
1.18719484488e-08	-0.00130045053083
1.19789029394e-08	-0.000712687229679
1.20858574299e-08	8.48364608714e-05
1.21928119204e-08	0.000871192729392
1.22997664109e-08	0.0014148728078
1.24067209015e-08	0.00154880707851
1.2513675392e-08	0.00122985051712
1.26206298825e-08	0.000557678034966
1.27275843731e-08	-0.000257134362982
1.28345388636e-08	-0.000965030980296
1.29414933541e-08	-0.00136140939139
1.30484478447e-08	-0.00135043247428
1.31554023352e-08	-0.000966222221905
1.32623568257e-08	-0.000348067729647
1.33693113162e-08	0.000315165460052
1.34762658068e-08	0.000846623857797
1.35832202973e-08	0.00112681301835
1.36901747878e-08	0.00111228988681
1.37971292784e-08	0.000830489923828
1.39040837689e-08	0.000361479003914
1.40110382594e-08	-0.000182923472494
1.411799275e-08	-0.000678417811287
1.42249472405e-08	-0.00100773391023
1.4331901731e-08	-0.00108356727287
1.44388562215e-08	-0.000873515113199
1.45458107121e-08	-0.000418726005591
1.46527652026e-08	0.000165477503288
1.47597196931e-08	0.000714783913281
1.48666741837e-08	0.00106391604641
1.49736286742e-08	0.00110231593135
1.50805831647e-08	0.000815510516986
1.51875376553e-08	0.000293689417049
1.52944921458e-08	-0.000298161228784
1.54014466363e-08	-0.000777681038016
1.55084011268e-08	-0.0010072723453
1.56153556174e-08	-0.000936671269301
1.57223101079e-08	-0.00061109271337
1.58292645984e-08	-0.000145639011407
1.5936219089e-08	0.000319722876156
1.60431735795e-08	0.000664816085191
1.615012807e-08	0.000817865511635
1.62570825606e-08	0.0007628779058
1.63640370511e-08	0.000530680365046
1.64709915416e-08	0.000183443049991
1.65779460321e-08	-0.000199637603146
1.66849005227e-08	-0.000533727812581
1.67918550132e-08	-0.00074004731141
1.68988095037e-08	-0.000761365590733
1.70057639943e-08	-0.00058016749972
1.71127184848e-08	-0.000232393314036
1.72196729753e-08	0.000192881421754
1.73266274658e-08	0.000573734731006
1.74335819564e-08	0.000792563201685
1.75405364469e-08	0.00077746345778
1.76474909374e-08	0.000530666729901
1.7754445428e-08	0.000130597879888
1.78613999185e-08	-0.000294894161925
1.7968354409e-08	-0.000613941672782
1.80753088996e-08	-0.000736134730687
1.81822633901e-08	-0.000640012964141
1.82892178806e-08	-0.00037319308467
1.83961723711e-08	-2.82254682133e-05
1.85031268617e-08	0.000293041015539
1.86100813522e-08	0.000511059166456
1.87170358427e-08	0.000585517933359
1.88239903333e-08	0.000515868552611
1.89309448238e-08	0.000331243430992
1.90378993143e-08	7.8173276961e-05
1.91448538049e-08	-0.000188512405657
1.92518082954e-08	-0.000411640787206
1.93587627859e-08	-0.000538383799721
1.94657172764e-08	-0.000531009012775
1.9572671767e-08	-0.000380532637791
1.96796262575e-08	-0.000117113357419
1.9786580748e-08	0.000190781140191
1.98935352386e-08	0.000452778935141
2.00004897291e-08	0.000585476438573
2.01074442196e-08	0.000543200359971
2.02143987102e-08	0.00033721240834
2.03213532007e-08	3.38770939834e-05
2.04283076912e-08	-0.000268723773843
2.05352621817e-08	-0.000476321172755
2.06422166723e-08	-0.000531328681973
2.07491711628e-08	-0.000429760406405
2.08561256533e-08	-0.000216770788029
2.09630801439e-08	3.49355031517e-05
2.10700346344e-08	0.000252685005762
2.11769891249e-08	0.000385566010664
2.12839436155e-08	0.000413415400544
2.1390898106e-08	0.000343507275829
2.14978525965e-08	0.000200880504053
2.1604807087e-08	1.91674423604e-05
2.17117615776e-08	-0.000164578932527
2.18187160681e-08	-0.000312259253406
2.19256705586e-08	-0.000388361804653
2.20326250492e-08	-0.000367705837562
2.21395795397e-08	-0.000246036435783
2.22465340302e-08	-4.80297180729e-05
2.23534885208e-08	0.000173812401044
2.24604430113e-08	0.000352523322363
2.25673975018e-08	0.000429173465818
2.26743519923e-08	0.000375702362362
2.27813064829e-08	0.000207623368624
2.28882609734e-08	-2.00377286887e-05
2.29952154639e-08	-0.000232728516494
2.31021699545e-08	-0.000363931801985
2.3209124445e-08	-0.00037855255141
2.33160789355e-08	-0.000282583852822
2.34230334261e-08	-0.000116261520816
2.35299879166e-08	6.44748629384e-05
2.36369424071e-08	0.000208902860322
2.37438968976e-08	0.000285912770778
2.38508513882e-08	0.000287753191515
2.39578058787e-08	0.000224863904805
2.40647603692e-08	0.000117394898552
2.41717148598e-08	-1.121902487e-05
2.42786693503e-08	-0.000136586500957
2.43856238408e-08	-0.00023354438963
2.44925783314e-08	-0.00027801737815
2.45995328219e-08	-0.000252878000538
2.47064873124e-08	-0.000156393363795
2.48134418029e-08	-8.44646308451e-06
2.49203962935e-08	0.000150718204168
2.5027350784e-08	0.000271460092335
2.51343052745e-08	0.000312326745188
2.52412597651e-08	0.000256957586316
2.53482142556e-08	0.000122205872685
2.54551687461e-08	-4.70169311484e-05
2.55621232367e-08	-0.000194553915208
2.56690777272e-08	-0.000274182948488
2.57760322177e-08	-0.000265951865003
2.58829867082e-08	-0.000180951947186
2.59899411988e-08	-5.35702073705e-05
2.60968956893e-08	7.40036057323e-05
2.62038501798e-08	0.000167283731571
2.63108046704e-08	0.000208550072784
2.64177591609e-08	0.000197280238353
2.65247136514e-08	0.000144386771353
2.6631668142e-08	6.52327439639e-05
2.67386226325e-08	-2.45204880684e-05
2.6845577123e-08	-0.000109294674075
2.69525316135e-08	-0.000172543686858
2.70594861041e-08	-0.000197685789317
2.71664405946e-08	-0.000172765381649
2.72733950851e-08	-9.73312317001e-05
2.73803495757e-08	1.27099561524e-05
2.74873040662e-08	0.000126478651509
2.75942585567e-08	0.000207144268643
2.77012130473e-08	0.000225718036745
2.78081675378e-08	0.000173501173776
2.79151220283e-08	6.70056667786e-05
2.80220765188e-08	-5.75880485485e-05
2.81290310094e-08	-0.00015836752209
2.82359854999e-08	-0.000203810370294
2.83429399904e-08	-0.000183929856576
2.8449894481e-08	-0.000111847676635
2.85568489715e-08	-1.60351206659e-05
2.8663803462e-08	7.23198982087e-05
2.87707579526e-08	0.00013052354916
2.88777124431e-08	0.000149662508193
2.89846669336e-08	0.000133060850203
2.90916214241e-08	9.06799141376e-05
2.91985759147e-08	3.36392793088e-05
2.93055304052e-08	-2.81230591099e-05
2.94124848957e-08	-8.50140950206e-05
2.95194393863e-08	-0.000126119073684
2.96263938768e-08	-0.000139740423037
2.97333483673e-08	-0.000117282563224
2.98403028579e-08	-5.89109781686e-05
2.99472573484e-08	2.26794154514e-05
3.00542118389e-08	0.000103723732536
3.01611663294e-08	0.00015687647101
3.026812082e-08	0.000162022655786
3.03750753105e-08	0.000115382066724
3.0482029801e-08	3.2223745194e-05
3.05889842916e-08	-5.86220207879e-05
3.06959387821e-08	-0.000126185612316
3.08028932726e-08	-0.000149484298163
3.09098477632e-08	-0.000124888616483
3.10168022537e-08	-6.57031187075e-05
3.11237567442e-08	5.10917718088e-06
3.12307112347e-08	6.49646431157e-05
3.13376657253e-08	9.95867212623e-05
3.14446202158e-08	0.00010563611977
3.15515747063e-08	8.81516070876e-05
3.16585291969e-08	5.54940688744e-05
3.17654836874e-08	1.5279230908e-05
3.18724381779e-08	-2.6640824899e-05
3.19793926685e-08	-6.46051394142e-05
3.2086347159e-08	-9.13265903364e-05
3.21933016495e-08	-9.82904430202e-05
3.230025614e-08	-7.91224538261e-05
3.24072106306e-08	-3.42713369719e-05
3.25141651211e-08	2.61063371454e-05
3.26211196116e-08	8.36566687212e-05
3.27280741022e-08	0.000118060108434
3.28350285927e-08	0.000115511423246
3.29419830832e-08	7.53092481318e-05
3.30489375738e-08	1.10529553154e-05
3.31558920643e-08	-5.45077600691e-05
3.32628465548e-08	-9.873662475e-05
3.33698010453e-08	-0.000108120586447
