% time-domain voltage mode matching by openEMS v0.0.36 @Sun Oct 27 22:59:46 2024
% start-coordinates: (0.000411538,0.000390909,0.00624568) m -> [1,1,20]
% stop-coordinates: (0.0102885,0.00390909,0.00624568) m -> [25,10,20]
% t/s	voltage	mode_purity
0	0	0
5.1845890882e-13	0	0
1.03691781764e-12	0	0
1.55537672646e-12	0	0
2.07383563528e-12	0	0
2.5922945441e-12	0	0
3.11075345292e-12	0	0
3.62921236174e-12	3.12635632883e-15	1
4.14767127056e-12	3.53736048225e-14	1
4.66613017938e-12	2.07684828877e-13	1
5.1845890882e-12	8.38620972896e-13	1
5.70304799702e-12	2.60501901135e-12	1
6.22150690584e-12	6.60192804871e-12	1
6.73996581466e-12	1.41350356108e-11	1
7.25842472348e-12	2.61316848789e-11	1
7.7768836323e-12	4.22837095777e-11	1
8.29534254112e-12	6.03400870955e-11	1
8.81380144994e-12	7.61341634674e-11	1
9.33226035876e-12	8.47388259459e-11	1
9.85071926758e-12	8.25588141542e-11	1
1.03691781764e-11	6.94575741097e-11	1
1.08876370852e-11	4.96509033175e-11	1
1.1406095994e-11	3.04696727365e-11	1
1.19245549029e-11	1.91764056461e-11	1
1.24430138117e-11	1.92739928012e-11	1
1.29614727205e-11	2.8363796904e-11	1
1.34799316293e-11	3.90391365458e-11	1
1.39983905381e-11	4.26812687233e-11	1
1.4516849447e-11	3.42370905203e-11	1
1.50353083558e-11	1.523844558e-11	1
1.55537672646e-11	-6.86883503425e-12	0.999999999999
1.60722261734e-11	-2.29155785057e-11	1
1.65906850822e-11	-2.73750131575e-11	1
1.71091439911e-11	-2.1701795375e-11	1
1.76276028999e-11	-1.35455810265e-11	1
1.81460618087e-11	-1.22150151132e-11	1
1.86645207175e-11	-2.30985975066e-11	1
1.91829796263e-11	-4.44413168099e-11	1
1.97014385352e-11	-6.84432467273e-11	1
2.0219897444e-11	-8.59656877374e-11	1
2.07383563528e-11	-9.19029125366e-11	1
2.12568152616e-11	-8.79253276395e-11	1
2.17752741704e-11	-8.10295500729e-11	1
2.22937330793e-11	-7.89979083176e-11	1
2.28121919881e-11	-8.57402266192e-11	1
2.33306508969e-11	-9.93909498783e-11	1
2.38491098057e-11	-1.14112135143e-10	1
2.43675687145e-11	-1.24140266727e-10	1
2.48860276234e-11	-1.27306125336e-10	1
2.54044865322e-11	-1.25838346031e-10	1
2.5922945441e-11	-1.24225217503e-10	1
2.64414043498e-11	-1.25860029548e-10	1
2.69598632586e-11	-1.30835814878e-10	1
2.74783221675e-11	-1.36256405062e-10	1
2.79967810763e-11	-1.38594217434e-10	1
2.85152399851e-11	-1.3626501153e-10	1
2.90336988939e-11	-1.30599261371e-10	1
2.95521578027e-11	-1.24656007568e-10	1
3.00706167116e-11	-1.20876910341e-10	1
3.05890756204e-11	-1.19317940437e-10	1
3.11075345292e-11	-1.17670504078e-10	1
3.1625993438e-11	-1.1295216341e-10	1
3.21444523468e-11	-1.03595116557e-10	1
3.26629112557e-11	-9.04735211828e-11	1
3.31813701645e-11	-7.62424170229e-11	1
3.36998290733e-11	-6.35544737456e-11	1
3.42182879821e-11	-5.34255070493e-11	1
3.47367468909e-11	-4.47986720296e-11	1
3.52552057998e-11	-3.54533440877e-11	1
3.57736647086e-11	-2.35053373419e-11	0.999999999999
3.62921236174e-11	-8.46000255644e-12	0.999999999997
3.68105825262e-11	8.77409896388e-12	0.999999999995
3.7329041435e-11	2.67262701009e-11	0.999999999999
3.78475003439e-11	4.4343720406e-11	1
3.83659592527e-11	6.14373111903e-11	1
3.88844181615e-11	7.84174311066e-11	1
3.94028770703e-11	9.56768328099e-11	1
3.99213359791e-11	1.13162175173e-10	1
4.0439794888e-11	1.30436278975e-10	1
4.09582537968e-11	1.47107581474e-10	1
4.14767127056e-11	1.63229425022e-10	1
4.19951716144e-11	1.79328239171e-10	1
4.25136305232e-11	1.96023037719e-10	1
4.30320894321e-11	2.13502984702e-10	1
4.35505483409e-11	2.31225562908e-10	1
4.40690072497e-11	2.48048100925e-10	1
4.45874661585e-11	2.62736648265e-10	1
4.51059250673e-11	2.74580782741e-10	1
4.56243839762e-11	2.83786462572e-10	1
4.6142842885e-11	2.91423178805e-10	1
4.66613017938e-11	2.98905226129e-10	1
4.71797607026e-11	3.0721171907e-10	1
4.76982196114e-11	3.16215824181e-10	1
4.82166785203e-11	3.24515532785e-10	1
4.87351374291e-11	3.29972124046e-10	1
4.92535963379e-11	3.30795020524e-10	1
4.97720552467e-11	3.26628949909e-10	1
5.02905141555e-11	3.1895816394e-10	1
5.08089730644e-11	3.10424984485e-10	1
5.13274319732e-11	3.03294619091e-10	1
5.1845890882e-11	2.97925544692e-10	1
5.23643497908e-11	2.92268615173e-10	1
5.28828086996e-11	2.82894961427e-10	1
5.34012676085e-11	2.67080421278e-10	1
5.39197265173e-11	2.44672007525e-10	1
5.44381854261e-11	2.18437571483e-10	1
5.49566443349e-11	1.92489711161e-10	1
5.54751032437e-11	1.69667443795e-10	1
5.59935621526e-11	1.49577235132e-10	1
5.65120210614e-11	1.28698135805e-10	1
5.70304799702e-11	1.02638113515e-10	1
5.7548938879e-11	6.91341424935e-11	1
5.80673977878e-11	2.97679929949e-11	0.999999999998
5.85858566967e-11	-1.08644312622e-11	0.999999999985
5.91043156055e-11	-4.80855472503e-11	0.999999999999
5.96227745143e-11	-8.02314668827e-11	1
6.01412334231e-11	-1.09765829335e-10	1
6.06596923319e-11	-1.41565731151e-10	1
6.11781512408e-11	-1.79484319496e-10	1
6.16966101496e-11	-2.23539107944e-10	1
6.22150690584e-11	-2.69702193949e-10	1
6.27335279672e-11	-3.12489302714e-10	1
6.3251986876e-11	-3.48582813688e-10	1
6.37704457849e-11	-3.78969420349e-10	1
6.42889046937e-11	-4.08086722111e-10	1
6.48073636025e-11	-4.40564157556e-10	1
6.53258225113e-11	-4.7783965568e-10	1
6.58442814201e-11	-5.17024327954e-10	1
6.6362740329e-11	-5.52798640206e-10	1
6.68811992378e-11	-5.8098110839e-10	1
6.73996581466e-11	-6.01241381589e-10	1
6.79181170554e-11	-6.17063006224e-10	1
6.84365759642e-11	-6.3303561292e-10	1
6.89550348731e-11	-6.51448185325e-10	1
6.94734937819e-11	-6.70612362221e-10	1
6.99919526907e-11	-6.86059580211e-10	1
7.05104115995e-11	-6.93677181376e-10	1
7.10288705083e-11	-6.92486368946e-10	1
7.15473294172e-11	-6.85085350804e-10	1
7.2065788326e-11	-6.75518907329e-10	1
7.25842472348e-11	-6.66201258697e-10	1
7.31027061436e-11	-6.56156769524e-10	1
7.36211650524e-11	-6.41816534433e-10	1
7.41396239613e-11	-6.1970659912e-10	1
7.46580828701e-11	-5.8899580987e-10	1
7.51765417789e-11	-5.52028339955e-10	1
7.56950006877e-11	-5.1249855786e-10	1
7.62134595965e-11	-4.72676886761e-10	1
7.67319185054e-11	-4.31769891981e-10	1
7.72503774142e-11	-3.86619193713e-10	1
7.7768836323e-11	-3.34188734638e-10	1
7.82872952318e-11	-2.73969630067e-10	1
7.88057541406e-11	-2.08514077439e-10	1
7.93242130495e-11	-1.41712464407e-10	1
7.98426719583e-11	-7.60976879128e-11	0.999999999999
8.03611308671e-11	-1.11657930475e-11	0.999999999947
8.08795897759e-11	5.60603834257e-11	0.999999999998
8.13980486847e-11	1.28647273953e-10	0.999999999999
8.19165075936e-11	2.07287798099e-10	1
8.24349665024e-11	2.89536803552e-10	1
8.29534254112e-11	3.71274424023e-10	1
8.347188432e-11	4.49324360674e-10	1
8.39903432288e-11	5.23355505953e-10	1
8.45088021377e-11	5.95748399076e-10	1
8.50272610465e-11	6.69576225076e-10	1
8.55457199553e-11	7.46161534849e-10	1
8.60641788641e-11	8.23907621068e-10	1
8.65826377729e-11	8.9915013468e-10	1
8.71010966818e-11	9.68354536511e-10	1
8.76195555906e-11	1.03010867991e-09	1
8.81380144994e-11	1.08559564363e-09	1
8.86564734082e-11	1.13734112136e-09	1
8.9174932317e-11	1.18719021732e-09	1
8.96933912259e-11	1.23489236294e-09	1
9.02118501347e-11	1.27814625194e-09	1
9.07303090435e-11	1.31392940922e-09	1
9.12487679523e-11	1.34014261377e-09	1
9.17672268611e-11	1.35652659388e-09	1
9.228568577e-11	1.36439943736e-09	1
9.28041446788e-11	1.36553944205e-09	1
9.33226035876e-11	1.36098121462e-09	1
9.38410624964e-11	1.35040059409e-09	1
9.43595214052e-11	1.33231190419e-09	1
9.48779803141e-11	1.30484090347e-09	1
9.53964392229e-11	1.26661770982e-09	1
9.59148981317e-11	1.21738202965e-09	1
9.64333570405e-11	1.15807638773e-09	1
9.69518159493e-11	1.09040495462e-09	1
9.74702748582e-11	1.01602116051e-09	1
9.7988733767e-11	9.3568018633e-10	1
9.85071926758e-11	8.48792243613e-10	1
9.90256515846e-11	7.53716406966e-10	1
9.95441104934e-11	6.48780173908e-10	1
1.00062569402e-10	5.33530801372e-10	1
1.00581028311e-10	4.09439715483e-10	1
1.0109948722e-10	2.79478551117e-10	0.999999999999
1.01617946129e-10	1.46657279433e-10	0.999999999999
1.02136405038e-10	1.23698343855e-11	0.999999999739
1.02654863946e-10	-1.24325201154e-10	0.999999999996
1.03173322855e-10	-2.65857206826e-10	0.999999999999
1.03691781764e-10	-4.14135087367e-10	1
1.04210240673e-10	-5.68670499668e-10	1
1.04728699582e-10	-7.26179674097e-10	1
1.0524715849e-10	-8.82088071998e-10	1
1.05765617399e-10	-1.03303292751e-09	1
1.06284076308e-10	-1.17866281961e-09	1
1.06802535217e-10	-1.32140631689e-09	1
1.07320994126e-10	-1.46424858404e-09	1
1.07839453035e-10	-1.60799019274e-09	1
1.08357911943e-10	-1.74992041204e-09	1
1.08876370852e-10	-1.88492225443e-09	1
1.09394829761e-10	-2.00832461902e-09	1
1.0991328867e-10	-2.11853292043e-09	1
1.10431747579e-10	-2.21755365513e-09	1
1.10950206487e-10	-2.30898121285e-09	1
1.11468665396e-10	-2.39482916497e-09	1
1.11987124305e-10	-2.47345671695e-09	1
1.12505583214e-10	-2.54010291685e-09	1
1.13024042123e-10	-2.58969112244e-09	1
1.13542501032e-10	-2.61992251526e-09	1
1.1406095994e-10	-2.63244000027e-09	1
1.14579418849e-10	-2.63121180125e-09	1
1.15097877758e-10	-2.61928484705e-09	1
1.15616336667e-10	-2.59624777173e-09	1
1.16134795576e-10	-2.55824235247e-09	1
1.16653254485e-10	-2.50052424782e-09	1
1.17171713393e-10	-2.42072461288e-09	1
1.17690172302e-10	-2.32045179808e-09	1
1.18208631211e-10	-2.20407635613e-09	1
1.1872709012e-10	-2.07558884612e-09	1
1.19245549029e-10	-1.93582011273e-09	1
1.19764007937e-10	-1.78204324272e-09	1
1.20282466846e-10	-1.61023851799e-09	1
1.20800925755e-10	-1.41836341121e-09	1
1.21319384664e-10	-1.20824540673e-09	1
1.21837843573e-10	-9.84729547321e-10	1
1.22356302482e-10	-7.52716226039e-10	1
1.2287476139e-10	-5.14253273937e-10	0.999999999999
1.23393220299e-10	-2.67790730497e-10	0.999999999998
1.23911679208e-10	-1.01195237154e-11	0.999999998999
1.24430138117e-10	2.60435951467e-10	0.999999999997
1.24948597026e-10	5.41895741679e-10	0.999999999999
1.25467055934e-10	8.29098277853e-10	1
1.25985514843e-10	1.11640304776e-09	1
1.26503973752e-10	1.40065340174e-09	1
1.27022432661e-10	1.68227210499e-09	1
1.2754089157e-10	1.963738403e-09	1
1.28059350479e-10	2.24658551555e-09	1
1.28577809387e-10	2.52909468134e-09	1
1.29096268296e-10	2.80631890097e-09	1
1.29614727205e-10	3.07237415041e-09	1
1.30133186114e-10	3.32332801871e-09	1
1.30651645023e-10	3.55863854362e-09	1
1.31170103931e-10	3.78018268451e-09	1
1.3168856284e-10	3.9896409428e-09	1
1.32207021749e-10	4.18613037772e-09	1
1.32725480658e-10	4.36573308073e-09	1
1.33243939567e-10	4.52317601889e-09	1
1.33762398476e-10	4.65441338204e-09	1
1.34280857384e-10	4.75829859602e-09	1
1.34799316293e-10	4.83625627586e-09	1
1.35317775202e-10	4.89029730005e-09	1
1.35836234111e-10	4.92083198102e-09	1
1.3635469302e-10	4.92577860362e-09	1
1.36873151928e-10	4.90148254308e-09	1
1.37391610837e-10	4.84470481288e-09	1
1.37910069746e-10	4.75428103078e-09	1
1.38428528655e-10	4.63139143067e-09	1
1.38946987564e-10	4.47839511179e-09	1
1.39465446473e-10	4.2971273615e-09	1
1.39983905381e-10	4.0878125393e-09	1
1.4050236429e-10	3.84921942631e-09	1
1.41020823199e-10	3.57982064406e-09	1
1.41539282108e-10	3.27911747774e-09	1
1.42057741017e-10	2.94830214776e-09	1
1.42576199926e-10	2.58995203915e-09	1
1.43094658834e-10	2.20707069972e-09	1
1.43613117743e-10	1.80211777506e-09	1
1.44131576652e-10	1.37656575865e-09	1
1.44650035561e-10	9.31142043231e-10	1
1.4516849447e-10	4.66532115525e-10	0.999999999998
1.45686953378e-10	-1.58690791343e-11	0.999999998907
1.46205412287e-10	-5.13531855629e-10	0.999999999999
1.46723871196e-10	-1.02288065876e-09	1
1.47242330105e-10	-1.53984942402e-09	1
1.47760789014e-10	-2.06064610909e-09	1
1.48279247923e-10	-2.58234749733e-09	1
1.48797706831e-10	-3.10298223843e-09	1
1.4931616574e-10	-3.62099197197e-09	1
1.49834624649e-10	-4.13431834894e-09	1
1.50353083558e-10	-4.6396520427e-09	1
1.50871542467e-10	-5.13237411555e-09	1
1.51390001375e-10	-5.60734381891e-09	1
1.51908460284e-10	-6.06012608565e-09	1
1.52426919193e-10	-6.48787701052e-09	1
1.52945378102e-10	-6.88923781186e-09	1
1.53463837011e-10	-7.26320915317e-09	1
1.5398229592e-10	-7.60770791578e-09	1
1.54500754828e-10	-7.91882096493e-09	1
