% time-domain current mode matching by openEMS v0.0.36 @Sun Oct 27 22:59:46 2024
% start-coordinates: (0.000411538,0.000390909,0.0437543) m -> [1,1,111]
% stop-coordinates: (0.0102885,0.00390909,0.0437543) m -> [25,10,111]
% t/s	current	mode_purity
2.5922945441e-13	-0	-0
7.7768836323e-13	-0	-0
1.29614727205e-12	-0	-0
1.81460618087e-12	-0	-0
2.33306508969e-12	-0	-0
2.85152399851e-12	-0	-0
3.36998290733e-12	-0	-0
3.88844181615e-12	-0	-0
4.40690072497e-12	-0	-0
4.92535963379e-12	-0	-0
5.44381854261e-12	-0	-0
5.96227745143e-12	-0	-0
6.48073636025e-12	-0	-0
6.99919526907e-12	-0	-0
7.51765417789e-12	-0	-0
8.03611308671e-12	-0	-0
8.55457199553e-12	-0	-0
9.07303090435e-12	-0	-0
9.59148981317e-12	-0	-0
1.0109948722e-11	-0	-0
1.06284076308e-11	-0	-0
1.11468665396e-11	-0	-0
1.16653254485e-11	-0	-0
1.21837843573e-11	-0	-0
1.27022432661e-11	-0	-0
1.32207021749e-11	-0	-0
1.37391610837e-11	-0	-0
1.42576199926e-11	-0	-0
1.47760789014e-11	-0	-0
1.52945378102e-11	-0	-0
1.5812996719e-11	-0	-0
1.63314556278e-11	-0	-0
1.68499145367e-11	-0	-0
1.73683734455e-11	-0	-0
1.78868323543e-11	-0	-0
1.84052912631e-11	-0	-0
1.89237501719e-11	-0	-0
1.94422090808e-11	-0	-0
1.99606679896e-11	-0	-0
2.04791268984e-11	-0	-0
2.09975858072e-11	-0	-0
2.1516044716e-11	-0	-0
2.20345036249e-11	-0	-0
2.25529625337e-11	-0	-0
2.30714214425e-11	-0	-0
2.35898803513e-11	-0	-0
2.41083392601e-11	-0	-0
2.4626798169e-11	-0	-0
2.51452570778e-11	-0	-0
2.56637159866e-11	-0	-0
2.61821748954e-11	-0	-0
2.67006338042e-11	-0	-0
2.72190927131e-11	-0	-0
2.77375516219e-11	-0	-0
2.82560105307e-11	-0	-0
2.87744694395e-11	-0	-0
2.92929283483e-11	-0	-0
2.98113872572e-11	-0	-0
3.0329846166e-11	-0	-0
3.08483050748e-11	-0	-0
3.13667639836e-11	-0	-0
3.18852228924e-11	-0	-0
3.24036818013e-11	-0	-0
3.29221407101e-11	-0	-0
3.34405996189e-11	-0	-0
3.39590585277e-11	-0	-0
3.44775174365e-11	-0	-0
3.49959763454e-11	-0	-0
3.55144352542e-11	-0	-0
3.6032894163e-11	-0	-0
3.65513530718e-11	-0	-0
3.70698119806e-11	-0	-0
3.75882708895e-11	-0	-0
3.81067297983e-11	-0	-0
3.86251887071e-11	-0	-0
3.91436476159e-11	-0	-0
3.96621065247e-11	-0	-0
4.01805654336e-11	-0	-0
4.06990243424e-11	-0	-0
4.12174832512e-11	-0	-0
4.173594216e-11	-0	-0
4.22544010688e-11	-0	-0
4.27728599777e-11	-0	-0
4.32913188865e-11	-0	-0
4.38097777953e-11	-0	-0
4.43282367041e-11	-0	-0
4.48466956129e-11	-0	-0
4.53651545218e-11	-0	-0
4.58836134306e-11	-0	-0
4.64020723394e-11	-0	-0
4.69205312482e-11	-0	-0
4.7438990157e-11	-0	-0
4.79574490659e-11	-0	-0
4.84759079747e-11	-0	-0
4.89943668835e-11	-0	-0
4.95128257923e-11	-0	-0
5.00312847011e-11	-0	-0
5.054974361e-11	-0	-0
5.10682025188e-11	-0	-0
5.15866614276e-11	-0	-0
5.21051203364e-11	-0	-0
5.26235792452e-11	-0	-0
5.31420381541e-11	-0	-0
5.36604970629e-11	-0	-0
5.41789559717e-11	-0	-0
5.46974148805e-11	-0	-0
5.52158737893e-11	-0	-0
5.57343326982e-11	-0	-0
5.6252791607e-11	-0	-0
5.67712505158e-11	-0	-0
5.72897094246e-11	-0	-0
5.78081683334e-11	-0	-0
5.83266272423e-11	-0	-0
5.88450861511e-11	-0	-0
5.93635450599e-11	-0	-0
5.98820039687e-11	-0	-0
6.04004628775e-11	-0	-0
6.09189217864e-11	-0	-0
6.14373806952e-11	-0	-0
6.1955839604e-11	-0	-0
6.24742985128e-11	-0	-0
6.29927574216e-11	-0	-0
6.35112163305e-11	-0	-0
6.40296752393e-11	-0	-0
6.45481341481e-11	-0	-0
6.50665930569e-11	-0	-0
6.55850519657e-11	-0	-0
6.61035108746e-11	-0	-0
6.66219697834e-11	-0	-0
6.71404286922e-11	-0	-0
6.7658887601e-11	-0	-0
6.81773465098e-11	-0	-0
6.86958054187e-11	-0	-0
6.92142643275e-11	-0	-0
6.97327232363e-11	-0	-0
7.02511821451e-11	-0	-0
7.07696410539e-11	-0	-0
7.12880999628e-11	-0	-0
7.18065588716e-11	-0	-0
7.23250177804e-11	-0	-0
7.28434766892e-11	-0	-0
7.3361935598e-11	-0	-0
7.38803945069e-11	-0	-0
7.43988534157e-11	-0	-0
7.49173123245e-11	-0	-0
7.54357712333e-11	-0	-0
7.59542301421e-11	-0	-0
7.6472689051e-11	-0	-0
7.69911479598e-11	-0	-0
7.75096068686e-11	-0	-0
7.80280657774e-11	-0	-0
7.85465246862e-11	-0	-0
7.90649835951e-11	-0	-0
7.95834425039e-11	-0	-0
8.01019014127e-11	-0	-0
8.06203603215e-11	-0	-0
8.11388192303e-11	-0	-0
8.16572781392e-11	-0	-0
8.2175737048e-11	-0	-0
8.26941959568e-11	-0	-0
8.32126548656e-11	-0	-0
8.37311137744e-11	-0	-0
8.42495726833e-11	-0	-0
8.47680315921e-11	-0	-0
8.52864905009e-11	-0	-0
8.58049494097e-11	-9.67762595558e-38	-0.883237887948
8.63234083185e-11	-4.49455645537e-37	-0.986621796696
8.68418672274e-11	-1.56170782221e-36	-0.994021236291
8.73603261362e-11	-4.71215468314e-36	-0.996211198883
8.7878785045e-11	-1.33143035859e-35	-0.996574517425
8.83972439538e-11	-3.64352691943e-35	-0.996625338411
8.89157028626e-11	-9.78133874256e-35	-0.996632614438
8.94341617715e-11	-2.58824263858e-34	-0.996633727814
8.99526206803e-11	-6.76234532709e-34	-0.99663389526
9.04710795891e-11	-1.745690064e-33	-0.996633917829
9.09895384979e-11	-4.45397194666e-33	-0.996633920142
9.15079974067e-11	-1.12335928081e-32	-0.996633919969
9.20264563156e-11	-2.80119546329e-32	-0.996633920638
9.25449152244e-11	-6.90681522401e-32	-0.99663391972
9.30633741332e-11	-1.68412752554e-31	-0.996633920498
9.3581833042e-11	-4.06149317204e-31	-0.996633920959
9.41002919508e-11	-9.68855915456e-31	-0.99663392064
9.46187508597e-11	-2.28635037893e-30	-0.996633920543
9.51372097685e-11	-5.33804591865e-30	-0.996633921272
9.56556686773e-11	-1.23316730474e-29	-0.99663392105
9.61741275861e-11	-2.81906176085e-29	-0.996633921761
9.66925864949e-11	-6.37780649462e-29	-0.996633922254
9.72110454038e-11	-1.42811118756e-28	-0.996633921647
9.77295043126e-11	-3.16530108391e-28	-0.99663392157
9.82479632214e-11	-6.94492110087e-28	-0.996633920774
9.87664221302e-11	-1.50853213409e-27	-0.996633920322
9.9284881039e-11	-3.24422571647e-27	-0.996633921549
9.98033399479e-11	-6.9082776941e-27	-0.996633921218
1.00321798857e-10	-1.45667425034e-26	-0.996633921757
1.00840257765e-10	-3.04172169605e-26	-0.996633922489
1.01358716674e-10	-6.29028128492e-26	-0.996633923153
1.01877175583e-10	-1.28837456009e-25	-0.996633922994
1.02395634492e-10	-2.61374036146e-25	-0.996633922545
1.02914093401e-10	-5.25238438687e-25	-0.996633922279
1.0343255231e-10	-1.04555913581e-24	-0.99663392291
1.03951011218e-10	-2.06187279213e-24	-0.996633923418
1.04469470127e-10	-4.02826686203e-24	-0.996633924831
1.04987929036e-10	-7.79719580493e-24	-0.996633925458
1.05506387945e-10	-1.49534716453e-23	-0.996633926324
1.06024846854e-10	-2.84149824325e-23	-0.996633925416
1.06543305763e-10	-5.35022051006e-23	-0.99663392566
1.07061764671e-10	-9.98230642278e-23	-0.996633926613
1.0758022358e-10	-1.84560944446e-22	-0.996633927562
1.08098682489e-10	-3.38151998372e-22	-0.996633927741
1.08617141398e-10	-6.13987720539e-22	-0.996633928163
1.09135600307e-10	-1.1048264278e-21	-0.996633926663
1.09654059215e-10	-1.97026608405e-21	-0.996633925262
1.10172518124e-10	-3.4822557246e-21	-0.996633923331
1.10690977033e-10	-6.09970137707e-21	-0.996633922263
1.11209435942e-10	-1.05894751528e-20	-0.996633921647
1.11727894851e-10	-1.82206001922e-20	-0.996633921539
1.1224635376e-10	-3.1072505977e-20	-0.9966339204
1.12764812668e-10	-5.25190374893e-20	-0.996633919714
1.13283271577e-10	-8.79800195124e-20	-0.9966339198
1.13801730486e-10	-1.46075213919e-19	-0.996633920156
1.14320189395e-10	-2.4037587439e-19	-0.996633920627
1.14838648304e-10	-3.92032457396e-19	-0.99663392082
1.15357107212e-10	-6.33669904338e-19	-0.996633921001
1.15875566121e-10	-1.01509148436e-18	-0.996633920937
1.1639402503e-10	-1.61152655063e-18	-0.996633920953
1.16912483939e-10	-2.53540224643e-18	-0.996633921914
1.17430942848e-10	-3.95292003218e-18	-0.996633921927
1.17949401757e-10	-6.1070728611e-18	-0.996633923266
1.18467860665e-10	-9.34913852588e-18	-0.996633923947
1.18986319574e-10	-1.41811076359e-17	-0.996633924745
1.19504778483e-10	-2.1311907421e-17	-0.996633925057
1.20023237392e-10	-3.17305999717e-17	-0.996633925112
1.20541696301e-10	-4.67998607423e-17	-0.996633924125
1.21060155209e-10	-6.83728389147e-17	-0.996633924583
1.21578614118e-10	-9.89358009134e-17	-0.996633924393
1.22097073027e-10	-1.41777476317e-16	-0.99663392392
1.22615531936e-10	-2.01183572067e-16	-0.996633923119
1.23133990845e-10	-2.82651133159e-16	-0.996633922196
1.23652449754e-10	-3.93112064021e-16	-0.996633920955
1.24170908662e-10	-5.4114795489e-16	-0.996633920643
1.24689367571e-10	-7.37169299284e-16	-0.996633920034
1.2520782648e-10	-9.93521284557e-16	-0.996633919952
1.25726285389e-10	-1.3244662062e-15	-0.996633919416
1.26244744298e-10	-1.74597994974e-15	-0.996633918863
1.26763203206e-10	-2.27528818151e-15	-0.996633918382
1.27281662115e-10	-2.93005967783e-15	-0.996633918185
1.27800121024e-10	-3.72717069025e-15	-0.996633917759
1.28318579933e-10	-4.68096150488e-15	-0.996633918698
1.28837038842e-10	-5.80092444042e-15	-0.996633920026
1.29355497751e-10	-7.08879902146e-15	-0.996633921325
1.29873956659e-10	-8.53510385447e-15	-0.996633922013
1.30392415568e-10	-1.01152129289e-14	-0.996633922446
1.30910874477e-10	-1.1785180562e-14	-0.996633922419
1.31429333386e-10	-1.34776362036e-14	-0.996633921172
1.31947792295e-10	-1.50981928965e-14	-0.996633920785
1.32466251204e-10	-1.65229417984e-14	-0.996633920734
1.32984710112e-10	-1.75976990897e-14	-0.996633921172
1.33503169021e-10	-1.81397451194e-14	-0.996633921916
1.3402162793e-10	-1.79427766067e-14	-0.996633922613
1.34540086839e-10	-1.67857047072e-14	-0.996633923641
1.35058545748e-10	-1.44457084835e-14	-0.99663392456
1.35577004656e-10	-1.07156186645e-14	-0.99663392561
1.36095463565e-10	-5.42522454899e-15	-0.996633929463
1.36613922474e-10	1.53448267764e-15	-0.996633899278
1.37132381383e-10	1.01857775689e-14	-0.996633919369
1.37650840292e-10	2.04396891464e-14	-0.996633920732
1.38169299201e-10	3.20753924292e-14	-0.996633920738
1.38687758109e-10	4.47267736326e-14	-0.996633920579
1.39206217018e-10	5.78795059794e-14	-0.996633920695
1.39724675927e-10	7.08816443056e-14	-0.996633920836
1.40243134836e-10	8.29699031628e-14	-0.996633921011
1.40761593745e-10	9.33124379277e-14	-0.996633921248
1.41280052653e-10	1.01067144615e-13	-0.996633921152
1.41798511562e-10	1.05452300743e-13	-0.996633920532
1.42316970471e-10	1.05824141415e-13	-0.996633919978
1.4283542938e-10	1.01753833358e-13	-0.996633920278
1.43353888289e-10	9.30947935759e-14	-0.996633919152
1.43872347198e-10	8.00306472145e-14	-0.996633917804
1.44390806106e-10	6.30947045535e-14	-0.996633914789
1.44909265015e-10	4.31538573206e-14	-0.996633910141
1.45427723924e-10	2.13532173151e-14	-0.996633899225
1.45946182833e-10	-9.77486195061e-16	-0.996634303637
1.46464641742e-10	-2.24493130964e-14	-0.99663392985
1.4698310065e-10	-4.17593886372e-14	-0.996633920797
1.47501559559e-10	-5.7839403651e-14	-0.996633917173
1.48020018468e-10	-6.99877087447e-14	-0.996633914293
1.48538477377e-10	-7.79648797514e-14	-0.996633912785
1.49056936286e-10	-8.20352342836e-14	-0.996633912068
1.49575395195e-10	-8.29425240999e-14	-0.996633912157
1.50093854103e-10	-8.18165956766e-14	-0.996633913108
1.50612313012e-10	-8.00181162514e-14	-0.99663391557
1.51130771921e-10	-7.89391225591e-14	-0.996633919001
1.5164923083e-10	-7.97863237101e-14	-0.996633922318
1.52167689739e-10	-8.33799270615e-14	-0.99663392541
1.52686148647e-10	-9.00017645682e-14	-0.996633927197
1.53204607556e-10	-9.93217730603e-14	-0.996633928464
1.53723066465e-10	-1.10421455855e-13	-0.9966339273
1.54241525374e-10	-1.21917971136e-13	-0.996633926314
1.54759984283e-10	-1.32175157649e-13	-0.996633924472
