% time-domain voltage mode matching by openEMS v0.0.36 @Sun Oct 27 22:59:46 2024
% start-coordinates: (0.000411538,0.000390909,0.0437543) m -> [1,1,111]
% stop-coordinates: (0.0102885,0.00390909,0.0437543) m -> [25,10,111]
% t/s	voltage	mode_purity
0	0	0
5.1845890882e-13	0	0
1.03691781764e-12	0	0
1.55537672646e-12	0	0
2.07383563528e-12	0	0
2.5922945441e-12	0	0
3.11075345292e-12	0	0
3.62921236174e-12	0	0
4.14767127056e-12	0	0
4.66613017938e-12	0	0
5.1845890882e-12	0	0
5.70304799702e-12	0	0
6.22150690584e-12	0	0
6.73996581466e-12	0	0
7.25842472348e-12	0	0
7.7768836323e-12	0	0
8.29534254112e-12	0	0
8.81380144994e-12	0	0
9.33226035876e-12	0	0
9.85071926758e-12	0	0
1.03691781764e-11	0	0
1.08876370852e-11	0	0
1.1406095994e-11	0	0
1.19245549029e-11	0	0
1.24430138117e-11	0	0
1.29614727205e-11	0	0
1.34799316293e-11	0	0
1.39983905381e-11	0	0
1.4516849447e-11	0	0
1.50353083558e-11	0	0
1.55537672646e-11	0	0
1.60722261734e-11	0	0
1.65906850822e-11	0	0
1.71091439911e-11	0	0
1.76276028999e-11	0	0
1.81460618087e-11	0	0
1.86645207175e-11	0	0
1.91829796263e-11	0	0
1.97014385352e-11	0	0
2.0219897444e-11	0	0
2.07383563528e-11	0	0
2.12568152616e-11	0	0
2.17752741704e-11	0	0
2.22937330793e-11	0	0
2.28121919881e-11	0	0
2.33306508969e-11	0	0
2.38491098057e-11	0	0
2.43675687145e-11	0	0
2.48860276234e-11	0	0
2.54044865322e-11	0	0
2.5922945441e-11	0	0
2.64414043498e-11	0	0
2.69598632586e-11	0	0
2.74783221675e-11	0	0
2.79967810763e-11	0	0
2.85152399851e-11	0	0
2.90336988939e-11	0	0
2.95521578027e-11	0	0
3.00706167116e-11	0	0
3.05890756204e-11	0	0
3.11075345292e-11	0	0
3.1625993438e-11	0	0
3.21444523468e-11	0	0
3.26629112557e-11	0	0
3.31813701645e-11	0	0
3.36998290733e-11	0	0
3.42182879821e-11	0	0
3.47367468909e-11	0	0
3.52552057998e-11	0	0
3.57736647086e-11	0	0
3.62921236174e-11	0	0
3.68105825262e-11	0	0
3.7329041435e-11	0	0
3.78475003439e-11	0	0
3.83659592527e-11	0	0
3.88844181615e-11	0	0
3.94028770703e-11	0	0
3.99213359791e-11	0	0
4.0439794888e-11	0	0
4.09582537968e-11	0	0
4.14767127056e-11	0	0
4.19951716144e-11	0	0
4.25136305232e-11	0	0
4.30320894321e-11	0	0
4.35505483409e-11	0	0
4.40690072497e-11	0	0
4.45874661585e-11	0	0
4.51059250673e-11	0	0
4.56243839762e-11	0	0
4.6142842885e-11	0	0
4.66613017938e-11	0	0
4.71797607026e-11	0	0
4.76982196114e-11	0	0
4.82166785203e-11	0	0
4.87351374291e-11	0	0
4.92535963379e-11	0	0
4.97720552467e-11	0	0
5.02905141555e-11	0	0
5.08089730644e-11	0	0
5.13274319732e-11	0	0
5.1845890882e-11	0	0
5.23643497908e-11	0	0
5.28828086996e-11	0	0
5.34012676085e-11	0	0
5.39197265173e-11	0	0
5.44381854261e-11	0	0
5.49566443349e-11	0	0
5.54751032437e-11	0	0
5.59935621526e-11	0	0
5.65120210614e-11	0	0
5.70304799702e-11	0	0
5.7548938879e-11	0	0
5.80673977878e-11	0	0
5.85858566967e-11	0	0
5.91043156055e-11	0	0
5.96227745143e-11	0	0
6.01412334231e-11	0	0
6.06596923319e-11	0	0
6.11781512408e-11	0	0
6.16966101496e-11	0	0
6.22150690584e-11	0	0
6.27335279672e-11	0	0
6.3251986876e-11	0	0
6.37704457849e-11	0	0
6.42889046937e-11	0	0
6.48073636025e-11	0	0
6.53258225113e-11	0	0
6.58442814201e-11	0	0
6.6362740329e-11	0	0
6.68811992378e-11	0	0
6.73996581466e-11	0	0
6.79181170554e-11	0	0
6.84365759642e-11	0	0
6.89550348731e-11	0	0
6.94734937819e-11	0	0
6.99919526907e-11	0	0
7.05104115995e-11	0	0
7.10288705083e-11	0	0
7.15473294172e-11	0	0
7.2065788326e-11	0	0
7.25842472348e-11	0	0
7.31027061436e-11	0	0
7.36211650524e-11	0	0
7.41396239613e-11	0	0
7.46580828701e-11	0	0
7.51765417789e-11	0	0
7.56950006877e-11	0	0
7.62134595965e-11	0	0
7.67319185054e-11	0	0
7.72503774142e-11	0	0
7.7768836323e-11	0	0
7.82872952318e-11	0	0
7.88057541406e-11	0	0
7.93242130495e-11	0	0
7.98426719583e-11	0	0
8.03611308671e-11	0	0
8.08795897759e-11	0	0
8.13980486847e-11	0	0
8.19165075936e-11	0	0
8.24349665024e-11	0	0
8.29534254112e-11	0	0
8.347188432e-11	0	0
8.39903432288e-11	0	0
8.45088021377e-11	0	0
8.50272610465e-11	0	0
8.55457199553e-11	0	0
8.60641788641e-11	2.99082111959e-35	0.886220977782
8.65826377729e-11	1.68810191988e-34	0.979948224944
8.71010966818e-11	5.93828389903e-34	0.997477493488
8.76195555906e-11	1.78642099935e-33	0.999661254468
8.81380144994e-11	5.04343845527e-33	0.999945638417
8.86564734082e-11	1.380913887e-32	0.999989610349
8.9174932317e-11	3.71160193264e-32	0.999997940961
8.96933912259e-11	9.83607121336e-32	0.999999697388
9.02118501347e-11	2.5741469939e-31	0.999999964639
9.07303090435e-11	6.65656749816e-31	0.999999995912
9.12487679523e-11	1.70131575707e-30	0.999999999561
9.17672268611e-11	4.29840352098e-30	0.999999999949
9.228568577e-11	1.07368122481e-29	0.999999999994
9.28041446788e-11	2.65181916526e-29	1
9.33226035876e-11	6.47687052407e-29	1
9.38410624964e-11	1.56455179841e-28	1
9.43595214052e-11	3.73823889887e-28	1
9.48779803141e-11	8.83575965005e-28	1
9.53964392229e-11	2.06617069078e-27	1
9.59148981317e-11	4.78055316092e-27	1
9.64333570405e-11	1.09451679415e-26	1
9.69518159493e-11	2.47993465534e-26	1
9.74702748582e-11	5.56123589739e-26	1
9.7988733767e-11	1.23439444291e-25	1
9.85071926758e-11	2.71222104453e-25	1
9.90256515846e-11	5.89956865287e-25	1
9.95441104934e-11	1.27049726641e-24	1
1.00062569402e-10	2.70905852966e-24	1
1.00581028311e-10	5.71986586109e-24	1
1.0109948722e-10	1.19593190577e-23	1
1.01617946129e-10	2.47633436824e-23	1
1.02136405038e-10	5.07834455241e-23	1
1.02654863946e-10	1.03150590448e-22	1
1.03173322855e-10	2.075311701e-22	1
1.03691781764e-10	4.13600640396e-22	1
1.04210240673e-10	8.16560348132e-22	1
1.04728699582e-10	1.59707888656e-21	1
1.0524715849e-10	3.09468200972e-21	1
1.05765617399e-10	5.9412337958e-21	1
1.06284076308e-10	1.1301248442e-20	1
1.06802535217e-10	2.13001335071e-20	1
1.07320994126e-10	3.97795753862e-20	1
1.07839453035e-10	7.36163740628e-20	1
1.08357911943e-10	1.35001469588e-19	1
1.08876370852e-10	2.45337769144e-19	1
1.09394829761e-10	4.41837917545e-19	1
1.0991328867e-10	7.88576313702e-19	1
1.10431747579e-10	1.39480934563e-18	1
1.10950206487e-10	2.44502434074e-18	1
1.11468665396e-10	4.24770367389e-18	1
1.11987124305e-10	7.31361289418e-18	1
1.12505583214e-10	1.24801275139e-17	1
1.13024042123e-10	2.11065105868e-17	1
1.13542501032e-10	3.53772201225e-17	1
1.1406095994e-10	5.87676965124e-17	1
1.14579418849e-10	9.67514420451e-17	1
1.15097877758e-10	1.57860833203e-16	1
1.15616336667e-10	2.55259518313e-16	1
1.16134795576e-10	4.09044488195e-16	1
1.16653254485e-10	6.49573889186e-16	1
1.17171713393e-10	1.0222145965e-15	1
1.17690172302e-10	1.59402382953e-15	1
1.18208631211e-10	2.46301986224e-15	1
1.1872709012e-10	3.77085461279e-15	1
1.19245549029e-10	5.71986606358e-15	1
1.19764007937e-10	8.59564191351e-15	1
1.20282466846e-10	1.2796341855e-14	1
1.20800925755e-10	1.88700593666e-14	1
1.21319384664e-10	2.75613969476e-14	1
1.21837843573e-10	3.98681081425e-14	1
1.22356302482e-10	5.71080360911e-14	1
1.2287476139e-10	8.09955104864e-14	1
1.23393220299e-10	1.13724801091e-13	1
1.23911679208e-10	1.58055983831e-13	1
1.24430138117e-10	2.17395621446e-13	1
1.24948597026e-10	2.95860961187e-13	1
1.25467055934e-10	3.98311904877e-13	1
1.25985514843e-10	5.30330174195e-13	1
1.26503973752e-10	6.98120112558e-13	1
1.27022432661e-10	9.08301026442e-13	1
1.2754089157e-10	1.16755794021e-12	1
1.28059350479e-10	1.482117089e-12	1
1.28577809387e-10	1.85701585004e-12	1
1.29096268296e-10	2.2951452166e-12	1
1.29614727205e-10	2.79605920661e-12	1
1.30133186114e-10	3.35456841796e-12	1
1.30651645023e-10	3.95916782236e-12	1
1.31170103931e-10	4.59038966631e-12	1
1.3168856284e-10	5.21921926837e-12	1
1.32207021749e-10	5.80576301474e-12	1
1.32725480658e-10	6.29840474823e-12	1
1.33243939567e-10	6.63372883165e-12	1
1.33762398476e-10	6.73750305694e-12	1
1.34280857384e-10	6.52701096743e-12	1
1.34799316293e-10	5.91496827102e-12	1
1.35317775202e-10	4.81516632466e-12	1
1.35836234111e-10	3.14982994294e-12	1
1.3635469302e-10	8.58478170218e-13	1
1.36873151928e-10	-2.09217279049e-12	1
1.37391610837e-10	-5.69799272244e-12	1
1.37910069746e-10	-9.90790306986e-12	1
1.38428528655e-10	-1.46162387368e-11	1
1.38946987564e-10	-1.96583555958e-11	1
1.39465446473e-10	-2.48108244858e-11	1
1.39983905381e-10	-2.97973736735e-11	1
1.4050236429e-10	-3.43013460884e-11	1
1.41020823199e-10	-3.79848434736e-11	1
1.41539282108e-10	-4.05139395604e-11	1
1.42057741017e-10	-4.15884296038e-11	1
1.42576199926e-10	-4.09736730262e-11	1
1.43094658834e-10	-3.85312420028e-11	1
1.43613117743e-10	-3.4244542467e-11	1
1.44131576652e-10	-2.82354267308e-11	1
1.44650035561e-10	-2.07681946744e-11	1
1.4516849447e-10	-1.22383685306e-11	1
1.45686953378e-10	-3.14519340763e-12	0.999999999999
1.46205412287e-10	5.95113226748e-12	1
1.46723871196e-10	1.4484201171e-11	1
1.47242330105e-10	2.19425787922e-11	1
1.47760789014e-10	2.79300735154e-11	1
1.48279247923e-10	3.22167491717e-11	1
1.48797706831e-10	3.47724525438e-11	1
1.4931616574e-10	3.57760923628e-11	1
1.49834624649e-10	3.55966502747e-11	1
1.50353083558e-10	3.47457693348e-11	1
1.50871542467e-10	3.38061993226e-11	1
1.51390001375e-10	3.33447877511e-11	1
1.51908460284e-10	3.38222298701e-11	1
1.52426919193e-10	3.5513756542e-11	1
1.52945378102e-10	3.84546673074e-11	1
1.53463837011e-10	4.24218901229e-11	1
1.5398229592e-10	4.695769587e-11	1
1.54500754828e-10	5.14348995111e-11	1
