% time-domain current mode matching by openEMS v0.0.36 @Sun Oct 27 22:59:46 2024
% start-coordinates: (0.000411538,0.000390909,0.00624568) m -> [1,1,20]
% stop-coordinates: (0.0102885,0.00390909,0.00624568) m -> [25,10,20]
% t/s	current	mode_purity
2.5922945441e-13	0	0
7.7768836323e-13	0	0
1.29614727205e-12	0	0
1.81460618087e-12	0	0
2.33306508969e-12	0	0
2.85152399851e-12	0	0
3.36998290733e-12	1.01161875432e-17	0.996633921026
3.88844181615e-12	1.07489973371e-16	0.996633921026
4.40690072497e-12	5.95847146619e-16	0.996633921788
4.92535963379e-12	2.28299776771e-15	0.996633922205
5.44381854261e-12	6.76175745511e-15	0.996633922654
5.96227745143e-12	1.64195160571e-14	0.996633922113
6.48073636025e-12	3.38622430638e-14	0.996633921238
6.99919526907e-12	6.06634530696e-14	0.996633921524
7.51765417789e-12	9.5819503809e-14	0.996633921829
8.03611308671e-12	1.34754007303e-13	0.996633922399
8.55457199553e-12	1.69783782892e-13	0.996633922038
9.07303090435e-12	1.92399575142e-13	0.996633921389
9.59148981317e-12	1.96687985615e-13	0.99663392079
1.0109948722e-11	1.82299006296e-13	0.996633920362
1.06284076308e-11	1.55217773971e-13	0.996633919523
1.11468665396e-11	1.25527744071e-13	0.996633919251
1.16653254485e-11	1.02973141155e-13	0.996633919817
1.21837843573e-11	9.2510809593e-14	0.996633922787
1.27022432661e-11	9.22602186838e-14	0.996633924837
1.32207021749e-11	9.50357551399e-14	0.996633925399
1.37391610837e-11	9.26171634046e-14	0.996633924279
1.42576199926e-11	8.03055972658e-14	0.996633922687
1.47760789014e-11	5.91584320884e-14	0.996633920106
1.52945378102e-11	3.47355370285e-14	0.996633915925
1.5812996719e-11	1.33306098012e-14	0.996633909817
1.63314556278e-11	-1.86050304462e-15	0.996633962523
1.68499145367e-11	-1.23000936361e-14	0.996633921758
1.73683734455e-11	-2.26506476311e-14	0.996633918662
1.78868323543e-11	-3.7515101044e-14	0.996633918978
1.84052912631e-11	-5.86226527672e-14	0.996633918735
1.89237501719e-11	-8.41811887846e-14	0.996633919203
1.94422090808e-11	-1.10498567393e-13	0.996633920416
1.99606679896e-11	-1.34453420317e-13	0.996633920448
2.04791268984e-11	-1.55019482513e-13	0.996633920742
2.09975858072e-11	-1.72983679786e-13	0.996633920785
2.1516044716e-11	-1.8945588012e-13	0.996633920564
2.20345036249e-11	-2.04619562475e-13	0.996633921121
2.25529625337e-11	-2.17806503964e-13	0.996633921393
2.30714214425e-11	-2.28743593034e-13	0.996633921073
2.35898803513e-11	-2.38735571597e-13	0.996633920721
2.41083392601e-11	-2.50505380051e-13	0.996633919841
2.4626798169e-11	-2.66480591514e-13	0.996633919641
2.51452570778e-11	-2.86668141564e-13	0.996633919572
2.56637159866e-11	-3.07812799729e-13	0.996633919294
2.61821748954e-11	-3.24776386578e-13	0.996633919346
2.67006338042e-11	-3.33490496067e-13	0.996633919709
2.72190927131e-11	-3.33578823356e-13	0.996633920507
2.77375516219e-11	-3.28788067667e-13	0.996633921572
2.82560105307e-11	-3.24762622279e-13	0.996633923037
2.87744694395e-11	-3.25507350072e-13	0.996633923572
2.92929283483e-11	-3.30830290633e-13	0.996633922854
2.98113872572e-11	-3.36450715826e-13	0.996633921456
3.0329846166e-11	-3.36694736108e-13	0.996633920405
3.08483050748e-11	-3.27992485487e-13	0.996633920208
3.13667639836e-11	-3.10907154718e-13	0.996633921145
3.18852228924e-11	-2.89471684721e-13	0.996633922368
3.24036818013e-11	-2.68428252698e-13	0.996633923725
3.29221407101e-11	-2.502967393e-13	0.996633924493
3.34405996189e-11	-2.34167084819e-13	0.996633924699
3.39590585277e-11	-2.16819153893e-13	0.99663392352
3.44775174365e-11	-1.95180989052e-13	0.996633921652
3.49959763454e-11	-1.68344701407e-13	0.996633920236
3.55144352542e-11	-1.37842410588e-13	0.996633920631
3.6032894163e-11	-1.06203919552e-13	0.996633922044
3.65513530718e-11	-7.49941883626e-14	0.996633924881
3.70698119806e-11	-4.37661212554e-14	0.996633930258
3.75882708895e-11	-1.05874657219e-14	0.996633954842
3.81067297983e-11	2.63572098916e-14	0.996633918274
3.86251887071e-11	6.72924844969e-14	0.996633924266
3.91436476159e-11	1.10521869569e-13	0.996633925598
3.96621065247e-11	1.53399660158e-13	0.996633925516
4.01805654336e-11	1.93887161868e-13	0.996633924339
4.06990243424e-11	2.31665163081e-13	0.996633923226
4.12174832512e-11	2.68157724103e-13	0.996633922387
4.173594216e-11	3.05552622629e-13	0.996633922599
4.22544010688e-11	3.45470822925e-13	0.996633921565
4.27728599777e-11	3.8803231834e-13	0.996633921456
4.32913188865e-11	4.31738888553e-13	0.996633921276
4.38097777953e-11	4.74130387781e-13	0.996633921291
4.43282367041e-11	5.12840583233e-13	0.996633921924
4.48466956129e-11	5.46577723914e-13	0.996633921984
4.53651545218e-11	5.75629409322e-13	0.996633921937
4.58836134306e-11	6.01664368012e-13	0.996633921386
4.64020723394e-11	6.26852421289e-13	0.99663392086
4.69205312482e-11	6.52631087845e-13	0.996633921059
4.7438990157e-11	6.78707554459e-13	0.99663392095
4.79574490659e-11	7.02904049089e-13	0.996633921365
4.84759079747e-11	7.22094726746e-13	0.996633921265
4.89943668835e-11	7.33846353207e-13	0.996633921222
4.95128257923e-11	7.37833374809e-13	0.996633920175
5.00312847011e-11	7.3607812943e-13	0.996633920006
5.054974361e-11	7.31708987141e-13	0.99663391955
5.10682025188e-11	7.26901099913e-13	0.996633919278
5.15866614276e-11	7.21310680589e-13	0.99663391985
5.21051203364e-11	7.12112409883e-13	0.996633920419
5.26235792452e-11	6.95732243322e-13	0.996633922108
5.31420381541e-11	6.70183722114e-13	0.996633923415
5.36604970629e-11	6.36412354734e-13	0.996633923573
5.41789559717e-11	5.9766069868e-13	0.996633923546
5.46974148805e-11	5.57228207235e-13	0.996633922222
5.52158737893e-11	5.16169635036e-13	0.996633920656
5.57343326982e-11	4.72581561992e-13	0.996633919442
5.6252791607e-11	4.2303229436e-13	0.996633919509
5.67712505158e-11	3.65143325345e-13	0.996633921414
5.72897094246e-11	2.99456711885e-13	0.996633923747
5.78081683334e-11	2.29197998972e-13	0.996633925161
5.83266272423e-11	1.5806707543e-13	0.996633925138
5.88450861511e-11	8.76605127712e-14	0.996633918705
5.93635450599e-11	1.64455680429e-14	0.996633851883
5.98820039687e-11	-5.89072129871e-14	0.996633949678
6.04004628775e-11	-1.407779643e-13	0.996633932471
6.09189217864e-11	-2.28474695835e-13	0.996633925484
6.14373806952e-11	-3.18357608703e-13	0.996633921548
6.1955839604e-11	-4.06183214954e-13	0.99663391964
6.24742985128e-11	-4.89961387194e-13	0.996633919193
6.29927574216e-11	-5.71179251486e-13	0.996633919616
6.35112163305e-11	-6.53416576172e-13	0.996633920095
6.40296752393e-11	-7.39319610073e-13	0.996633919783
6.45481341481e-11	-8.28169915627e-13	0.996633918762
6.50665930569e-11	-9.15902108185e-13	0.996633917809
6.55850519657e-11	-9.97633129645e-13	0.996633917957
6.61035108746e-11	-1.07087669033e-12	0.99663391898
6.66219697834e-11	-1.13705037583e-12	0.996633920835
6.71404286922e-11	-1.2001005702e-12	0.996633922804
6.7658887601e-11	-1.26320079197e-12	0.996633924209
6.81773465098e-11	-1.32594608318e-12	0.996633923786
6.86958054187e-11	-1.38415396034e-12	0.996633922639
6.92142643275e-11	-1.43248546423e-12	0.996633921247
6.97327232363e-11	-1.46800219257e-12	0.996633920561
7.02511821451e-11	-1.49203844277e-12	0.996633920636
7.07696410539e-11	-1.50896619416e-12	0.996633920936
7.12880999628e-11	-1.52270802332e-12	0.99663392075
7.18065588716e-11	-1.53353424594e-12	0.996633920769
7.23250177804e-11	-1.53751300222e-12	0.996633921136
7.28434766892e-11	-1.52906309692e-12	0.996633920453
7.3361935598e-11	-1.50478617714e-12	0.996633919144
7.38803945069e-11	-1.46579687577e-12	0.996633918783
7.43988534157e-11	-1.41684097798e-12	0.996633918804
7.49173123245e-11	-1.36281854006e-12	0.996633918957
7.54357712333e-11	-1.30521488172e-12	0.996633918503
7.59542301421e-11	-1.24101188953e-12	0.996633918633
7.6472689051e-11	-1.16485858836e-12	0.996633919468
7.69911479598e-11	-1.07293301606e-12	0.996633920642
7.75096068686e-11	-9.6572896409e-13	0.996633921501
7.80280657774e-11	-8.47804267424e-13	0.996633922205
7.85465246862e-11	-7.24723174207e-13	0.996633922712
7.90649835951e-11	-5.99412988552e-13	0.9966339229
7.95834425039e-11	-4.70513440128e-13	0.996633921908
8.01019014127e-11	-3.33812468657e-13	0.996633919265
8.06203603215e-11	-1.85648865289e-13	0.996633911318
8.11388192303e-11	-2.58225453045e-14	0.996633841174
8.16572781392e-11	1.41992847798e-13	0.996633929687
8.2175737048e-11	3.12491326329e-13	0.996633919078
8.26941959568e-11	4.81920528232e-13	0.99663391712
8.32126548656e-11	6.49944402801e-13	0.996633918351
8.37311137744e-11	8.18986739052e-13	0.996633920577
8.42495726833e-11	9.9170264553e-13	0.996633922723
8.47680315921e-11	1.16848293425e-12	0.996633924443
8.52864905009e-11	1.34671802899e-12	0.996633924862
8.58049494097e-11	1.52216855018e-12	0.996633923931
8.63234083185e-11	1.69128586386e-12	0.996633922243
8.68418672274e-11	1.85277781584e-12	0.996633921531
8.73603261362e-11	2.00742625527e-12	0.996633920759
8.7878785045e-11	2.15650273431e-12	0.99663392167
8.83972439538e-11	2.30007299751e-12	0.996633923248
8.89157028626e-11	2.43639186017e-12	0.996633923128
8.94341617715e-11	2.56265123082e-12	0.99663392207
8.99526206803e-11	2.67634056334e-12	0.996633920587
9.04710795891e-11	2.77615607175e-12	0.996633919811
9.09895384979e-11	2.8619008149e-12	0.996633920193
9.15079974067e-11	2.93365958642e-12	0.996633921385
9.20264563156e-11	2.99102149044e-12	0.996633922521
9.25449152244e-11	3.03293267413e-12	0.996633923521
9.30633741332e-11	3.05814115414e-12	0.996633923962
9.3581833042e-11	3.06571328435e-12	0.996633922883
9.41002919508e-11	3.05514093066e-12	0.99663392218
9.46187508597e-11	3.02602417346e-12	0.996633921525
9.51372097685e-11	2.97774603814e-12	0.996633921395
9.56556686773e-11	2.90955043543e-12	0.996633921532
9.61741275861e-11	2.82101054266e-12	0.996633921595
9.66925864949e-11	2.7124344192e-12	0.996633922141
9.72110454038e-11	2.58473384754e-12	0.996633922839
9.77295043126e-11	2.43873988568e-12	0.996633922994
9.82479632214e-11	2.27449817255e-12	0.996633923793
9.87664221302e-11	2.0912103542e-12	0.996633923965
9.9284881039e-11	1.8880208348e-12	0.996633924126
9.98033399479e-11	1.66512272608e-12	0.996633923942
1.00321798857e-10	1.42428579957e-12	0.996633922671
1.00840257765e-10	1.16826425471e-12	0.996633921818
1.01358716674e-10	8.99411388588e-13	0.996633923973
1.01877175583e-10	6.18534375921e-13	0.996633931232
1.02395634492e-10	3.24953017442e-13	0.996633953272
1.02914093401e-10	1.78539824031e-14	0.996634702583
1.0343255231e-10	-3.02009098651e-13	0.996633868104
1.03951011218e-10	-6.31596510881e-13	0.996633895752
1.04469470127e-10	-9.6651546232e-13	0.996633906986
1.04987929036e-10	-1.3030237731e-12	0.996633913747
1.05506387945e-10	-1.63962455056e-12	0.996633917506
1.06024846854e-10	-1.97697198436e-12	0.996633919934
1.06543305763e-10	-2.31603398701e-12	0.99663392059
1.07061764671e-10	-2.65581748681e-12	0.996633920918
1.0758022358e-10	-2.99239987541e-12	0.99663392053
1.08098682489e-10	-3.32011750825e-12	0.996633919649
1.08617141398e-10	-3.63414988252e-12	0.996633918851
1.09135600307e-10	-3.93261117491e-12	0.996633918074
1.09654059215e-10	-4.21652240369e-12	0.996633918582
1.10172518124e-10	-4.48756632035e-12	0.996633919355
1.10690977033e-10	-4.74521777995e-12	0.99663392025
1.11209435942e-10	-4.98540594655e-12	0.996633921582
1.11727894851e-10	-5.20181546378e-12	0.996633921839
1.1224635376e-10	-5.38898809551e-12	0.996633921525
1.12764812668e-10	-5.54498850266e-12	0.996633921342
1.13283271577e-10	-5.67162221147e-12	0.996633921572
1.13801730486e-10	-5.77194669772e-12	0.996633921106
1.14320189395e-10	-5.84683364827e-12	0.996633920219
1.14838648304e-10	-5.89311307467e-12	0.99663391997
1.15357107212e-10	-5.90474326319e-12	0.996633919306
1.15875566121e-10	-5.87624841612e-12	0.996633918808
1.1639402503e-10	-5.80596455492e-12	0.996633918509
1.16912483939e-10	-5.69670765383e-12	0.996633918474
1.17430942848e-10	-5.55331901627e-12	0.996633918809
1.17949401757e-10	-5.37882551656e-12	0.996633919941
1.18467860665e-10	-5.17200131551e-12	0.996633920036
1.18986319574e-10	-4.9281359161e-12	0.996633919892
1.19504778483e-10	-4.64249708146e-12	0.996633918838
1.20023237392e-10	-4.31400579053e-12	0.996633917698
1.20541696301e-10	-3.94646613613e-12	0.996633915532
1.21060155209e-10	-3.54645260264e-12	0.996633915015
1.21578614118e-10	-3.11937591735e-12	0.996633916435
1.22097073027e-10	-2.66656455443e-12	0.996633919781
1.22615531936e-10	-2.18545629354e-12	0.996633923561
1.23133990845e-10	-1.67273861053e-12	0.996633927246
1.23652449754e-10	-1.12815412491e-12	0.99663392929
1.24170908662e-10	-5.56234733985e-13	0.9966339338
1.24689367571e-10	3.5248462444e-14	0.996633771686
1.2520782648e-10	6.38957917519e-13	0.996633912645
1.25726285389e-10	1.25112788133e-12	0.996633916183
1.26244744298e-10	1.87195393084e-12	0.996633919125
1.26763203206e-10	2.50304036578e-12	0.996633922355
1.27281662115e-10	3.14381810721e-12	0.996633924363
1.27800121024e-10	3.78952173227e-12	0.996633924663
1.28318579933e-10	4.43211719417e-12	0.996633922373
1.28837038842e-10	5.06342112068e-12	0.996633920199
1.29355497751e-10	5.67812540984e-12	0.99663391857
1.29873956659e-10	6.27460588935e-12	0.996633918534
1.30392415568e-10	6.8530643958e-12	0.996633919778
1.30910874477e-10	7.41246958702e-12	0.996633921492
1.31429333386e-10	7.94853831073e-12	0.996633923128
1.31947792295e-10	8.45413961e-12	0.996633923445
1.32466251204e-10	8.92170800956e-12	0.996633922595
1.32984710112e-10	9.3458537366e-12	0.996633921226
1.33503169021e-10	9.72433595013e-12	0.996633919587
1.3402162793e-10	1.00568468601e-11	0.996633919202
1.34540086839e-10	1.03426438026e-11	0.996633919785
1.35058545748e-10	1.05788028888e-11	0.996633921577
1.35577004656e-10	1.07602898412e-11	0.996633923405
1.36095463565e-10	1.08816576845e-11	0.996633923376
1.36613922474e-10	1.09390509656e-11	0.996633922177
1.37132381383e-10	1.09310944149e-11	0.996633920694
1.37650840292e-10	1.08581706835e-11	0.996633920309
1.38169299201e-10	1.07207770733e-11	0.996633920118
1.38687758109e-10	1.05182283964e-11	0.996633920585
1.39206217018e-10	1.02485845887e-11	0.996633920862
1.39724675927e-10	9.90971331603e-12	0.996633921464
1.40243134836e-10	9.50060664089e-12	0.996633921984
1.40761593745e-10	9.02200634846e-12	0.996633923197
1.41280052653e-10	8.47601501376e-12	0.996633924765
1.41798511562e-10	7.86513373808e-12	0.996633925134
1.42316970471e-10	7.19149900753e-12	0.996633924576
1.4283542938e-10	6.45681161307e-12	0.996633923455
1.43353888289e-10	5.66285995539e-12	0.996633921626
1.43872347198e-10	4.81213377136e-12	0.996633920269
1.44390806106e-10	3.90807428106e-12	0.996633919255
1.44909265015e-10	2.95489009367e-12	0.996633919244
1.45427723924e-10	1.95721717369e-12	0.996633919412
1.45946182833e-10	9.19934734139e-13	0.996633917154
1.46464641742e-10	-1.51797764818e-13	0.996633984088
1.4698310065e-10	-1.25246915014e-12	0.996633935999
1.47501559559e-10	-2.37630293089e-12	0.996633932194
1.48020018468e-10	-3.51746790523e-12	0.996633928663
1.48538477377e-10	-4.67016759669e-12	0.996633925191
1.49056936286e-10	-5.82841188573e-12	0.996633921413
1.49575395195e-10	-6.98557726133e-12	0.99663391857
1.50093854103e-10	-8.134148689e-12	0.996633916338
1.50612313012e-10	-9.26599784279e-12	0.996633915468
1.51130771921e-10	-1.03731543136e-11	0.996633916657
1.5164923083e-10	-1.14485633534e-11	0.996633917511
1.52167689739e-10	-1.24862087363e-11	0.996633918411
1.52686148647e-10	-1.34803919917e-11	0.996633920244
1.53204607556e-10	-1.44246296698e-11	0.996633920514
1.53723066465e-10	-1.53110318614e-11	0.996633921222
1.54241525374e-10	-1.61307763183e-11	0.996633921065
1.54759984283e-10	-1.68754993391e-11	0.996633920321
