% time-domain current integration by openEMS v0.0.36-16-g7d7688a @Mon Jan  6 09:37:48 2025
% start-coordinates: (-0.00252587,0.000840699,-2.6092e-05) m -> [38,74,22]
% stop-coordinates: (0.00179194,0.000840699,2.2079e-05) m -> [43,74,23]
% t/s	current
2.48613663453e-14	0
1.07028182117e-10	2.50812814961e-09
2.14031502867e-10	4.925296615e-09
3.21034823617e-10	7.03618852071e-09
4.28038144367e-10	6.49189768609e-09
5.35041465117e-10	6.29720831036e-10
6.42044785867e-10	-1.14912754867e-08
7.49048106618e-10	-2.86686017148e-08
8.56051427368e-10	-4.484478211e-08
9.63054748118e-10	-4.84850311011e-08
1.07005806887e-09	-2.62082160418e-08
1.17706138962e-09	3.14248573829e-08
1.28406471037e-09	1.19814927757e-07
1.39106803112e-09	2.12766394725e-07
1.49807135187e-09	2.61035552285e-07
1.60507467262e-09	2.04592140562e-07
1.71207799337e-09	-8.60975180039e-10
1.81908131412e-09	-3.47959002056e-07
1.92608463487e-09	-7.48239074255e-07
2.03308795562e-09	-1.02977560346e-06
2.14009127637e-09	-9.79859919426e-07
2.24709459712e-09	-4.34010956951e-07
2.35409791787e-09	6.1260595885e-07
2.46110123862e-09	1.92051902559e-06
2.56810455937e-09	3.00653027807e-06
2.67510788012e-09	3.26941767526e-06
2.78211120087e-09	2.23057236326e-06
2.88911452162e-09	-1.8540521296e-07
2.99611784237e-09	-3.45710554939e-06
3.10312116312e-09	-6.48937202641e-06
3.21012448387e-09	-7.91832189861e-06
3.31712780462e-09	-6.64320987198e-06
3.42413112537e-09	-2.39823975789e-06
3.53113444612e-09	3.89662909583e-06
3.63813776687e-09	1.02319236248e-05
3.74514108762e-09	1.41179789352e-05
3.85214440837e-09	1.35443015097e-05
3.95914772912e-09	7.92288119555e-06
4.06615104987e-09	-1.41497025652e-06
4.17315437062e-09	-1.14691138151e-05
4.28015769137e-09	-1.85729077202e-05
4.38716101212e-09	-1.98071702471e-05
4.49416433287e-09	-1.42556564242e-05
4.60116765362e-09	-3.53840709977e-06
4.70817097437e-09	8.6697327788e-06
4.81517429512e-09	1.79996677616e-05
4.92217761587e-09	2.109394336e-05
5.02918093662e-09	1.69447721419e-05
5.13618425738e-09	7.28819304641e-06
5.24318757813e-09	-4.12232702729e-06
5.35019089888e-09	-1.30530161186e-05
5.45719421963e-09	-1.64779685292e-05
5.56419754038e-09	-1.37046208692e-05
5.67120086113e-09	-6.48627292321e-06
5.77820418188e-09	1.87456510048e-06
5.88520750263e-09	7.99422832642e-06
5.99221082338e-09	9.79001561063e-06
6.09921414413e-09	7.2003049354e-06
6.20621746488e-09	1.99325268113e-06
6.31322078563e-09	-3.17422200169e-06
6.42022410638e-09	-5.97927919443e-06
6.52722742713e-09	-5.39247139386e-06
6.63423074788e-09	-1.99277110369e-06
6.74123406863e-09	2.43188151217e-06
6.84823738938e-09	5.75998274144e-06
6.95524071013e-09	6.47449360258e-06
7.06224403088e-09	4.26692895417e-06
7.16924735163e-09	9.00811656379e-08
7.27625067238e-09	-4.3106801968e-06
7.38325399313e-09	-7.15075202606e-06
7.49025731388e-09	-7.31951149646e-06
7.59726063463e-09	-4.7781700232e-06
7.70426395538e-09	-5.17317744197e-07
7.81126727613e-09	3.87114778277e-06
7.91827059688e-09	6.81446044837e-06
8.02527391763e-09	7.32803255232e-06
8.13227723838e-09	5.33207276021e-06
8.23928055913e-09	1.62463049946e-06
8.34628387988e-09	-2.45053456638e-06
8.45328720063e-09	-5.50076765649e-06
8.56029052138e-09	-6.56214342598e-06
8.66729384213e-09	-5.39712846148e-06
8.77429716288e-09	-2.52610720963e-06
8.88130048363e-09	9.96944550025e-07
8.98830380438e-09	3.97041912947e-06
9.09530712513e-09	5.45258262719e-06
9.20231044588e-09	5.05455318489e-06
9.30931376663e-09	3.03072260976e-06
9.41631708738e-09	1.51422725025e-07
9.52332040813e-09	-2.58464342551e-06
9.63032372888e-09	-4.29218016507e-06
9.73732704963e-09	-4.48319042334e-06
9.84433037038e-09	-3.19749574373e-06
9.95133369113e-09	-9.54536062636e-07
1.00583370119e-08	1.44846228523e-06
1.01653403326e-08	3.21670449921e-06
1.02723436534e-08	3.816521712e-06
1.03793469741e-08	3.13146165354e-06
1.04863502949e-08	1.47250943883e-06
1.05933536156e-08	-5.52772860374e-07
1.07003569364e-08	-2.25864459935e-06
1.08073602571e-08	-3.11024018629e-06
1.09143635779e-08	-2.88786714009e-06
1.10213668986e-08	-1.73713522145e-06
1.11283702194e-08	-9.65991802104e-08
1.12353735401e-08	1.46522165778e-06
1.13423768609e-08	2.4440598736e-06
1.14493801816e-08	2.56018529399e-06
1.15563835024e-08	1.83433587608e-06
1.16633868231e-08	5.60627995583e-07
1.17703901439e-08	-8.08085644621e-07
1.18773934646e-08	-1.81873701877e-06
1.19843967854e-08	-2.16597481995e-06
1.20914001061e-08	-1.78160803443e-06
1.21984034269e-08	-8.4081074192e-07
1.23054067476e-08	3.11647170292e-07
1.24124100684e-08	1.28534281885e-06
1.25194133891e-08	1.77472531959e-06
1.26264167099e-08	1.65305709743e-06
1.27334200306e-08	1.00159968497e-06
1.28404233514e-08	6.89372541274e-08
1.29474266721e-08	-8.21495348191e-07
1.30544299929e-08	-1.38205678013e-06
1.31614333136e-08	-1.45227784287e-06
1.32684366344e-08	-1.0425956134e-06
1.33754399551e-08	-3.19302841945e-07
1.34824432759e-08	4.60275828118e-07
1.35894465966e-08	1.03793888684e-06
1.36964499174e-08	1.23895415527e-06
1.38034532381e-08	1.02334206531e-06
1.39104565589e-08	4.89790295433e-07
1.40174598796e-08	-1.6599635444e-07
1.41244632004e-08	-7.21729520592e-07
1.42314665211e-08	-1.00290401406e-06
1.43384698419e-08	-9.36449623623e-07
1.44454731626e-08	-5.67681809116e-07
1.45524764834e-08	-3.74804400849e-08
1.46594798041e-08	4.70180680168e-07
1.47664831249e-08	7.91193997429e-07
1.48734864456e-08	8.33516367038e-07
1.49804897664e-08	6.02292800522e-07
1.50874930871e-08	1.91562293139e-07
1.51944964079e-08	-2.52439718906e-07
1.53014997286e-08	-5.82595930609e-07
1.54085030494e-08	-6.98934229604e-07
1.55155063701e-08	-5.7802151332e-07
1.56225096909e-08	-2.75448002185e-07
1.57295130116e-08	9.77095453436e-08
1.58365163324e-08	4.14898295276e-07
1.59435196531e-08	5.76421200549e-07
1.60505229739e-08	5.40186704256e-07
1.61575262946e-08	3.31449257374e-07
1.62645296154e-08	3.00542808418e-08
1.63715329361e-08	-2.59368192701e-07
1.64785362569e-08	-4.43191481736e-07
1.65855395776e-08	-4.68626325301e-07
1.66925428984e-08	-3.38130405453e-07
1.67995462191e-08	-1.04906511922e-07
1.69065495399e-08	1.47973793219e-07
1.70135528606e-08	3.36668307455e-07
1.71205561814e-08	4.03969636409e-07
1.72275595021e-08	3.36172803372e-07
1.73345628229e-08	1.64599057939e-07
1.74415661436e-08	-4.77358064188e-08
1.75485694644e-08	-2.28757784271e-07
1.76555727851e-08	-3.21543751625e-07
1.77625761059e-08	-3.0182673072e-07
1.78695794266e-08	-1.83675354037e-07
1.79765827474e-08	-1.2347483036e-08
1.80835860681e-08	1.52647942286e-07
1.81905893889e-08	2.57900779843e-07
1.82975927096e-08	2.73146810059e-07
1.84045960304e-08	1.99515085342e-07
1.85115993511e-08	6.70813804504e-08
1.86186026719e-08	-7.69418448954e-08
1.87256059926e-08	-1.84781541179e-07
1.88326093134e-08	-2.23708681801e-07
1.89396126341e-08	-1.8570830207e-07
1.90466159549e-08	-8.84097985931e-08
1.91536192756e-08	3.24033351262e-08
1.92606225964e-08	1.35713946747e-07
1.93676259171e-08	1.89008716234e-07
1.94746292379e-08	1.78299671916e-07
1.95816325586e-08	1.11425897842e-07
1.96886358794e-08	1.40390525871e-08
1.97956392002e-08	-8.00202712981e-08
