% time-domain voltage integration by openEMS v0.0.36-16-g7d7688a @Mon Jan  6 17:20:11 2025
% start-coordinates: (0.000603382,0.000200316,2.2079e-05) m -> [42,68,23]
% stop-coordinates: (0.000603382,0.00216797,2.2079e-05) m -> [42,74,23]
% t/s	voltage
0	-0
1.069742823e-10	2.00089862901e-07
2.13948564601e-10	2.57905986345e-07
3.20922846901e-10	2.0372207743e-07
4.27897129202e-10	-6.40579020939e-08
5.34871411502e-10	-5.68283663682e-07
6.41845693803e-10	-1.22418926196e-06
7.48819976103e-10	-1.73851614704e-06
8.55794258404e-10	-1.62335270204e-06
9.62768540704e-10	-3.74599295583e-07
1.069742823e-09	2.24170960905e-06
1.1767171053e-09	5.78633949999e-06
1.28369138761e-09	8.88217670081e-06
1.39066566991e-09	9.32744234206e-06
1.49763995221e-09	4.81392635265e-06
1.60461423451e-09	-5.74430987399e-06
1.71158851681e-09	-2.07215590535e-05
1.81856279911e-09	-3.48763780949e-05
1.92553708141e-09	-4.003384106e-05
2.03251136371e-09	-2.78606512438e-05
2.13948564601e-09	5.60406169825e-06
2.24645992831e-09	5.53219683752e-05
2.35343421061e-09	0.000105110678305
2.46040849291e-09	0.000130468494717
2.56738277521e-09	0.000107251216832
2.67435705751e-09	2.41772058871e-05
2.78133133981e-09	-0.000105853074274
2.88830562211e-09	-0.000242171043283
2.99527990441e-09	-0.00032541235305
3.10225418671e-09	-0.000299297624224
3.20922846901e-09	-0.000138453830004
3.31620275131e-09	0.000129771434331
3.42317703361e-09	0.000422225104558
3.53015131591e-09	0.000622498057055
3.63712559822e-09	0.000624935950327
3.74409988052e-09	0.000384230988857
3.85107416282e-09	-5.17656480952e-05
3.95804844512e-09	-0.000544876464119
4.06502272742e-09	-0.000910406772164
4.17199700972e-09	-0.000988568979665
4.27897129202e-09	-0.000715029265848
4.38594557432e-09	-0.000158592112712
4.49291985662e-09	0.000494480169436
4.59989413892e-09	0.00100752266007
4.70686842122e-09	0.00118627332995
4.81384270352e-09	0.000958452685154
4.92081698582e-09	0.000405163220421
5.02779126812e-09	-0.000270496526355
5.13476555042e-09	-0.000824645510875
5.24173983272e-09	-0.00106878361839
5.34871411502e-09	-0.00094004006678
5.45568839732e-09	-0.000517172244145
5.56266267962e-09	2.12398990698e-05
5.66963696192e-09	0.000474862441479
5.77661124422e-09	0.000700479562511
5.88358552652e-09	0.00065902996721
5.99055980883e-09	0.000415122111008
6.09753409113e-09	9.53749367909e-05
6.20450837343e-09	-0.000171376714206
6.31148265573e-09	-0.000304492628857
6.41845693803e-09	-0.00029320458998
6.52543122033e-09	-0.000185566852451
6.63240550263e-09	-5.53485842829e-05
6.73937978493e-09	3.4913626223e-05
6.84635406723e-09	5.81916356168e-05
6.95332834953e-09	2.66374518105e-05
7.06030263183e-09	-2.2853117116e-05
7.16727691413e-09	-5.13328250236e-05
7.27425119643e-09	-3.72165759472e-05
7.38122547873e-09	1.55253307526e-05
7.48819976103e-09	8.20423974801e-05
7.59517404333e-09	0.000130057434035
7.70214832563e-09	0.000135045963361
7.80912260793e-09	9.05878541744e-05
7.91609689023e-09	1.03393047084e-05
8.02307117253e-09	-7.80904620115e-05
8.13004545483e-09	-0.000144081341205
8.23701973713e-09	-0.000165192585882
8.34399401944e-09	-0.000134620496283
8.45096830174e-09	-6.27629501651e-05
8.55794258404e-09	2.70251400707e-05
8.66491686634e-09	0.000106557347863
8.77189114864e-09	0.000151901218487
8.87886543094e-09	0.000150542322444
8.98583971324e-09	0.000104609307527
9.09281399554e-09	2.94960411793e-05
9.19978827784e-09	-5.13899490215e-05
9.30676256014e-09	-0.000113957942631
9.41373684244e-09	-0.000140573047247
9.52071112474e-09	-0.00012494112616
9.62768540704e-09	-7.33656161174e-05
9.73465968934e-09	-2.52749171636e-06
9.84163397164e-09	6.60390419398e-05
9.94860825394e-09	0.000112421384983
1.00555825362e-08	0.000124045154735
1.01625568185e-08	9.9003737887e-05
1.02695311008e-08	4.61594545413e-05
1.03765053831e-08	-1.7887894046e-05
1.04834796654e-08	-7.39800375413e-05
1.05904539477e-08	-0.000106103505459
1.069742823e-08	-0.000105911963146
1.08044025123e-08	-7.48436941649e-05
1.09113767946e-08	-2.32755921843e-05
1.10183510769e-08	3.28795690621e-05
1.11253253592e-08	7.70505062064e-05
1.12322996415e-08	9.68663198364e-05
1.13392739238e-08	8.75870555319e-05
1.14462482061e-08	5.31616378794e-05
1.15532224884e-08	4.70248451734e-06
1.16601967707e-08	-4.30585937465e-05
1.1767171053e-08	-7.62237878007e-05
1.18741453354e-08	-8.57441514199e-05
1.19811196177e-08	-6.98540811754e-05
1.20880939e-08	-3.42712858128e-05
1.21950681823e-08	9.78673580221e-06
1.23020424646e-08	4.91102450724e-05
1.24090167469e-08	7.24335291125e-05
1.25159910292e-08	7.36375150154e-05
1.26229653115e-08	5.3316111007e-05
1.27299395938e-08	1.83137281056e-05
1.28369138761e-08	-2.05344172173e-05
1.29438881584e-08	-5.17361381753e-05
1.30508624407e-08	-6.65186103106e-05
1.3157836723e-08	-6.12717276454e-05
1.32648110053e-08	-3.83805215733e-05
1.33717852876e-08	-5.27381081383e-06
1.34787595699e-08	2.79574665001e-05
1.35857338522e-08	5.16167801834e-05
1.36927081345e-08	5.92137039348e-05
1.37996824168e-08	4.92186263727e-05
1.39066566991e-08	2.52965144227e-05
1.40136309814e-08	-4.98099629453e-06
1.41206052637e-08	-3.25134296872e-05
1.4227579546e-08	-4.93891366204e-05
1.43345538283e-08	-5.11410830768e-05
1.44415281106e-08	-3.79047487513e-05
1.45485023929e-08	-1.41793550483e-05
1.46554766752e-08	1.26679697132e-05
1.47624509575e-08	3.4675194911e-05
1.48694252398e-08	4.56305083389e-05
1.49763995221e-08	4.28115395152e-05
1.50833738044e-08	2.76280768503e-05
1.51903480867e-08	5.03578658595e-06
1.5297322369e-08	-1.80604217803e-05
1.54042966513e-08	-3.49041099525e-05
1.55112709336e-08	-4.08498001434e-05
1.56182452159e-08	-3.46288966284e-05
1.57252194982e-08	-1.85751599702e-05
1.58321937805e-08	2.21021333857e-06
1.59391680628e-08	2.14636315832e-05
1.60461423451e-08	3.3635895079e-05
1.61531166274e-08	3.54796140982e-05
1.62600909097e-08	2.68979501925e-05
1.6367065192e-08	1.08387059186e-05
1.64740394743e-08	-7.69591923699e-06
1.65810137566e-08	-2.31948871487e-05
1.66879880389e-08	-3.12680554089e-05
1.67949623212e-08	-2.98783104427e-05
1.69019366035e-08	-1.98343740294e-05
1.70089108858e-08	-4.43530177563e-06
1.71158851681e-08	1.15998434467e-05
1.72228594504e-08	2.35677591718e-05
1.73298337327e-08	2.81519039618e-05
1.7436808015e-08	2.43305123604e-05
1.75437822973e-08	1.35772609156e-05
1.76507565796e-08	-6.76620381057e-07
1.77577308619e-08	-1.41246208614e-05
1.78647051442e-08	-2.28793929864e-05
1.79716794265e-08	-2.4588365477e-05
1.80786537088e-08	-1.90536851505e-05
1.81856279911e-08	-8.19909325855e-06
1.82926022734e-08	4.58328585751e-06
1.83995765557e-08	1.54833660417e-05
1.8506550838e-08	2.14028830214e-05
1.86135251203e-08	2.0828191964e-05
1.87204994026e-08	1.42039494904e-05
1.88274736849e-08	3.72045477093e-06
1.89344479672e-08	-7.40052900028e-06
1.90414222495e-08	-1.58886435884e-05
1.91483965318e-08	-1.93809153188e-05
1.92553708141e-08	-1.70720458073e-05
1.93623450964e-08	-9.88322994999e-06
1.94693193787e-08	-1.19337831173e-07
1.9576293661e-08	9.26264544887e-06
1.96832679433e-08	1.55430100222e-05
1.97902422256e-08	1.70226087448e-05
1.98972165079e-08	1.34746455842e-05
2.00041907902e-08	6.14880832472e-06
2.01111650725e-08	-2.65749778805e-06
2.02181393548e-08	-1.03128721776e-05
2.03251136371e-08	-1.46338358036e-05
2.04320879194e-08	-1.45031099237e-05
2.05390622017e-08	-1.01482234527e-05
2.0646036484e-08	-3.02006148445e-06
2.07530107663e-08	4.68473004389e-06
2.08599850486e-08	1.06942714524e-05
2.09669593309e-08	1.3328608361e-05
2.10739336132e-08	1.19636756608e-05
2.11809078955e-08	7.16786604471e-06
2.12878821778e-08	4.86808620082e-07
2.13948564601e-08	-6.05107123874e-06
2.15018307424e-08	-1.05453687524e-05
2.16088050247e-08	-1.17725408018e-05
2.1715779307e-08	-9.51401352722e-06
2.18227535893e-08	-4.57749382576e-06
2.19297278716e-08	1.48317755588e-06
2.20367021539e-08	6.85257259647e-06
2.21436764362e-08	9.99434161031e-06
2.22506507185e-08	1.00875628277e-05
2.23576250008e-08	7.23506201439e-06
2.24645992831e-08	2.39430188742e-06
2.25715735654e-08	-2.93791406136e-06
2.26785478477e-08	-7.18586636594e-06
2.278552213e-08	-9.15683597214e-06
2.28924964123e-08	-8.37332981973e-06
2.29994706946e-08	-5.18149272466e-06
2.31064449769e-08	-6.1479337532e-07
2.32134192592e-08	3.93614931227e-06
2.33203935415e-08	7.14488004405e-06
2.34273678238e-08	8.133141705e-06
2.35343421061e-08	6.70733732022e-06
2.36413163884e-08	3.38655530641e-06
2.37482906707e-08	-7.80264496569e-07
2.3855264953e-08	-4.54170594821e-06
2.39622392353e-08	-6.81793443391e-06
2.40692135176e-08	-7.00879468241e-06
2.41761877999e-08	-5.14756177949e-06
2.42831620822e-08	-1.86476215447e-06
2.43901363645e-08	1.82179699948e-06
2.44971106468e-08	4.81960196907e-06
2.46040849291e-08	6.28404109193e-06
2.47110592114e-08	5.85329860314e-06
2.48180334937e-08	3.73406101062e-06
2.4925007776e-08	6.16338809323e-07
2.50319820583e-08	-2.54803774169e-06
2.51389563406e-08	-4.8342940886e-06
2.52459306229e-08	-5.61319077974e-06
2.53529049052e-08	-4.72168571264e-06
2.54598791875e-08	-2.4915664909e-06
2.55668534698e-08	3.70062874566e-07
2.56738277521e-08	3.00173924472e-06
2.57808020344e-08	4.64545743739e-06
2.58877763167e-08	4.86440558234e-06
2.5994750599e-08	3.65537468383e-06
2.61017248813e-08	1.4320240922e-06
2.62086991636e-08	-1.11397961433e-06
2.63156734459e-08	-3.2264807146e-06
2.64226477282e-08	-4.30792778161e-06
2.65296220105e-08	-4.08684115882e-06
2.66365962928e-08	-2.68360125233e-06
2.67435705751e-08	-5.57466591999e-07
2.68505448574e-08	1.64048066154e-06
2.69575191397e-08	3.26626050651e-06
