% time-domain current integration by openEMS v0.0.36-16-g7d7688a @Mon Jan  6 17:20:11 2025
% start-coordinates: (-0.00252587,0.000702916,-2.6092e-05) m -> [39,70,22]
% stop-coordinates: (0.00120705,0.000702916,2.2079e-05) m -> [43,70,23]
% t/s	current
3.51657732743e-14	0
1.07009448074e-10	1.21428378463e-09
2.13983730374e-10	2.53550269669e-09
3.20958012675e-10	3.52289020178e-09
4.27932294975e-10	3.33820771026e-09
5.34906577276e-10	4.86862938853e-10
6.41880859576e-10	-5.54197976399e-09
7.48855141876e-10	-1.41005562782e-08
8.55829424177e-10	-2.23720260095e-08
9.62803706477e-10	-2.46383731195e-08
1.06977798878e-09	-1.41671492315e-08
1.17675227108e-09	1.39811060507e-08
1.28372655338e-09	5.80156189756e-08
1.39070083568e-09	1.0537077344e-07
1.49767511798e-09	1.31950343984e-07
1.60464940028e-09	1.07458696164e-07
1.71162368258e-09	8.74131078632e-09
1.81859796488e-09	-1.62803061698e-07
1.92557224718e-09	-3.65667943925e-07
2.03254652948e-09	-5.1604786222e-07
2.13952081178e-09	-5.07281185946e-07
2.24649509408e-09	-2.5278544058e-07
2.35346937638e-09	2.58430901567e-07
2.46044365868e-09	9.17238594411e-07
2.56741794098e-09	1.48992387494e-06
2.67439222328e-09	1.67516077454e-06
2.78136650559e-09	1.21974198919e-06
2.88834078789e-09	5.93554858597e-08
2.99531507019e-09	-1.5770912114e-06
3.10228935249e-09	-3.16476939588e-06
3.20926363479e-09	-4.0195436668e-06
3.31623791709e-09	-3.55398196916e-06
3.42321219939e-09	-1.56748080826e-06
3.53018648169e-09	1.55657107825e-06
3.63716076399e-09	4.86434009872e-06
3.74413504629e-09	7.10222275302e-06
3.85110932859e-09	7.18094497643e-06
3.95808361089e-09	4.66408937427e-06
4.06505789319e-09	6.72954740821e-08
4.17203217549e-09	-5.19799232279e-06
4.27900645779e-09	-9.26798838918e-06
4.38598074009e-09	-1.0518822819e-05
4.49295502239e-09	-8.23998016131e-06
4.59992930469e-09	-2.99883186017e-06
4.70690358699e-09	3.48664275407e-06
4.81387786929e-09	8.95057200978e-06
4.92085215159e-09	1.14339054562e-05
5.02782643389e-09	1.00478619061e-05
5.13480071619e-09	5.32806325282e-06
5.2417749985e-09	-9.72519387687e-07
5.3487492808e-09	-6.56951169731e-06
5.4557235631e-09	-9.52910613705e-06
5.5626978454e-09	-8.98608413991e-06
5.6696721277e-09	-5.41514600627e-06
5.77664641e-09	-3.67342778418e-07
5.8836206923e-09	4.1935641093e-06
5.9905949746e-09	6.66576306685e-06
6.0975692569e-09	6.38150277155e-06
6.2045435392e-09	3.76944149139e-06
6.3115178215e-09	8.17417458165e-08
6.4184921038e-09	-3.16489467878e-06
6.5254663861e-09	-4.78852143715e-06
6.6324406684e-09	-4.3480763452e-06
6.7394149507e-09	-2.22498374569e-06
6.846389233e-09	6.1066748458e-07
6.9533635153e-09	3.0229323329e-06
7.0603377976e-09	4.14229180024e-06
7.1673120799e-09	3.64996913049e-06
7.2742863622e-09	1.83277040833e-06
7.3812606445e-09	-5.79999152706e-07
7.4882349268e-09	-2.71200474344e-06
7.59520920911e-09	-3.85063140129e-06
7.70218349141e-09	-3.66822428077e-06
7.80915777371e-09	-2.29389524975e-06
7.91613205601e-09	-2.32010705759e-07
8.02310633831e-09	1.82858809694e-06
8.13008062061e-09	3.24375173477e-06
8.23705490291e-09	3.60839499081e-06
8.34402918521e-09	2.86217050416e-06
8.45100346751e-09	1.28393332943e-06
8.55797774981e-09	-6.13391591742e-07
8.66495203211e-09	-2.24920677283e-06
8.77192631441e-09	-3.15034799314e-06
8.87890059671e-09	-3.08406788463e-06
8.98587487901e-09	-2.11345786738e-06
9.09284916131e-09	-5.63920991681e-07
9.19982344361e-09	1.08471579097e-06
9.30679772591e-09	2.34552544498e-06
9.41377200821e-09	2.86676572614e-06
9.52074629051e-09	2.52825884672e-06
9.62772057281e-09	1.46642969412e-06
9.73469485511e-09	2.20697256026e-08
9.84166913741e-09	-1.36671269502e-06
9.94864341972e-09	-2.29703596233e-06
1.0055617702e-08	-2.51725464295e-06
1.01625919843e-08	-1.99344549401e-06
1.02695662666e-08	-9.10011806354e-07
1.03765405489e-08	3.93150997979e-07
1.04835148312e-08	1.52658174102e-06
1.05904891135e-08	2.16709099732e-06
1.06974633958e-08	2.14890133066e-06
1.08044376781e-08	1.50549806222e-06
1.09114119604e-08	4.51163487014e-07
1.10183862427e-08	-6.89096964379e-07
1.1125360525e-08	-1.57910540111e-06
1.12323348073e-08	-1.96997780222e-06
1.13393090896e-08	-1.76901346549e-06
1.14462833719e-08	-1.06009463252e-06
1.15532576542e-08	-7.16444006343e-08
1.16602319365e-08	8.96131098216e-07
1.17672062188e-08	1.56190628786e-06
1.18741805011e-08	1.74441402123e-06
1.19811547834e-08	1.41108284879e-06
1.20881290657e-08	6.81121548496e-07
1.2195103348e-08	-2.15661486891e-07
1.23020776303e-08	-1.01062914837e-06
1.24090519126e-08	-1.47629395997e-06
1.25160261949e-08	-1.49090476498e-06
1.26230004772e-08	-1.06947004497e-06
1.27299747595e-08	-3.53497370043e-07
1.28369490418e-08	4.35639037732e-07
1.29439233241e-08	1.0646950841e-06
1.30508976064e-08	1.3570528381e-06
1.31578718887e-08	1.24183247863e-06
1.3264846171e-08	7.70030453623e-07
1.33718204533e-08	9.44540730075e-08
1.34787947356e-08	-5.79179186389e-07
1.35857690179e-08	-1.05450305909e-06
1.36927433002e-08	-1.20137383419e-06
1.37997175825e-08	-9.90987587102e-07
1.39066918648e-08	-4.99938437315e-07
1.40136661471e-08	1.16583841248e-07
1.41206404294e-08	6.73433646625e-07
1.42276147117e-08	1.0107739854e-06
1.4334588994e-08	1.03959337139e-06
1.44415632763e-08	7.64661422181e-07
1.45485375586e-08	2.79119319657e-07
1.46555118409e-08	-2.66444686758e-07
1.47624861232e-08	-7.10371296009e-07
1.48694604055e-08	-9.27541009332e-07
1.49764346878e-08	-8.64299977366e-07
1.50834089701e-08	-5.51065681975e-07
1.51903832524e-08	-8.98549572526e-08
1.52973575347e-08	3.78517057698e-07
1.5404331817e-08	7.17158286534e-07
1.55113060993e-08	8.32849309518e-07
1.56182803816e-08	7.01369685885e-07
1.57252546639e-08	3.71615044514e-07
1.58322289462e-08	-5.17871150407e-08
1.59392032285e-08	-4.41365756387e-07
1.60461775108e-08	-6.84954159169e-07
1.61531517931e-08	-7.17751845514e-07
1.62601260754e-08	-5.39190409654e-07
1.63671003577e-08	-2.10365541875e-07
1.647407464e-08	1.66414579894e-07
1.65810489223e-08	4.79224411265e-07
1.66880232046e-08	6.39576740014e-07
1.67949974869e-08	6.0721384898e-07
1.69019717692e-08	3.99800967443e-07
1.70089460515e-08	8.52980406307e-08
1.71159203338e-08	-2.40006329477e-07
1.72228946161e-08	-4.80785445234e-07
1.73298688984e-08	-5.70436100134e-07
1.74368431807e-08	-4.89256308356e-07
1.7543817463e-08	-2.68222493105e-07
1.76507917453e-08	2.22413767403e-08
1.77577660276e-08	2.94466360629e-07
1.78647403099e-08	4.69841836548e-07
1.79717145922e-08	5.01362990235e-07
1.80786888745e-08	3.85973919492e-07
1.81856631569e-08	1.63599793268e-07
1.82926374392e-08	-9.63440314194e-08
1.83996117215e-08	-3.16451320259e-07
1.85065860038e-08	-4.34229292523e-07
1.86135602861e-08	-4.19701507326e-07
1.87205345684e-08	-2.82757355308e-07
1.88275088507e-08	-6.85543639634e-08
1.8934483133e-08	1.5714611834e-07
1.90414574153e-08	3.28026118268e-07
1.91484316976e-08	3.96598693442e-07
1.92554059799e-08	3.47235385334e-07
1.93623802622e-08	1.9936059914e-07
1.94693545445e-08	3.09855752167e-10
1.95763288268e-08	-1.8969001303e-07
1.96833031091e-08	-3.15613476687e-07
1.97902773914e-08	-3.43476528997e-07
1.98972516737e-08	-2.69338016778e-07
2.0004225956e-08	-1.1917136078e-07
2.01112002383e-08	5.99806853074e-08
2.02181745206e-08	2.14639513274e-07
2.03251488029e-08	3.00747444726e-07
2.04321230852e-08	2.96125932664e-07
2.05390973675e-08	2.05985500656e-07
2.06460716498e-08	6.02716312414e-08
2.07530459321e-08	-9.61529664778e-08
2.08600202144e-08	-2.1721038479e-07
2.09669944967e-08	-2.69114849516e-07
2.1073968779e-08	-2.39676154479e-07
2.11809430613e-08	-1.40953872574e-07
2.12879173436e-08	-4.69449723539e-09
2.13948916259e-08	1.27761040858e-07
2.15018659082e-08	2.17951409809e-07
2.16088401905e-08	2.41381655997e-07
2.17158144728e-08	1.94059666114e-07
2.18227887551e-08	9.28142895873e-08
2.19297630374e-08	-3.05301881554e-08
2.20367373197e-08	-1.39060361448e-07
2.2143711602e-08	-2.01753749707e-07
2.22506858843e-08	-2.02294231144e-07
2.23576601666e-08	-1.43170169054e-07
2.24646344489e-08	-4.41732090906e-08
2.25716087312e-08	6.41271000745e-08
2.26785830135e-08	1.4974818896e-07
2.27855572958e-08	1.88691643643e-07
2.28925315781e-08	1.71588894204e-07
2.29995058604e-08	1.05825769481e-07
2.31064801427e-08	1.26582238025e-08
2.3213454425e-08	-7.95811914145e-08
2.33204287073e-08	-1.44028902582e-07
2.34274029896e-08	-1.63074304282e-07
2.35343772719e-08	-1.33105700684e-07
2.36413515542e-08	-6.49560405463e-08
2.37483258365e-08	1.98761913595e-08
2.38553001188e-08	9.59366701636e-08
2.39622744011e-08	1.41417160648e-07
2.40692486834e-08	1.44363525578e-07
2.41762229657e-08	1.0572991016e-07
2.4283197248e-08	3.85585217089e-08
2.43901715303e-08	-3.63424845773e-08
2.44971458126e-08	-9.68035820392e-08
2.46041200949e-08	-1.25806522533e-07
2.47110943772e-08	-1.16234602388e-07
2.48180686595e-08	-7.25329840634e-08
2.49250429418e-08	-8.89600570986e-09
2.50320172241e-08	5.52647598795e-08
2.51389915064e-08	1.01215633208e-07
2.52459657887e-08	1.16336572376e-07
2.5352940071e-08	9.75260832092e-08
2.54599143533e-08	5.17293692326e-08
2.55668886356e-08	-6.55254028814e-09
2.56738629179e-08	-5.9791503304e-08
2.57808372002e-08	-9.26730976403e-08
2.58878114825e-08	-9.64793542835e-08
2.59947857648e-08	-7.13431518307e-08
2.61017600471e-08	-2.58274734932e-08
2.62087343294e-08	2.59214552045e-08
2.63157086117e-08	6.85522039134e-08
2.6422682894e-08	9.00127403725e-08
2.65296571763e-08	8.49558361438e-08
2.66366314586e-08	5.59871260464e-08
2.67436057409e-08	1.25739543222e-08
2.68505800232e-08	-3.2010149198e-08
2.69575543055e-08	-6.47063487236e-08
