% time-domain current integration by openEMS v0.0.36-16-g7d7688a @Sat Jan  4 16:22:32 2025
% start-coordinates: (-0.00252587,-0.00810881,-2.6092e-05) m -> [37,52,22]
% stop-coordinates: (0.00179194,-0.00810881,2.2079e-05) m -> [43,52,23]
% t/s	current
2.87316721519e-14	0
1.07025478766e-10	2.6701161282e-09
2.14022225859e-10	3.59742968747e-09
3.21018972953e-10	4.68413574595e-09
4.28015720046e-10	3.65039110051e-09
5.3501246714e-10	-1.36799316319e-09
6.42009214233e-10	-1.03585380273e-08
7.49005961327e-10	-2.14568096624e-08
8.56002708421e-10	-3.0292515163e-08
9.62999455514e-10	-2.89228427874e-08
1.06999620261e-09	-9.21258980213e-09
1.1769929497e-09	3.27249018994e-08
1.28398969679e-09	9.08938062594e-08
1.39098644389e-09	1.45167263099e-07
1.49798319098e-09	1.62672520787e-07
1.60497993808e-09	1.07374539482e-07
1.71197668517e-09	-4.15791809871e-08
1.81897343226e-09	-2.69084068805e-07
1.92597017936e-09	-5.09358585532e-07
2.03296692645e-09	-6.50698382287e-07
2.13996367354e-09	-5.67559595765e-07
2.24696042064e-09	-1.76963126819e-07
2.35395716773e-09	4.97959376844e-07
2.46095391482e-09	1.28755880269e-06
2.56795066192e-09	1.88992498806e-06
2.67494740901e-09	1.95661959879e-06
2.7819441561e-09	1.23626875848e-06
2.8889409032e-09	-2.72080541208e-07
2.99593765029e-09	-2.22687390306e-06
3.10293439738e-09	-3.97829035137e-06
3.20993114448e-09	-4.75407114209e-06
3.31692789157e-09	-3.95561755795e-06
3.42392463867e-09	-1.46047341332e-06
3.53092138576e-09	2.20412357521e-06
3.63791813285e-09	5.92482683714e-06
3.74491487995e-09	8.32696605357e-06
3.85191162704e-09	8.27301028039e-06
3.95890837413e-09	5.35356321052e-06
4.06590512123e-09	1.6345983056e-07
4.17290186832e-09	-5.78287426833e-06
4.27989861541e-09	-1.05087938209e-05
4.38689536251e-09	-1.22628598547e-05
4.4938921096e-09	-1.01857940535e-05
4.60088885669e-09	-4.69370615974e-06
4.70788560379e-09	2.5889189601e-06
4.81488235088e-09	9.34425588639e-06
4.92187909798e-09	1.33487110361e-05
5.02887584507e-09	1.32480963657e-05
5.13587259216e-09	9.03737418412e-06
5.24286933926e-09	2.07016341847e-06
5.34986608635e-09	-5.40375185665e-06
5.45686283344e-09	-1.10037008199e-05
5.56385958054e-09	-1.30138123495e-05
5.67085632763e-09	-1.09328620965e-05
5.77785307472e-09	-5.59734780836e-06
5.88484982182e-09	1.14869021672e-06
5.99184656891e-09	7.10596395948e-06
6.098843316e-09	1.04579930849e-05
6.2058400631e-09	1.03397842395e-05
6.31283681019e-09	7.05396632839e-06
6.41983355728e-09	1.88306205473e-06
6.52683030438e-09	-3.40864266946e-06
6.63382705147e-09	-7.18857427273e-06
6.74082379857e-09	-8.46428611112e-06
6.84782054566e-09	-7.12423934601e-06
6.95481729275e-09	-3.86082319892e-06
7.06181403985e-09	1.5529242603e-07
7.16881078694e-09	3.70157090401e-06
7.27580753403e-09	5.87149725106e-06
7.38280428113e-09	6.27507824902e-06
7.48980102822e-09	5.04522813571e-06
7.59679777531e-09	2.69718157142e-06
7.70379452241e-09	-7.57484741598e-08
7.8107912695e-09	-2.59333910435e-06
7.91778801659e-09	-4.32402066508e-06
8.02478476369e-09	-4.95858421345e-06
8.13178151078e-09	-4.43563794761e-06
8.23877825788e-09	-2.93207062896e-06
8.34577500497e-09	-8.21679293495e-07
8.45277175206e-09	1.40054930853e-06
8.55976849916e-09	3.22455298374e-06
8.66676524625e-09	4.24254358222e-06
8.77376199334e-09	4.24631207352e-06
8.88075874044e-09	3.27386692334e-06
8.98775548753e-09	1.59039018399e-06
9.09475223462e-09	-3.88373251781e-07
9.20174898172e-09	-2.20362494474e-06
9.30874572881e-09	-3.45980652128e-06
9.4157424759e-09	-3.90415107177e-06
9.522739223e-09	-3.46843603438e-06
9.62973597009e-09	-2.27142095355e-06
9.73673271718e-09	-5.92443143432e-07
9.84372946428e-09	1.18997309073e-06
9.95072621137e-09	2.67471705229e-06
1.00577229585e-08	3.52495840161e-06
1.01647197056e-08	3.54982807949e-06
1.02717164527e-08	2.75380830317e-06
1.03787131997e-08	1.3376205743e-06
1.04857099468e-08	-3.52022283323e-07
1.05927066939e-08	-1.91151161744e-06
1.0699703441e-08	-2.98259647025e-06
1.08067001881e-08	-3.33698403665e-06
1.09136969352e-08	-2.92219920084e-06
1.10206936823e-08	-1.8614854298e-06
1.11276904294e-08	-4.14839973928e-07
1.12346871765e-08	1.08494282358e-06
1.13416839236e-08	2.30509067478e-06
1.14486806707e-08	2.98131499221e-06
1.15556774178e-08	2.9721413739e-06
1.16626741649e-08	2.28929502555e-06
1.1769670912e-08	1.09682230232e-06
1.18766676591e-08	-3.24258422779e-07
1.19836644061e-08	-1.64096411481e-06
1.20906611532e-08	-2.54852830039e-06
1.21976579003e-08	-2.84468069367e-06
1.23046546474e-08	-2.4771502467e-06
1.24116513945e-08	-1.55161615112e-06
1.25186481416e-08	-2.99613276411e-07
1.26256448887e-08	9.82251094683e-07
1.27326416358e-08	2.00365525416e-06
1.28396383829e-08	2.54462520388e-06
1.294663513e-08	2.49951699516e-06
1.30536318771e-08	1.89435320408e-06
1.31606286242e-08	8.77188483628e-07
1.32676253713e-08	-3.15816066632e-07
1.33746221184e-08	-1.41227178574e-06
1.34816188655e-08	-2.16412263399e-06
1.35886156126e-08	-2.40443750954e-06
1.36956123596e-08	-2.08665096579e-06
1.38026091067e-08	-1.29547788674e-06
1.39096058538e-08	-2.25255760711e-07
1.40166026009e-08	8.68972335866e-07
1.4123599348e-08	1.73423416072e-06
1.42305960951e-08	2.17945671466e-06
1.43375928422e-08	2.11710812437e-06
1.44445895893e-08	1.57804470291e-06
1.45515863364e-08	6.98759379247e-07
1.46585830835e-08	-3.13547957376e-07
1.47655798306e-08	-1.22864651075e-06
1.48725765777e-08	-1.8437391418e-06
1.49795733248e-08	-2.02683031603e-06
1.50865700719e-08	-1.74480715032e-06
1.5193566819e-08	-1.07026824026e-06
1.5300563566e-08	-1.64646479561e-07
1.54075603131e-08	7.59473209655e-07
1.55145570602e-08	1.48866070049e-06
1.56215538073e-08	1.85921908269e-06
1.57285505544e-08	1.79500864306e-06
1.58355473015e-08	1.32303296141e-06
1.59425440486e-08	5.63553783195e-07
1.60495407957e-08	-3.01553512827e-07
1.61565375428e-08	-1.07293203655e-06
1.62635342899e-08	-1.57933141054e-06
1.6370531037e-08	-1.71439842234e-06
1.64775277841e-08	-1.45767262438e-06
1.65845245312e-08	-8.76491185409e-07
1.66915212783e-08	-1.09209217669e-07
1.67985180254e-08	6.66587993692e-07
1.69055147725e-08	1.27429370878e-06
1.70125115195e-08	1.5784455627e-06
1.71195082666e-08	1.51556685068e-06
1.72265050137e-08	1.1081476714e-06
1.73335017608e-08	4.58005899873e-07
1.74404985079e-08	-2.79229965372e-07
1.7547495255e-08	-9.32117018237e-07
1.76544920021e-08	-1.35380128086e-06
1.77614887492e-08	-1.45504304783e-06
1.78684854963e-08	-1.22233859656e-06
1.79754822434e-08	-7.18035835234e-07
1.80824789905e-08	-6.35304431285e-08
1.81894757376e-08	5.89602734635e-07
1.82964724847e-08	1.09405573312e-06
1.84034692318e-08	1.33924470447e-06
1.85104659789e-08	1.2752954035e-06
1.86174627259e-08	9.23313848489e-07
1.8724459473e-08	3.69683618828e-07
1.88314562201e-08	-2.54584222148e-07
1.89384529672e-08	-8.04817091193e-07
1.90454497143e-08	-1.1565797422e-06
1.91524464614e-08	-1.23425138554e-06
1.92594432085e-08	-1.02733565654e-06
1.93664399556e-08	-5.90992158322e-07
1.94734367027e-08	-3.11041397083e-08
1.95804334498e-08	5.21631477568e-07
1.96874301969e-08	9.42177109664e-07
1.9794426944e-08	1.13900750875e-06
1.99014236911e-08	1.07348489564e-06
2.00084204382e-08	7.66970288169e-07
2.01154171853e-08	2.9456498396e-07
2.02224139324e-08	-2.32785822618e-07
2.03294106794e-08	-6.93948095432e-07
2.04364074265e-08	-9.85264705378e-07
2.05434041736e-08	-1.04399566681e-06
2.06504009207e-08	-8.62097351728e-07
2.07573976678e-08	-4.86993371851e-07
2.08643944149e-08	-9.40565580976e-09
2.0971391162e-08	4.58808983694e-07
2.10783879091e-08	8.11032521142e-07
2.11853846562e-08	9.70223595687e-07
2.12923814033e-08	9.05539252471e-07
2.13993781504e-08	6.37776508938e-07
2.15063748975e-08	2.33046336007e-07
2.16133716446e-08	-2.13460779719e-07
2.17203683917e-08	-5.99582847371e-07
2.18273651388e-08	-8.39259882923e-07
2.19343618858e-08	-8.81522112195e-07
2.20413586329e-08	-7.21284720839e-07
2.214835538e-08	-3.99681653107e-07
2.22553521271e-08	6.17491568988e-09
2.23623488742e-08	4.01586021326e-07
2.24693456213e-08	6.96413735568e-07
2.25763423684e-08	8.25805329896e-07
2.26833391155e-08	7.64484582305e-07
2.27903358626e-08	5.31480907284e-07
2.28973326097e-08	1.84474927778e-07
2.30043293568e-08	-1.94548135823e-07
2.31113261039e-08	-5.18667832239e-07
2.3218322851e-08	-7.15813030183e-07
2.33253195981e-08	-7.44560963994e-07
2.34323163452e-08	-6.02627494573e-07
2.35393130923e-08	-3.26374959059e-07
2.36463098393e-08	1.82481851851e-08
2.37533065864e-08	3.51256829845e-07
2.38603033335e-08	5.9708969502e-07
2.39673000806e-08	7.01739679698e-07
2.40742968277e-08	6.4470492589e-07
2.41812935748e-08	4.42951431978e-07
2.42882903219e-08	1.46166996728e-07
2.4395287069e-08	-1.75491962295e-07
2.45022838161e-08	-4.48042044354e-07
2.46092805632e-08	-6.10715460425e-07
2.47162773103e-08	-6.29415239928e-07
2.48232740574e-08	-5.03698061038e-07
2.49302708045e-08	-2.65878270511e-07
2.50372675516e-08	2.72062745665e-08
2.51442642987e-08	3.07648377884e-07
2.52512610457e-08	5.12090821303e-07
2.53582577928e-08	5.95927190261e-07
2.54652545399e-08	5.42961174688e-07
2.5572251287e-08	3.68519238236e-07
2.56792480341e-08	1.15258679045e-07
2.57862447812e-08	-1.5716041446e-07
2.58932415283e-08	-3.86115232232e-07
2.60002382754e-08	-5.20470280208e-07
2.61072350225e-08	-5.31981470431e-07
2.62142317696e-08	-4.21201121981e-07
2.63212285167e-08	-2.16538268205e-07
2.64282252638e-08	3.29887868133e-08
2.65352220109e-08	2.69486037041e-07
2.6642218758e-08	4.39569191713e-07
2.67492155051e-08	5.06304843384e-07
