% time-domain voltage integration by openEMS v0.0.36-16-g7d7688a @Sat Jan  4 16:22:32 2025
% start-coordinates: (0,-0.00911115,2.2079e-05) m -> [40,49,23]
% stop-coordinates: (0,-0.00687496,2.2079e-05) m -> [40,56,23]
% t/s	voltage
0	-0
1.06996747094e-10	2.92444156003e-07
2.13993494187e-10	4.62996837314e-07
3.20990241281e-10	4.10526947547e-07
4.27986988374e-10	1.40609248689e-08
5.34983735468e-10	-8.049189546e-07
6.41980482561e-10	-1.9581208619e-06
7.48977229655e-10	-3.00472055415e-06
8.55973976748e-10	-3.11720813784e-06
9.62970723842e-10	-1.36375274451e-06
1.06996747094e-09	2.83374487253e-06
1.17696421803e-09	9.00959014416e-06
1.28396096512e-09	1.5065199932e-05
1.39095771222e-09	1.73005873876e-05
1.49795445931e-09	1.14436219292e-05
1.6049512064e-09	-5.17894369523e-06
1.7119479535e-09	-3.09437730266e-05
1.81894470059e-09	-5.79271900278e-05
1.92594144768e-09	-7.23620869394e-05
2.03293819478e-09	-5.87442095821e-05
2.13993494187e-09	-7.37292270969e-06
2.24693168896e-09	7.70621836637e-05
2.35392843606e-09	0.000170186212927
2.46092518315e-09	0.000230616788031
2.56792193025e-09	0.000213082932532
2.67491867734e-09	8.97393538253e-05
2.78191542443e-09	-0.000128120846057
2.88891217153e-09	-0.000379313300073
2.99590891862e-09	-0.000562997935049
3.10290566571e-09	-0.000572570395889
3.20990241281e-09	-0.000344299103745
3.3168991599e-09	9.88126475931e-05
3.42389590699e-09	0.000631323702692
3.53089265409e-09	0.00105372429243
3.63788940118e-09	0.00116306886775
3.74488614827e-09	0.000842572109832
3.85188289537e-09	0.000131965451146
3.95887964246e-09	-0.000758494737966
4.06587638955e-09	-0.001507777808
4.17287313665e-09	-0.00180292215373
4.27986988374e-09	-0.00147204264067
4.38686663084e-09	-0.000573454693949
4.49386337793e-09	0.00060419163492
4.60086012502e-09	0.00163994677132
4.70785687212e-09	0.00214213866275
4.81485361921e-09	0.00190754885261
4.9218503663e-09	0.00100933143403
5.0288471134e-09	-0.000226592834224
5.13584386049e-09	-0.00134897117096
5.24284060758e-09	-0.00195927354798
5.34983735468e-09	-0.00186522265722
5.45683410177e-09	-0.00114641258551
5.56383084886e-09	-0.000108171290776
5.67082759596e-09	0.000851526790939
5.77782434305e-09	0.00140189914964
5.88482109015e-09	0.00139869701525
5.99181783724e-09	0.00091834631894
6.09881458433e-09	0.000201934974029
6.20581133143e-09	-0.000457973583252
6.31280807852e-09	-0.000835115497466
6.41980482561e-09	-0.000844303940539
6.52680157271e-09	-0.000550027623831
6.6337983198e-09	-0.000116160230391
6.74079506689e-09	0.000273294463113
6.84779181399e-09	0.000486167617055
6.95478856108e-09	0.000480317481561
7.06178530817e-09	0.000300316907669
7.16878205527e-09	4.29314968642e-05
7.27577880236e-09	-0.000188452608199
7.38277554945e-09	-0.000320880277286
7.48977229655e-09	-0.000329070207954
7.59676904364e-09	-0.000232122816669
7.70376579074e-09	-7.67681885918e-05
7.81076253783e-09	8.31436827866e-05
7.91775928492e-09	0.000203204090212
8.02475603202e-09	0.000257554225755
8.13175277911e-09	0.000240810044488
8.2387495262e-09	0.000165039436979
8.3457462733e-09	5.41418698958e-05
8.45274302039e-09	-6.27445297141e-05
8.55973976748e-09	-0.000157844615387
8.66673651458e-09	-0.000210518510357
8.77373326167e-09	-0.000211260352444
8.88073000876e-09	-0.0001630635943
8.98772675586e-09	-7.98375549493e-05
9.09472350295e-09	1.7605453877e-05
9.20172025004e-09	0.000106760218841
9.30871699714e-09	0.000168435912201
9.41571374423e-09	0.000190454280528
9.52271049133e-09	0.000169569600985
9.62970723842e-09	0.000111696565909
9.73670398551e-09	3.0195901445e-05
9.84370073261e-09	-5.66027765672e-05
9.9506974797e-09	-0.00012916916512
1.00576942268e-08	-0.000171040712303
1.01646909739e-08	-0.000172813255631
1.0271687721e-08	-0.000134572032039
1.03786844681e-08	-6.59667675791e-05
1.04856812152e-08	1.62010740041e-05
1.05926779623e-08	9.22967219594e-05
1.06996747094e-08	0.000144827996337
1.08066714564e-08	0.00016258161304
1.09136682035e-08	0.000142883311128
1.10206649506e-08	9.16223361855e-05
1.11276616977e-08	2.13787791381e-05
1.12346584448e-08	-5.16783356943e-05
1.13416551919e-08	-0.000111333116365
1.1448651939e-08	-0.000144658892168
1.15556486861e-08	-0.00014467715846
1.16626454332e-08	-0.000111854259558
1.17696421803e-08	-5.40809337508e-05
1.18766389274e-08	1.5026120991e-05
1.19836356745e-08	7.92720602476e-05
1.20906324216e-08	0.000123782657283
1.21976291687e-08	0.00013862958258
1.23046259158e-08	0.000121163800031
1.24116226629e-08	7.64307242207e-05
1.25186194099e-08	1.56307474981e-05
1.2625616157e-08	-4.68234725304e-05
1.27326129041e-08	-9.67787318586e-05
1.28396096512e-08	-0.000123467595586
1.29466063983e-08	-0.000121665298138
1.30536031454e-08	-9.25504491534e-05
1.31605998925e-08	-4.32561250818e-05
1.32675966396e-08	1.47683751948e-05
1.33745933867e-08	6.82727422827e-05
1.34815901338e-08	0.000105150927993
1.35885868809e-08	0.000117209726341
1.3695583628e-08	0.000102099234937
1.38025803751e-08	6.38583678665e-05
1.39095771222e-08	1.18854154607e-05
1.40165738693e-08	-4.14291257584e-05
1.41235706163e-08	-8.3754726802e-05
1.42305673634e-08	-0.000105736863588
1.43375641105e-08	-0.000103039899841
1.44445608576e-08	-7.70889764681e-05
1.45515576047e-08	-3.44650593433e-05
1.46585543518e-08	1.47815605942e-05
1.47655510989e-08	5.94461525907e-05
1.4872547846e-08	8.96271712918e-05
1.49795445931e-08	9.88432957456e-05
1.50865413402e-08	8.54133504617e-05
1.51935380873e-08	5.28036630385e-05
1.53005348344e-08	8.82139170244e-06
1.54075315815e-08	-3.62059772669e-05
1.55145283286e-08	-7.18775763744e-05
1.56215250757e-08	-9.01805487956e-05
1.57285218228e-08	-8.73440858413e-05
1.58355185698e-08	-6.46161852274e-05
1.59425153169e-08	-2.77944684512e-05
1.6049512064e-08	1.42971695141e-05
1.61565088111e-08	5.19552954756e-05
1.62635055582e-08	7.6814599197e-05
1.63705023053e-08	8.36481985971e-05
1.64774990524e-08	7.14010684533e-05
1.65844957995e-08	4.32954602729e-05
1.66914925466e-08	6.02584691478e-06
1.67984892937e-08	-3.17785695643e-05
1.69054860408e-08	-6.151095522e-05
1.70124827879e-08	-7.65402746765e-05
1.7119479535e-08	-7.37241971365e-05
1.72264762821e-08	-5.40999953955e-05
1.73334730292e-08	-2.25774197133e-05
1.74404697762e-08	1.32954072569e-05
1.75474665233e-08	4.51729592896e-05
1.76544632704e-08	6.58807412037e-05
1.77614600175e-08	7.1031105108e-05
1.78684567646e-08	5.99150212111e-05
1.79754535117e-08	3.55200395461e-05
1.80824502588e-08	3.72311538399e-06
1.81894470059e-08	-2.81099025869e-05
1.8296443753e-08	-5.27960833097e-05
1.84034405001e-08	-6.49215030535e-05
1.85104372472e-08	-6.20141868239e-05
1.86174339943e-08	-4.5053969643e-05
1.87244307414e-08	-1.82078697435e-05
1.88314274885e-08	1.21698309385e-05
1.89384242356e-08	3.90376249015e-05
1.90454209827e-08	5.63159751437e-05
1.91524177297e-08	6.02867153248e-05
1.92594144768e-08	5.03941732859e-05
1.93664112239e-08	2.92825777706e-05
1.9473407971e-08	2.07825105747e-06
1.95804047181e-08	-2.48655551331e-05
1.96874014652e-08	-4.54508194707e-05
1.97943982123e-08	-5.51953285139e-05
1.99013949594e-08	-5.21789643244e-05
2.00083917065e-08	-3.74031915271e-05
2.01153884536e-08	-1.44915790088e-05
2.02223852007e-08	1.11730523713e-05
2.03293819478e-08	3.36938078362e-05
2.04363786949e-08	4.80069629702e-05
2.0543375442e-08	5.10269760525e-05
2.06503721891e-08	4.23240016971e-05
2.07573689361e-08	2.41730049311e-05
2.08643656832e-08	9.65222447746e-07
2.09713624303e-08	-2.18608938667e-05
2.10783591774e-08	-3.91055968976e-05
2.11853559245e-08	-4.69947617603e-05
2.12923526716e-08	-4.39933201051e-05
2.13993494187e-08	-3.10803493448e-05
2.15063461658e-08	-1.14474640895e-05
2.16133429129e-08	1.02860992683e-05
2.172033966e-08	2.91454866783e-05
2.18273364071e-08	4.09259378102e-05
2.19343331542e-08	4.31192615906e-05
2.20413299013e-08	3.54464814336e-05
2.21483266484e-08	1.98814689156e-05
2.22553233955e-08	1.57769669329e-07
2.23623201426e-08	-1.91209235254e-05
2.24693168896e-08	-3.35581580657e-05
2.25763136367e-08	-3.99763739551e-05
2.26833103838e-08	-3.71163368982e-05
2.27903071309e-08	-2.58763022885e-05
2.2897303878e-08	-9.041052067e-06
2.30043006251e-08	9.41010546285e-06
2.31112973722e-08	2.52437632753e-05
2.32182941193e-08	3.49380884472e-05
2.33252908664e-08	3.64530897059e-05
2.34322876135e-08	2.96508196698e-05
2.35392843606e-08	1.62776725574e-05
2.36462811077e-08	-4.71956276726e-07
2.37532778548e-08	-1.67097823578e-05
2.38602746019e-08	-2.87505240522e-05
2.3967271349e-08	-3.39465545949e-05
2.4074268096e-08	-3.12758613745e-05
2.41812648431e-08	-2.15407242194e-05
2.42882615902e-08	-7.14018869985e-06
2.43952583373e-08	8.52020571074e-06
2.45022550844e-08	2.18366462832e-05
2.46092518315e-08	2.98391187243e-05
2.47162485786e-08	3.0847879998e-05
2.48232453257e-08	2.48183341682e-05
2.49302420728e-08	1.3303119772e-05
2.50372388199e-08	-9.43552834087e-07
2.5144235567e-08	-1.4619890635e-05
2.52512323141e-08	-2.46358115419e-05
2.53582290612e-08	-2.88031185391e-05
2.54652258083e-08	-2.63143012944e-05
2.55722225554e-08	-1.78942655111e-05
2.56792193025e-08	-5.60440088293e-06
2.57862160495e-08	7.65963022786e-06
2.58932127966e-08	1.88480594261e-05
2.60002095437e-08	2.54599972322e-05
2.61072062908e-08	2.61040495388e-05
2.62142030379e-08	2.07875805245e-05
2.6321199785e-08	1.0876230931e-05
2.64281965321e-08	-1.25499333592e-06
2.65351932792e-08	-1.27899903646e-05
2.66421900263e-08	-2.11244505408e-05
2.67491867734e-08	-2.4446798534e-05
