% time-domain current integration by openEMS v0.0.36-16-g7d7688a @Sat Jan  4 17:33:33 2025
% start-coordinates: (-0.00252587,-0.00810881,-2.6092e-05) m -> [37,52,22]
% stop-coordinates: (0.00179194,-0.00810881,2.2079e-05) m -> [43,52,23]
% t/s	current
2.39333374012e-14	0
1.07005951521e-10	2.96843971626e-09
2.13987969704e-10	5.27110666226e-09
3.20969987888e-10	7.00865232517e-09
4.27952006071e-10	6.34704822033e-09
5.34934024255e-10	-9.02342089937e-11
6.41916042438e-10	-1.27308181774e-08
7.48898060622e-10	-3.00087137362e-08
8.55880078805e-10	-4.57066597903e-08
9.62862096989e-10	-4.81200004288e-08
1.06984411517e-09	-2.3892358314e-08
1.17682613336e-09	3.56319631578e-08
1.28380815154e-09	1.2512761316e-07
1.39079016972e-09	2.17302556393e-07
1.49777218791e-09	2.62449560751e-07
1.60475420609e-09	2.00853577326e-07
1.71173622427e-09	-1.00605994646e-08
1.81871824246e-09	-3.60971768032e-07
1.92570026064e-09	-7.61382182191e-07
2.03268227882e-09	-1.03941579255e-06
2.13966429701e-09	-9.83981294667e-07
2.24664631519e-09	-4.33088985119e-07
2.35362833337e-09	6.17041280293e-07
2.46061035156e-09	1.92950642486e-06
2.56759236974e-09	3.02718171952e-06
2.67457438793e-09	3.31455657943e-06
2.78155640611e-09	2.31115291172e-06
2.88853842429e-09	-7.46810400187e-08
2.99552044248e-09	-3.35268509843e-06
3.10250246066e-09	-6.46219405098e-06
3.20948447884e-09	-8.05472245702e-06
3.31646649703e-09	-6.99954989614e-06
3.42344851521e-09	-2.94349524665e-06
3.53043053339e-09	3.32151262228e-06
3.63741255158e-09	9.90177704807e-06
3.74439456976e-09	1.43363540701e-05
3.85137658794e-09	1.44939122038e-05
3.95835860613e-09	9.50868889049e-06
4.06534062431e-09	3.54790955726e-07
4.17232264249e-09	-1.02503663584e-05
4.27930466068e-09	-1.86718934856e-05
4.38628667886e-09	-2.16608277697e-05
4.49326869704e-09	-1.76464018296e-05
4.60025071523e-09	-7.48345655666e-06
4.70723273341e-09	5.69410713069e-06
4.8142147516e-09	1.75135046447e-05
4.92119676978e-09	2.39270430029e-05
5.02817878796e-09	2.27012151299e-05
5.13516080615e-09	1.42477638292e-05
5.24214282433e-09	1.47112564264e-06
5.34912484251e-09	-1.13033356683e-05
5.4561068607e-09	-1.9896275262e-05
5.56308887888e-09	-2.1732694222e-05
5.67007089706e-09	-1.66542122315e-05
5.77705291525e-09	-6.82119980411e-06
5.88403493343e-09	4.19947446062e-06
5.99101695161e-09	1.27688745124e-05
6.0979989698e-09	1.64155426319e-05
6.20498098798e-09	1.45464418893e-05
6.31196300616e-09	8.43175621412e-06
6.41894502435e-09	5.51832783913e-07
6.52592704253e-09	-6.38524807073e-06
6.63290906071e-09	-1.03672673504e-05
6.7398910789e-09	-1.06282823253e-05
6.84687309708e-09	-7.69169037085e-06
6.95385511527e-09	-2.97503697766e-06
7.06083713345e-09	1.82772703283e-06
7.16781915163e-09	5.33001866643e-06
7.27480116982e-09	6.80843550072e-06
7.381783188e-09	6.26174914942e-06
7.48876520618e-09	4.22856010118e-06
7.59574722437e-09	1.49363381752e-06
7.70272924255e-09	-1.18375282909e-06
7.80971126073e-09	-3.23839640259e-06
7.91669327892e-09	-4.35331185145e-06
8.0236752971e-09	-4.43868839284e-06
8.13065731528e-09	-3.58681541002e-06
8.23763933347e-09	-2.03288595912e-06
8.34462135165e-09	-1.21349245319e-07
8.45160336983e-09	1.7406691768e-06
8.55858538802e-09	3.15515285365e-06
8.6655674062e-09	3.82144708055e-06
8.77254942439e-09	3.61257866643e-06
8.87953144257e-09	2.60831779997e-06
8.98651346075e-09	1.06930588117e-06
9.09349547894e-09	-6.37819084659e-07
9.20047749712e-09	-2.13566386265e-06
9.3074595153e-09	-3.12000452141e-06
9.41444153349e-09	-3.41252621183e-06
9.52142355167e-09	-2.97993778986e-06
9.62840556985e-09	-1.92684728972e-06
9.73538758804e-09	-4.76867626276e-07
9.84236960622e-09	1.06771426545e-06
9.9493516244e-09	2.37581707552e-06
1.00563336426e-08	3.15466900247e-06
1.01633156608e-08	3.22193977809e-06
1.0270297679e-08	2.558810138e-06
1.03772796971e-08	1.32210789161e-06
1.04842617153e-08	-1.91433173313e-07
1.05912437335e-08	-1.62322703545e-06
1.06982257517e-08	-2.64720301857e-06
1.08052077699e-08	-3.04887817038e-06
1.09121897881e-08	-2.76756668427e-06
1.10191718062e-08	-1.89531681372e-06
1.11261538244e-08	-6.42243776383e-07
1.12331358426e-08	7.16281419955e-07
1.13401178608e-08	1.89514776139e-06
1.1447099879e-08	2.65115113507e-06
1.15540818972e-08	2.82720930045e-06
1.16610639153e-08	2.38485722548e-06
1.17680459335e-08	1.41873090342e-06
1.18750279517e-08	1.43161614119e-07
1.19820099699e-08	-1.15168529646e-06
1.20889919881e-08	-2.16810349229e-06
1.21959740063e-08	-2.67531390818e-06
1.23029560244e-08	-2.56741054727e-06
1.24099380426e-08	-1.88661954326e-06
1.25169200608e-08	-8.06141315479e-07
1.2623902079e-08	4.19190769207e-07
1.27308840972e-08	1.51669053139e-06
1.28378661154e-08	2.25581129598e-06
1.29448481335e-08	2.49179356615e-06
1.30518301517e-08	2.18811328523e-06
1.31588121699e-08	1.41892280681e-06
1.32657941881e-08	3.53060869429e-07
1.33727762063e-08	-7.78049866312e-07
1.34797582245e-08	-1.72645479779e-06
1.35867402426e-08	-2.28135104408e-06
1.36937222608e-08	-2.31888930102e-06
1.3800704279e-08	-1.834318482e-06
1.39076862972e-08	-9.45006718212e-07
1.40146683154e-08	1.38517833648e-07
1.41216503336e-08	1.16577655263e-06
1.42286323517e-08	1.90782225218e-06
1.43356143699e-08	2.20971560339e-06
1.44425963881e-08	2.02078422262e-06
1.45495784063e-08	1.39862925153e-06
1.46565604245e-08	4.89890226163e-07
1.47635424427e-08	-5.04337833718e-07
1.48705244608e-08	-1.37043923587e-06
1.4977506479e-08	-1.92472543858e-06
1.50844884972e-08	-2.05026367439e-06
1.51914705154e-08	-1.72227896655e-06
1.52984525336e-08	-1.01573971278e-06
1.54054345518e-08	-9.10625317374e-08
1.55124165699e-08	8.41376788685e-07
1.56193985881e-08	1.5704785028e-06
1.57263806063e-08	1.93498362933e-06
1.58333626245e-08	1.86109014066e-06
1.59403446427e-08	1.37722349791e-06
1.60473266609e-08	6.03076557582e-07
1.6154308679e-08	-2.82156918274e-07
1.62612906972e-08	-1.08243011709e-06
1.63682727154e-08	-1.6274070731e-06
1.64752547336e-08	-1.80643496606e-06
1.65822367518e-08	-1.58872853717e-06
1.668921877e-08	-1.02767069166e-06
1.67962007881e-08	-2.49164060051e-07
1.69031828063e-08	5.74485341076e-07
1.70101648245e-08	1.26121369703e-06
1.71171468427e-08	1.65945880326e-06
1.72241288609e-08	1.6832326537e-06
1.73311108791e-08	1.33239518618e-06
1.74380928972e-08	6.92460901064e-07
1.75450749154e-08	-8.67802611992e-08
1.76520569336e-08	-8.27843109619e-07
1.77590389518e-08	-1.36734286116e-06
1.786602097e-08	-1.59224771323e-06
1.79730029882e-08	-1.46235288412e-06
1.80799850064e-08	-1.01546982023e-06
1.81869670245e-08	-3.56018915681e-07
1.82939490427e-08	3.69055555893e-07
1.84009310609e-08	1.00172974271e-06
1.85079130791e-08	1.40589577313e-06
1.86148950973e-08	1.49601851263e-06
1.87218771155e-08	1.2557836726e-06
1.88288591336e-08	7.42145971344e-07
1.89358411518e-08	7.29460154503e-08
1.904282317e-08	-5.99906627485e-07
1.91498051882e-08	-1.12574605282e-06
1.92567872064e-08	-1.38997188515e-06
1.93637692246e-08	-1.33970615934e-06
1.94707512427e-08	-9.93969592855e-07
1.95777332609e-08	-4.36725258623e-07
1.96847152791e-08	2.04295005801e-07
1.97916972973e-08	7.8718454688e-07
1.98986793155e-08	1.18667321658e-06
2.00056613337e-08	1.32001048314e-06
2.01126433518e-08	1.16325315958e-06
2.021962537e-08	7.5526281762e-07
2.03266073882e-08	1.88878587437e-07
2.04335894064e-08	-4.09249139466e-07
2.05405714246e-08	-9.06509058041e-07
2.06475534428e-08	-1.19389346764e-06
2.07545354609e-08	-1.21059701996e-06
2.08615174791e-08	-9.57593215389e-07
2.09684994973e-08	-4.96530560667e-07
2.10754815155e-08	6.55600587152e-08
2.11824635337e-08	6.01748979534e-07
2.12894455519e-08	9.94379320218e-07
2.139642757e-08	1.16079036161e-06
2.15034095882e-08	1.07008804662e-06
2.16103916064e-08	7.47978560867e-07
2.17173736246e-08	2.69567834721e-07
2.18243556428e-08	-2.57952422089e-07
2.1931337661e-08	-7.18610920103e-07
2.20383196791e-08	-1.012633561e-06
2.21453016973e-08	-1.07788059722e-06
2.22522837155e-08	-9.03260058749e-07
