% time-domain voltage integration by openEMS v0.0.36-16-g7d7688a @Sat Jan  4 17:33:33 2025
% start-coordinates: (0,-0.00911115,2.2079e-05) m -> [40,49,23]
% stop-coordinates: (0,-0.00687496,2.2079e-05) m -> [40,56,23]
% t/s	voltage
0	-0
1.06982018184e-10	3.25118609368e-07
2.13964036367e-10	4.53362645203e-07
3.20946054551e-10	3.70792452742e-07
4.27928072734e-10	-9.54267314057e-08
5.34910090918e-10	-9.65022067589e-07
6.41892109101e-10	-2.1197206479e-06
7.48874127285e-10	-3.04568908405e-06
8.55856145468e-10	-2.88677159688e-06
9.62838163652e-10	-7.46681934061e-07
1.06982018184e-09	3.81061727239e-06
1.17680220002e-09	1.00561760519e-05
1.2837842182e-09	1.55942665288e-05
1.39076623639e-09	1.65461397046e-05
1.49774825457e-09	8.79713013546e-06
1.60473027275e-09	-9.67812343333e-06
1.71171229094e-09	-3.61429110853e-05
1.81869430912e-09	-6.14292453065e-05
1.9256763273e-09	-7.10706244718e-05
2.03265834549e-09	-5.01253098264e-05
2.13964036367e-09	8.75364139574e-06
2.24662238185e-09	9.70062437773e-05
2.35360440004e-09	0.000186127592315
2.46058641822e-09	0.000232443877394
2.5675684364e-09	0.000192430574316
2.67455045459e-09	4.51193936897e-05
2.78153247277e-09	-0.000187307339729
2.88851449095e-09	-0.000432515411376
2.99549650914e-09	-0.000583738597925
3.10247852732e-09	-0.000538703134225
3.20946054551e-09	-0.000250036555371
3.31644256369e-09	0.000234434981394
3.42342458187e-09	0.000764923541283
3.53040660006e-09	0.00112955116492
3.63738861824e-09	0.00113414388034
3.74437063642e-09	0.000693502217473
3.85135265461e-09	-0.000106784533273
3.95833467279e-09	-0.00101340361289
4.06531669097e-09	-0.00168448520708
4.17229870916e-09	-0.00182156394294
4.27928072734e-09	-0.00130225041357
4.38626274552e-09	-0.000253559293924
4.49324476371e-09	0.000974232956651
4.60022678189e-09	0.00193188704725
4.70720880007e-09	0.00224737479584
4.81419081826e-09	0.00178052636329
4.92117283644e-09	0.000687922038196
5.02815485462e-09	-0.000633270552498
5.13513687281e-09	-0.00170119354152
5.24211889099e-09	-0.00213950080797
5.34910090918e-09	-0.00182147539454
5.45608292736e-09	-0.000908838017494
5.56306494554e-09	0.000226944030146
5.67004696373e-09	0.00116227135004
5.77702898191e-09	0.0015879967832
5.88401100009e-09	0.00141614883614
5.99099301828e-09	0.000788808560173
6.09797503646e-09	-4.21682489105e-06
6.20495705464e-09	-0.000655094219837
6.31193907283e-09	-0.000956789845077
6.41892109101e-09	-0.00086502108752
6.52590310919e-09	-0.000487304976559
6.63288512738e-09	-1.54209556058e-05
6.73986714556e-09	0.000362094138836
6.84684916374e-09	0.000529275261215
6.95383118193e-09	0.000470375016448
7.06081320011e-09	0.000253891357715
7.1677952183e-09	-1.11505923996e-05
7.27477723648e-09	-0.000223386326979
7.38175925466e-09	-0.00032248147545
7.48874127285e-09	-0.000299194987747
7.59572329103e-09	-0.00018507801542
7.70270530921e-09	-3.1650620258e-05
7.8096873274e-09	0.000110335189675
7.91666934558e-09	0.000204683754419
8.02365136376e-09	0.000234920471485
8.13063338195e-09	0.000202880171855
8.23761540013e-09	0.000123937868921
8.34459741831e-09	2.13298551444e-05
8.4515794365e-09	-7.93883955339e-05
8.55856145468e-09	-0.000155464009367
8.66554347286e-09	-0.000191338072909
8.77252549105e-09	-0.000181547991815
8.87950750923e-09	-0.00013132105596
8.98648952741e-09	-5.4560773151e-05
9.0934715456e-09	3.01398813463e-05
9.20045356378e-09	0.0001041383548
9.30743558197e-09	0.000152661719767
9.41441760015e-09	0.000167179565324
9.52139961833e-09	0.000146205848068
9.62838163652e-09	9.50490302785e-05
9.7353636547e-09	2.44137900154e-05
9.84234567288e-09	-5.10360996486e-05
9.94932769107e-09	-0.000115133372674
1.00563097092e-08	-0.000153541037434
1.01632917274e-08	-0.000157272328579
1.02702737456e-08	-0.000125303022287
1.03772557638e-08	-6.51924028716e-05
1.0484237782e-08	8.63709101395e-06
1.05912198002e-08	7.86878226791e-05
1.06982018184e-08	0.000128997160573
1.08051838365e-08	0.000149011695612
1.09121658547e-08	0.000135673657496
1.10191478729e-08	9.339242024e-05
1.11261298911e-08	3.23688773278e-05
1.12331119093e-08	-3.39765638273e-05
1.13400939275e-08	-9.17152019611e-05
1.14470759456e-08	-0.000128933186716
1.15540579638e-08	-0.00013789975128
1.1661039982e-08	-0.000116658780826
1.17680220002e-08	-6.97513232808e-05
1.18750040184e-08	-7.58114356358e-06
1.19819860366e-08	5.571265865e-05
1.20889680547e-08	0.000105577562863
1.21959500729e-08	0.000130687959427
1.23029320911e-08	0.000125788875266
1.24099141093e-08	9.28546241994e-05
1.25168961275e-08	4.02754330935e-05
1.26238781457e-08	-1.95392844944e-05
1.27308601638e-08	-7.32692615202e-05
1.2837842182e-08	-0.000109619522846
1.29448242002e-08	-0.000121463692267
1.30518062184e-08	-0.000106950034024
1.31587882366e-08	-6.9634987085e-05
1.32657702548e-08	-1.77122415153e-05
1.33727522729e-08	3.75439867639e-05
1.34797342911e-08	8.40231914481e-05
1.35867163093e-08	0.000111394931082
1.36936983275e-08	0.000113550004244
1.38006803457e-08	9.01811608855e-05
1.39076623639e-08	4.69514261567e-05
1.4014644382e-08	-5.90283798374e-06
1.41216264002e-08	-5.61587235097e-05
1.42286084184e-08	-9.26096863623e-05
1.43355904366e-08	-0.000107636860776
1.44425724548e-08	-9.86999921224e-05
1.4549554473e-08	-6.854975436e-05
1.46565364911e-08	-2.43014217176e-05
1.47635185093e-08	2.42496303144e-05
1.48705005275e-08	6.66685627948e-05
1.49774825457e-08	9.39580977501e-05
1.50844645639e-08	0.000100360015495
1.51914465821e-08	8.46062903292e-05
1.52984286002e-08	5.02985139974e-05
1.54054106184e-08	5.22647860635e-06
1.55123926366e-08	-4.03551293857e-05
1.56193746548e-08	-7.61255741963e-05
1.5726356673e-08	-9.41694170251e-05
1.58333386912e-08	-9.08251340661e-05
1.59403207093e-08	-6.74203811286e-05
1.60473027275e-08	-2.97512372072e-05
1.61542847457e-08	1.34569681904e-05
1.62612667639e-08	5.26312887814e-05
1.63682487821e-08	7.94294655861e-05
1.64752308003e-08	8.84058008523e-05
1.65822128184e-08	7.80069867687e-05
1.66891948366e-08	5.07903746438e-05
1.67961768548e-08	1.28659419261e-05
1.6903158873e-08	-2.73727573585e-05
1.70101408912e-08	-6.10297543062e-05
1.71171229094e-08	-8.06777461548e-05
1.72241049275e-08	-8.20704253783e-05
1.73310869457e-08	-6.51489535812e-05
1.74380689639e-08	-3.40409105775e-05
1.75450509821e-08	3.96992709284e-06
1.76520330003e-08	4.02225227845e-05
1.77590150185e-08	6.67205704303e-05
1.78659970366e-08	7.79080974098e-05
1.79729790548e-08	7.17751026968e-05
1.8079961073e-08	5.01227609675e-05
1.81869430912e-08	1.8014960915e-05
1.82939251094e-08	-1.73910309513e-05
1.84009071276e-08	-4.83772355437e-05
1.85078891457e-08	-6.82765003148e-05
1.86148711639e-08	-7.28763225197e-05
1.87218531821e-08	-6.13353477092e-05
1.88288352003e-08	-3.63928234037e-05
1.89358172185e-08	-3.77252612793e-06
1.90427992367e-08	2.91203593861e-05
1.91497812548e-08	5.49179908376e-05
1.9256763273e-08	6.79959075569e-05
1.93637452912e-08	6.57313157717e-05
1.94707273094e-08	4.90098541377e-05
1.95777093276e-08	2.18974153086e-05
1.96846913458e-08	-9.38888638302e-06
1.97916733639e-08	-3.792004145e-05
1.98986553821e-08	-5.75621438657e-05
2.00056374003e-08	-6.42441650598e-05
2.01126194185e-08	-5.67594220229e-05
2.02196014367e-08	-3.69683980352e-05
2.03265834549e-08	-9.37727702421e-06
2.04335654731e-08	1.98446637114e-05
2.05405474912e-08	4.42168529844e-05
2.06475295094e-08	5.83956039009e-05
2.07545115276e-08	5.93789095547e-05
2.08614935458e-08	4.71755074614e-05
2.0968475564e-08	2.47624291205e-05
2.10754575822e-08	-2.65487625484e-06
2.11824396003e-08	-2.88837666176e-05
2.12894216185e-08	-4.81667307213e-05
2.13964036367e-08	-5.64405008845e-05
2.15033856549e-08	-5.21639158251e-05
2.16103676731e-08	-3.65593132301e-05
2.17173496913e-08	-1.32669375716e-05
2.18243317094e-08	1.24915526385e-05
2.19313137276e-08	3.5052880321e-05
2.20382957458e-08	4.95295253131e-05
2.2145277764e-08	5.2860219057e-05
2.22522597822e-08	4.447088304e-05
