% time-domain voltage integration by openEMS v0.0.36-16-g7d7688a @Sun Jan  5 12:51:01 2025
% start-coordinates: (0,-0.00911115,2.2079e-05) m -> [41,49,23]
% stop-coordinates: (0,-0.00687496,2.2079e-05) m -> [41,56,23]
% t/s	voltage
0	-0
1.0700332075e-10	3.18237855623e-07
2.140066415e-10	4.85432224195e-07
3.21009962251e-10	4.3710744535e-07
4.28013283001e-10	-8.60031335037e-09
5.35016603751e-10	-8.91658075375e-07
6.42019924501e-10	-2.11878608525e-06
7.49023245251e-10	-3.2034773767e-06
8.56026566001e-10	-3.26698744857e-06
9.63029886752e-10	-1.31727624364e-06
1.0700332075e-09	3.22194145497e-06
1.17703652825e-09	9.78882962954e-06
1.284039849e-09	1.610437198e-05
1.39104316975e-09	1.82035009857e-05
1.4980464905e-09	1.15967714009e-05
1.60504981125e-09	-6.41405989654e-06
1.712053132e-09	-3.38659128829e-05
1.81905645275e-09	-6.21061221864e-05
1.9260597735e-09	-7.64170408729e-05
2.03306309425e-09	-6.05172826909e-05
2.140066415e-09	-4.65681955575e-06
2.24706973575e-09	8.53896426634e-05
2.3540730565e-09	0.000183010643013
2.46107637725e-09	0.000244080045377
2.568079698e-09	0.000221256792429
2.67508301875e-09	8.66745740495e-05
2.7820863395e-09	-0.000145518373756
2.88908966025e-09	-0.000408747433539
2.99609298101e-09	-0.000596037461946
3.10309630176e-09	-0.000596631754888
3.21009962251e-09	-0.000347209756001
3.31710294326e-09	0.000123277193779
3.42410626401e-09	0.000679411750752
3.53110958476e-09	0.00111150890007
3.63811290551e-09	0.00121089183085
3.74511622626e-09	0.000862702843733
3.85211954701e-09	0.00011614496907
3.95912286776e-09	-0.000805371782917
4.06612618851e-09	-0.00156996829901
4.17312950926e-09	-0.00186125026084
4.28013283001e-09	-0.0015126139333
4.38713615076e-09	-0.000592822078033
4.49413947151e-09	0.000600529499934
4.60114279226e-09	0.00164495217905
4.70814611301e-09	0.00215582794044
4.81514943376e-09	0.00194048749108
4.92215275451e-09	0.0010770297813
5.02915607526e-09	-0.000117018673336
5.13615939601e-09	-0.00121282346663
5.24316271676e-09	-0.00183940737043
5.35016603751e-09	-0.00182161027624
5.45716935826e-09	-0.00123107354739
5.56417267901e-09	-0.000335220309353
5.67117599976e-09	0.000525784984347
5.77817932051e-09	0.00107591165579
5.88518264126e-09	0.0011959568219
5.99218596201e-09	0.000939981779084
6.09918928276e-09	0.000480487073219
6.20619260351e-09	1.72921506874e-05
6.31319592426e-09	-0.000304947378027
6.42019924501e-09	-0.00043734837891
6.52720256576e-09	-0.000417093982833
6.63420588651e-09	-0.000323214404489
6.74120920726e-09	-0.000226164456762
6.84821252801e-09	-0.000156458580022
6.95521584876e-09	-0.000103214657429
7.06221916951e-09	-3.65716077795e-05
7.16922249026e-09	6.28768266324e-05
7.27622581101e-09	0.000185149559911
7.38322913176e-09	0.000291840049613
7.49023245251e-09	0.000334881482559
7.59723577326e-09	0.00028212563484
7.70423909401e-09	0.000136308466608
7.81124241476e-09	-6.18715657765e-05
7.91824573551e-09	-0.000247797872362
8.02524905626e-09	-0.000357621986041
8.13225237701e-09	-0.000352885756001
8.23925569776e-09	-0.000235090217757
8.34625901851e-09	-4.48823971055e-05
8.45326233926e-09	0.000153137887537
8.56026566001e-09	0.000293647972285
8.66726898076e-09	0.000333052899805
8.77427230151e-09	0.000263281672233
8.88127562227e-09	0.000112695596727
8.98827894302e-09	-6.5343308961e-05
9.09528226377e-09	-0.000211552003748
9.20228558452e-09	-0.000280564163404
9.30928890527e-09	-0.000254894915997
9.41629222602e-09	-0.000148858604007
9.52329554677e-09	-1.85647551376e-06
9.63029886752e-09	0.000136143724376
9.73730218827e-09	0.000221189051445
9.84430550902e-09	0.000229358262004
9.95130882977e-09	0.000163181734024
1.00583121505e-08	4.89511376145e-05
1.01653154713e-08	-7.33049528208e-05
1.0272318792e-08	-0.000163725158927
1.03793221128e-08	-0.000195354823518
1.04863254335e-08	-0.000161966794622
1.05933287543e-08	-7.87014150774e-05
1.0700332075e-08	2.42790313223e-05
1.08073353958e-08	0.000112499621537
1.09143387165e-08	0.000158570848726
1.10213420373e-08	0.000150503967234
1.1128345358e-08	9.45490173763e-05
1.12353486788e-08	1.19383682886e-05
1.13423519995e-08	-6.89459538989e-05
1.14493553203e-08	-0.000122188526802
1.1556358641e-08	-0.000132515522637
1.16633619618e-08	-9.94979382085e-05
1.17703652825e-08	-3.66848407793e-05
1.18773686033e-08	3.36980651809e-05
1.1984371924e-08	8.84900073288e-05
1.20913752448e-08	0.000111108934107
1.21983785655e-08	9.64456030488e-05
1.23053818863e-08	5.17324356224e-05
1.2412385207e-08	-6.61538439317e-06
1.25193885278e-08	-5.88998500461e-05
1.26263918485e-08	-8.87036512722e-05
1.27333951693e-08	-8.79503459146e-05
1.284039849e-08	-5.89430301261e-05
1.29474018108e-08	-1.292204945e-05
1.30544051315e-08	3.41544832736e-05
1.31614084523e-08	6.70649187668e-05
1.3268411773e-08	7.6172932495e-05
1.33754150938e-08	6.0152214246e-05
1.34824184145e-08	2.58532274984e-05
1.35894217353e-08	-1.4453611584e-05
1.3696425056e-08	-4.73909749417e-05
1.38034283768e-08	-6.28557386335e-05
1.39104316975e-08	-5.7048898725e-05
1.40174350183e-08	-3.32738718498e-05
1.4124438339e-08	-3.93543130528e-07
1.42314416598e-08	3.03964804971e-05
1.43384449805e-08	4.93280595038e-05
1.44454483013e-08	5.11082275807e-05
1.4552451622e-08	3.63203012057e-05
1.46594549428e-08	1.08402559817e-05
1.47664582635e-08	-1.64099749327e-05
1.48734615843e-08	-3.65419773516e-05
1.4980464905e-08	-4.35560482401e-05
1.50874682258e-08	-3.60797534995e-05
1.51944715465e-08	-1.74961191988e-05
1.53014748673e-08	5.46501320287e-06
1.5408478188e-08	2.5119716156e-05
1.55154815088e-08	3.53646473741e-05
1.56224848295e-08	3.35372997142e-05
1.57294881503e-08	2.10400983178e-05
1.5836491471e-08	2.6141598255e-06
1.59434947918e-08	-1.54102773422e-05
1.60504981125e-08	-2.72601232609e-05
1.61575014333e-08	-2.95381880733e-05
1.6264504754e-08	-2.21563777814e-05
1.63715080748e-08	-8.14146073935e-06
1.64785113955e-08	7.54848696261e-06
1.65855147163e-08	1.97514486899e-05
1.6692518037e-08	2.47743892032e-05
1.67995213578e-08	2.14862664052e-05
1.69065246785e-08	1.15047095051e-05
1.70135279993e-08	-1.50665869114e-06
1.712053132e-08	-1.3155326883e-05
1.72275346408e-08	-1.97850406494e-05
1.73345379615e-08	-1.96004018562e-05
1.74415412823e-08	-1.31202120883e-05
1.7548544603e-08	-2.85452509274e-06
1.76555479238e-08	7.63744617416e-06
1.77625512445e-08	1.49642922906e-05
1.78695545653e-08	1.69810750776e-05
1.7976557886e-08	1.33967705551e-05
1.80835612068e-08	5.74303390977e-06
1.81905645275e-08	-3.24321970879e-06
1.82975678483e-08	-1.05799009589e-05
1.8404571169e-08	-1.4016799696e-05
1.85115744898e-08	-1.27110650965e-05
1.86185778105e-08	-7.40248231068e-06
1.87255811313e-08	-6.97646864722e-08
1.8832584452e-08	6.79094245015e-06
1.89395877728e-08	1.10039040919e-05
1.90465910935e-08	1.13913559971e-05
1.91535944143e-08	8.08630164784e-06
1.9260597735e-08	2.40194754042e-06
1.93676010558e-08	-3.6719630998e-06
1.94746043765e-08	-8.1549371771e-06
