% time-domain voltage integration by openEMS v0.0.36-16-g7d7688a @Thu Dec 26 18:12:13 2024
% start-coordinates: (-0.000333333,0.000166667,-0.0015512) m -> [30,8,13]
% stop-coordinates: (-0.000333333,0.000166667,3.5e-05) m -> [30,8,26]
% t/s	voltage
0	-0
1.04166244538e-10	7.77603921662e-05
2.08332489075e-10	0.000140742594588
3.12498733613e-10	0.000126492294117
4.1666497815e-10	-4.47533738441e-05
5.20831222688e-10	-0.000523053449427
6.24997467225e-10	-0.00144172297331
7.29163711763e-10	-0.00287601087842
8.33329956301e-10	-0.00452354205374
9.37496200838e-10	-0.00556524728528
1.04166244538e-09	-0.00444278815951
1.14582868991e-09	0.000841252872021
1.24999493445e-09	0.0120499199835
1.35416117899e-09	0.0294315125568
1.45832742353e-09	0.0502621108658
1.56249366806e-09	0.067907331851
1.6666599126e-09	0.0722921063932
1.77082615714e-09	0.0524991040618
1.87499240168e-09	0.00125349771565
1.97915864621e-09	-0.0800372453623
2.08332489075e-09	-0.177973671306
2.18749113529e-09	-0.267963282919
2.29165737983e-09	-0.320048988643
2.39582362436e-09	-0.308684222852
2.4999898689e-09	-0.222919074707
2.60415611344e-09	-0.0727598612521
2.70832235798e-09	0.111534972477
2.81248860251e-09	0.287703197345
2.91665484705e-09	0.414353737072
3.02082109159e-09	0.463759477327
3.12498733613e-09	0.429774237415
3.22915358066e-09	0.328288262499
3.3333198252e-09	0.190567535771
3.43748606974e-09	0.052351591024
3.54165231428e-09	-0.0572791405202
3.64581855881e-09	-0.123591987857
3.74998480335e-09	-0.148249259137
3.85415104789e-09	-0.145431111012
3.95831729243e-09	-0.133820412262
4.06248353697e-09	-0.127650888364
4.1666497815e-09	-0.130475214786
4.27081602604e-09	-0.134309640639
4.37498227058e-09	-0.124601755704
4.47914851512e-09	-0.088778571621
4.58331475965e-09	-0.0243543954164
4.68748100419e-09	0.0573959821044
4.79164724873e-09	0.134228632228
4.89581349327e-09	0.181148132761
4.9999797378e-09	0.180530700938
5.10414598234e-09	0.12969233782
5.20831222688e-09	0.0426736289019
5.31247847142e-09	-0.0544199470683
5.41664471595e-09	-0.132552993533
5.52081096049e-09	-0.169640112617
5.62497720503e-09	-0.157523268128
5.72914344957e-09	-0.103776377911
5.8333096941e-09	-0.0281160142555
5.93747593864e-09	0.044672356684
6.04164218318e-09	0.0929404498273
6.14580842772e-09	0.104493705479
6.24997467225e-09	0.0795941509908
6.35414091679e-09	0.0299397033436
6.45830716133e-09	-0.0256876942603
6.56247340587e-09	-0.0675725361785
6.6666396504e-09	-0.0813260741603
6.77080589494e-09	-0.0623160703116
6.87497213948e-09	-0.0169899094604
6.97913838402e-09	0.0393921546109
7.08330462855e-09	0.0879498805925
7.18747087309e-09	0.112537011203
7.29163711763e-09	0.105084223476
7.39580336217e-09	0.0680365475764
7.49996960671e-09	0.0131105836868
7.60413585124e-09	-0.0429785893356
7.70830209578e-09	-0.0842009347984
7.81246834032e-09	-0.10017499696
7.91663458486e-09	-0.0889261432796
8.02080082939e-09	-0.0567413489459
8.12496707393e-09	-0.0155331262745
8.22913331847e-09	0.0212386576119
8.33329956301e-09	0.0427641374385
8.43746580754e-09	0.0439838773143
8.54163205208e-09	0.0268185341147
8.64579829662e-09	-0.000791997113112
8.74996454116e-09	-0.0277003806491
8.85413078569e-09	-0.043326929384
8.95829703023e-09	-0.0412219202868
9.06246327477e-09	-0.0211796054507
9.16662951931e-09	0.0107737450312
9.27079576384e-09	0.0445366625308
9.37496200838e-09	0.0694071072297
9.47912825292e-09	0.0776231417857
9.58329449746e-09	0.0667586129996
9.68746074199e-09	0.0402194456232
9.79162698653e-09	0.00583092180506
9.89579323107e-09	-0.0268360691292
9.99995947561e-09	-0.049477526707
1.01041257201e-08	-0.0573893218305
1.02082919647e-08	-0.0505702271832
1.03124582092e-08	-0.0333058373664
1.04166244538e-08	-0.0125442586641
1.05207906983e-08	0.00446141837624
1.06249569428e-08	0.0124443275028
1.07291231874e-08	0.0097348201382
1.08332894319e-08	-0.00138055094803
1.09374556764e-08	-0.0155855561359
1.1041621921e-08	-0.0264834418342
1.11457881655e-08	-0.0288585374991
1.12499544101e-08	-0.0204840247377
1.13541206546e-08	-0.00284900160773
1.14582868991e-08	0.0193907938792
1.15624531437e-08	0.040008921038
1.16666193882e-08	0.0532368140467
1.17707856327e-08	0.0555326430224
1.18749518773e-08	0.0465398723922
1.19791181218e-08	0.0290101822297
1.20832843664e-08	0.00779262413059
1.21874506109e-08	-0.0117052332539
1.22916168554e-08	-0.0251233438539
1.23957831e-08	-0.0303071104135
1.24999493445e-08	-0.0277593757289
1.2604115589e-08	-0.0202307998147
1.27082818336e-08	-0.0116555655805
1.28124480781e-08	-0.00575468356528
1.29166143227e-08	-0.00476932520318
1.30207805672e-08	-0.00876952189691
1.31249468117e-08	-0.0157059596127
1.32291130563e-08	-0.0222379226028
1.33332793008e-08	-0.0249423918425
1.34374455453e-08	-0.0215598136089
1.35416117899e-08	-0.011767057037
1.36457780344e-08	0.00269695326024
1.3749944279e-08	0.0185934255114
1.38541105235e-08	0.032186694785
1.3958276768e-08	0.0403553058853
1.40624430126e-08	0.0414498137466
1.41666092571e-08	0.0356827571179
1.42707755016e-08	0.0249419330321
1.43749417462e-08	0.0121447383464
1.44791079907e-08	0.000330016688309
1.45832742353e-08	-0.00821578796101
1.46874404798e-08	-0.0125509542092
1.47916067243e-08	-0.0131981440351
1.48957729689e-08	-0.0117954336406
1.49999392134e-08	-0.0103877144601
1.51041054579e-08	-0.0106411246489
1.52082717025e-08	-0.0132159453608
1.5312437947e-08	-0.0175538584745
1.54166041916e-08	-0.0220883367309
1.55207704361e-08	-0.0248237620475
1.56249366806e-08	-0.0240447634886
1.57291029252e-08	-0.0189200022833
1.58332691697e-08	-0.00980786670159
1.59374354142e-08	0.00181692199354
1.60416016588e-08	0.0137713575181
1.61457679033e-08	0.0237705836035
1.62499341479e-08	0.030034197782
1.63541003924e-08	0.0317266713383
1.64582666369e-08	0.0291028068471
1.65624328815e-08	0.0233428406861
1.6666599126e-08	0.0161255391951
1.67707653705e-08	0.00909506103852
1.68749316151e-08	0.00339674574224
1.69790978596e-08	-0.000597014846647
1.70832641042e-08	-0.00325553341268
1.71874303487e-08	-0.00542408548711
1.72915965932e-08	-0.00799774704199
1.73957628378e-08	-0.011508786558
1.74999290823e-08	-0.0158804837339
1.76040953268e-08	-0.0203989509713
1.77082615714e-08	-0.0239347364317
1.78124278159e-08	-0.0252999040611
1.79165940605e-08	-0.0236403708769
1.8020760305e-08	-0.0187324505042
1.81249265495e-08	-0.0110767671622
1.82290927941e-08	-0.0018057375997
1.83332590386e-08	0.00760600383157
1.84374252832e-08	0.0157039295465
1.85415915277e-08	0.021395145379
1.86457577722e-08	0.0241830820522
1.87499240168e-08	0.0242013953394
1.88540902613e-08	0.0220869435616
1.89582565058e-08	0.018707955984
1.90624227504e-08	0.0148730388019
1.91665889949e-08	0.0110987475759
1.92707552395e-08	0.00751312209089
1.9374921484e-08	0.00392119768128
1.94790877285e-08	-1.26527519306e-05
1.95832539731e-08	-0.00454125146128
1.96874202176e-08	-0.00963633937382
1.97915864621e-08	-0.0149176981174
1.98957527067e-08	-0.0196917417211
1.99999189512e-08	-0.0231203633062
2.01040851958e-08	-0.0244484167265
2.02082514403e-08	-0.0232133871236
2.03124176848e-08	-0.0193995002042
2.04165839294e-08	-0.0134499960181
2.05207501739e-08	-0.00618479035521
2.06249164184e-08	0.00139396962196
2.0729082663e-08	0.00832870277038
2.08332489075e-08	0.0138911723024
2.09374151521e-08	0.0177090853425
2.10415813966e-08	0.0197564487955
2.11457476411e-08	0.0202723578143
2.12499138857e-08	0.0196050942246
2.13540801302e-08	0.0180636606287
2.14582463747e-08	0.0158255117355
2.15624126193e-08	0.0129114720686
2.16665788638e-08	0.00924774780955
2.17707451084e-08	0.00477201093945
2.18749113529e-08	-0.00044868017519
2.19790775974e-08	-0.00614678032361
2.2083243842e-08	-0.0118399868088
2.21874100865e-08	-0.0168954764461
2.2291576331e-08	-0.0206524722371
2.23957425756e-08	-0.0225637454484
2.24999088201e-08	-0.0223261913581
2.26040750647e-08	-0.0199471796409
2.27082413092e-08	-0.0157439283623
2.28124075537e-08	-0.0102716219219
2.29165737983e-08	-0.00419858246358
2.30207400428e-08	0.00182365148137
2.31249062873e-08	0.00727327257991
2.32290725319e-08	0.0118091755963
2.33332387764e-08	0.0152700029167
2.3437405021e-08	0.0176242988838
2.35415712655e-08	0.0188975215726
2.364573751e-08	0.0191104741656
2.37499037546e-08	0.0182446936985
2.38540699991e-08	0.0162568513959
2.39582362436e-08	0.0131227408026
2.40624024882e-08	0.0088945353471
2.41665687327e-08	0.00376474931981
2.42707349773e-08	-0.00192047408316
2.43749012218e-08	-0.00767231650162
2.44790674663e-08	-0.0129250456244
2.45832337109e-08	-0.0171229279102
2.46873999554e-08	-0.0198171419276
2.47915661999e-08	-0.0207440319932
2.48957324445e-08	-0.0198608080767
2.4999898689e-08	-0.0173374717166
2.51040649336e-08	-0.0135135880017
2.52082311781e-08	-0.00881430136431
2.53123974226e-08	-0.0036856743262
2.54165636672e-08	0.00147100500543
2.55207299117e-08	0.00633053046218
2.56248961562e-08	0.0106390011267
2.57290624008e-08	0.014203927935
2.58332286453e-08	0.0168581024055
2.59373948899e-08	0.0184517016539
2.60415611344e-08	0.0188449391731
2.61457273789e-08	0.017937909907
2.62498936235e-08	0.015698394877
2.6354059868e-08	0.0122011364793
2.64582261125e-08	0.00765503223958
2.65623923571e-08	0.00240004601385
2.66665586016e-08	-0.00311580711995
2.67707248462e-08	-0.00839587528257
2.68748910907e-08	-0.0129537870395
2.69790573352e-08	-0.0163841112767
2.70832235798e-08	-0.0184138795589
2.71873898243e-08	-0.0189238399874
2.72915560688e-08	-0.0179489603026
2.73957223134e-08	-0.0156492332408
2.74998885579e-08	-0.0122738737742
2.76040548025e-08	-0.00811721298885
2.7708221047e-08	-0.00348995269477
2.78123872915e-08	0.00130500725077
2.79165535361e-08	0.00597594286199
2.80207197806e-08	0.010240630488
2.81248860251e-08	0.0138291976244
2.82290522697e-08	0.016490654537
2.83332185142e-08	0.018004268221
2.84373847588e-08	0.0182142529095
2.85415510033e-08	0.0170491548366
2.86457172478e-08	0.0145529653064
2.87498834924e-08	0.0108956516192
2.88540497369e-08	0.00636242736164
2.89582159814e-08	0.00133555544502
2.9062382226e-08	-0.00375825793105
2.91665484705e-08	-0.00848849662663
2.92707147151e-08	-0.0124725905881
2.93748809596e-08	-0.0154140648682
2.94790472041e-08	-0.0171184672086
2.95832134487e-08	-0.0175083979584
2.96873796932e-08	-0.0166056087029
2.97915459377e-08	-0.0145177625408
2.98957121823e-08	-0.0114214450895
2.99998784268e-08	-0.00754160577267
3.01040446714e-08	-0.00314349496481
3.02082109159e-08	0.00148286884925
3.03123771604e-08	0.00602488016369
3.0416543405e-08	0.0101649118391
3.05207096495e-08	0.0135965665995
3.0624875894e-08	0.0160465850675
3.07290421386e-08	0.0173070590484
3.08332083831e-08	0.0172542575315
3.09373746277e-08	0.0158760875541
3.10415408722e-08	0.0132740851306
3.11457071167e-08	0.00965883973624
3.12498733613e-08	0.00532966559219
3.13540396058e-08	0.000643043244267
3.14582058503e-08	-0.00402442665825
3.15623720949e-08	-0.00831230217169
3.16665383394e-08	-0.0119044373475
3.1770704584e-08	-0.0145530592484
3.18748708285e-08	-0.0160904329134
3.1979037073e-08	-0.0164309072031
3.20832033176e-08	-0.0155707653826
3.21873695621e-08	-0.0135853370606
3.22915358066e-08	-0.0106173094109
3.23957020512e-08	-0.00687503356421
3.24998682957e-08	-0.00261872149834
3.26040345403e-08	0.00184889818129
3.27082007848e-08	0.00620043532467
3.28123670293e-08	0.0101102674617
3.29165332739e-08	0.0132713934666
3.30206995184e-08	0.0154361766796
3.31248657629e-08	0.0164291275335
3.32290320075e-08	0.0161699167318
3.3333198252e-08	0.0146857524393
3.34373644966e-08	0.0121001157949
3.35415307411e-08	0.00862772460158
3.36456969856e-08	0.00454824985236
3.37498632302e-08	0.000180958906483
3.38540294747e-08	-0.00414055594358
3.39581957192e-08	-0.00810051453492
3.40623619638e-08	-0.0114145494387
3.41665282083e-08	-0.0138540214998
3.42706944529e-08	-0.015253245635
3.43748606974e-08	-0.0155203567112
3.44790269419e-08	-0.014640134909
3.45831931865e-08	-0.0126772840374
3.4687359431e-08	-0.00977183608686
3.47915256755e-08	-0.00613262464989
3.48956919201e-08	-0.00202730646312
3.49998581646e-08	0.00223858972063
3.51040244092e-08	0.00634099991267
3.52081906537e-08	0.00996625849134
3.53123568982e-08	0.0128348459221
3.54165231428e-08	0.0147273588597
3.55206893873e-08	0.0155045225058
3.56248556318e-08	0.0151127821953
3.57290218764e-08	0.0135961206713
3.58331881209e-08	0.0110796208192
3.59373543655e-08	0.00776807067568
3.604152061e-08	0.00391582840253
3.61456868545e-08	-0.000185453278661
3.62498530991e-08	-0.00423067031079
3.63540193436e-08	-0.00792735576226
3.64581855881e-08	-0.0110084332413
3.65623518327e-08	-0.0132529066795
3.66665180772e-08	-0.0145022133999
3.67706843218e-08	-0.0146636691094
3.68748505663e-08	-0.0137277604465
3.69790168108e-08	-0.0117612834642
3.70831830554e-08	-0.00891116984045
3.71873492999e-08	-0.00538972724907
3.72915155445e-08	-0.00146328551688
