% time-domain current integration by openEMS v0.0.36-16-g7d7688a @Thu Dec 26 18:12:13 2024
% start-coordinates: (-0.00466667,-0.000166667,-0.0010162) m -> [20,6,19]
% stop-coordinates: (0.004,0.0005,-0.0010162) m -> [42,10,19]
% t/s	current
3.8392394419e-15	0
1.04170083777e-10	2.89456920655e-06
2.08336328315e-10	2.79876894638e-06
3.12502572852e-10	1.22303561056e-06
4.1666881739e-10	-5.53910149392e-06
5.20835061927e-10	-2.09941044886e-05
6.25001306465e-10	-4.75177330372e-05
7.29167551002e-10	-8.08532058727e-05
8.3333379554e-10	-0.000106182385935
9.37500040078e-10	-9.30666647037e-05
1.04166628462e-09	6.21611377483e-07
1.14583252915e-09	0.000216218119022
1.24999877369e-09	0.000564387650229
1.35416501823e-09	0.000988454557955
1.45833126277e-09	0.00133598374669
1.5624975073e-09	0.00136480259243
1.66666375184e-09	0.000807053351309
1.77082999638e-09	-0.000508350029122
1.87499624092e-09	-0.00250757113099
1.97916248545e-09	-0.0047679268755
2.08332872999e-09	-0.00653879158199
2.18749497453e-09	-0.00693383160979
2.29166121907e-09	-0.00526882521808
2.3958274636e-09	-0.00142489967402
2.49999370814e-09	0.00393172120675
2.60415995268e-09	0.00942173227668
2.70832619722e-09	0.0133499046788
2.81249244175e-09	0.01430622302
2.91665868629e-09	0.0117310192436
3.02082493083e-09	0.00618702219799
3.12499117537e-09	-0.000801033223979
3.2291574199e-09	-0.00728701753542
3.33332366444e-09	-0.0115949427709
3.43748990898e-09	-0.0128661766648
3.54165615352e-09	-0.0112454211339
3.64582239805e-09	-0.00766739668325
3.74998864259e-09	-0.00338994944468
3.85415488713e-09	0.000488405290525
3.95832113167e-09	0.00332013750449
4.0624873762e-09	0.00493535352871
4.16665362074e-09	0.00547053897753
4.27081986528e-09	0.00514867110178
4.37498610982e-09	0.00414540059865
4.47915235435e-09	0.0025897542946
4.58331859889e-09	0.000654190720525
4.68748484343e-09	-0.00136291375384
4.79165108797e-09	-0.00304280384444
4.89581733251e-09	-0.00395649764687
4.99998357704e-09	-0.0038286363706
5.10414982158e-09	-0.00266990740784
5.20831606612e-09	-0.000806647178251
5.31248231066e-09	0.00121237174608
5.41664855519e-09	0.00279708439484
5.52081479973e-09	0.00351152964868
5.62498104427e-09	0.0032097636722
5.72914728881e-09	0.00206590536982
5.83331353334e-09	0.000498078064993
5.93747977788e-09	-0.000984517508186
6.04164602242e-09	-0.00194334390108
6.14581226696e-09	-0.00213992735371
6.24997851149e-09	-0.0015929909423
6.35414475603e-09	-0.000553835649043
6.45831100057e-09	0.000586553069297
6.56247724511e-09	0.00142481690273
6.66664348964e-09	0.00167328910902
6.77080973418e-09	0.00124843593221
6.87497597872e-09	0.000294262397802
6.97914222326e-09	-0.000868112139869
7.08330846779e-09	-0.00184954295401
7.18747471233e-09	-0.00232386775315
7.29164095687e-09	-0.00213554850779
7.39580720141e-09	-0.00134614191484
7.49997344594e-09	-0.000204888972803
7.60413969048e-09	0.000941896578297
7.70830593502e-09	0.00176777236629
7.81247217956e-09	0.00206709909253
7.91663842409e-09	0.00180854229257
8.02080466863e-09	0.00112937693484
8.12497091317e-09	0.000278762890957
8.22913715771e-09	-0.000466880243039
8.33330340225e-09	-0.000889818533324
8.43746964678e-09	-0.000893069605809
8.54163589132e-09	-0.00052357109962
8.64580213586e-09	5.01617469126e-05
8.7499683804e-09	0.00059703894658
8.85413462493e-09	0.000902117695659
8.95830086947e-09	0.000838425126858
9.06246711401e-09	0.000408886611694
9.16663335855e-09	-0.000256668281509
9.27079960308e-09	-0.000947657739744
9.37496584762e-09	-0.00144514802378
9.47913209216e-09	-0.00159406627063
9.5832983367e-09	-0.00135083298665
9.68746458123e-09	-0.000791299447883
9.79163082577e-09	-8.00188281573e-05
9.89579707031e-09	0.00058581266785
9.99996331485e-09	0.00103794119786
1.01041295594e-08	0.00118433544412
1.02082958039e-08	0.00102990749292
1.03124620485e-08	0.000666868290864
1.0416628293e-08	0.00023981060076
1.05207945375e-08	-0.000102845107904
1.06249607821e-08	-0.000255964027019
1.07291270266e-08	-0.000189350408618
1.08332932711e-08	4.58872236777e-05
1.09374595157e-08	0.000338051409926
1.10416257602e-08	0.000555557955522
1.11457920048e-08	0.000593403121457
1.12499582493e-08	0.000409557600506
1.13541244938e-08	3.86154097214e-05
1.14582907384e-08	-0.000420937343733
1.15624569829e-08	-0.000840311986394
1.16666232274e-08	-0.00110230559949
1.1770789472e-08	-0.00113707419951
1.18749557165e-08	-0.000940848549362
1.19791219611e-08	-0.000573149125557
1.20832882056e-08	-0.00013531667355
1.21874544501e-08	0.000261673645582
1.22916206947e-08	0.000529829820152
1.23957869392e-08	0.000627684290521
1.24999531837e-08	0.000568183604628
1.26041194283e-08	0.00040998775512
1.27082856728e-08	0.00023456949566
1.28124519174e-08	0.000117504889204
1.29166181619e-08	0.000102948113636
1.30207844064e-08	0.000189790283912
1.3124950651e-08	0.000334024167387
1.32291168955e-08	0.000466004828922
1.333328314e-08	0.000516019586939
1.34374493846e-08	0.000439214083599
1.35416156291e-08	0.000231288635405
1.36457818737e-08	-6.99956945027e-05
1.37499481182e-08	-0.00039682854549
1.38541143627e-08	-0.000672371243127
1.39582806073e-08	-0.000833546742797
1.40624468518e-08	-0.000848315889016
1.41666130963e-08	-0.000723008241039
1.42707793409e-08	-0.000498013861943
1.43749455854e-08	-0.000233983213548
1.447911183e-08	6.81370147504e-06
1.45832780745e-08	0.000178571557626
1.4687444319e-08	0.000263422320131
1.47916105636e-08	0.000273624726105
1.48957768081e-08	0.000243753238465
1.49999430526e-08	0.000215864914935
1.51041092972e-08	0.000223457347602
1.52082755417e-08	0.000278880237602
1.53124417863e-08	0.000369361543562
1.54166080308e-08	0.000461813993752
1.55207742753e-08	0.000515112886205
1.56249405199e-08	0.000494609295856
1.57291067644e-08	0.000384357466828
1.5833273009e-08	0.000193062951439
1.59374392535e-08	-4.79170012113e-05
1.6041605498e-08	-0.00029318939778
1.61457717426e-08	-0.000495910993777
1.62499379871e-08	-0.000620264792815
1.63541042316e-08	-0.000650204718113
1.64582704762e-08	-0.000592082098592
1.65624367207e-08	-0.000471006962471
1.66666029653e-08	-0.000321757106576
1.67707692098e-08	-0.000177923968295
1.68749354543e-08	-6.22875159024e-05
1.69791016989e-08	1.82567200682e-05
1.70832679434e-08	7.20594543964e-05
1.71874341879e-08	0.000116772884212
1.72916004325e-08	0.000170625615283
1.7395766677e-08	0.000244051145273
1.74999329216e-08	0.000334707467118
1.76040991661e-08	0.000427344231866
1.77082654106e-08	0.000498403678648
1.78124316552e-08	0.0005235952558
1.79165978997e-08	0.00048593225074
1.80207641442e-08	0.000381476857001
1.81249303888e-08	0.000221404086915
1.82290966333e-08	2.95012523566e-05
1.83332628779e-08	-0.000163680073456
1.84374291224e-08	-0.000328356167302
1.85415953669e-08	-0.000442640070105
1.86457616115e-08	-0.000496935448609
1.8749927856e-08	-0.000494651903864
1.88540941005e-08	-0.000449296523584
1.89582603451e-08	-0.000378829077817
1.90624265896e-08	-0.000299704668578
1.91665928342e-08	-0.000222152259084
1.92707590787e-08	-0.000148394203279
1.93749253232e-08	-7.42029078538e-05
1.94790915678e-08	7.40164841773e-06
1.95832578123e-08	0.000101371282653
1.96874240568e-08	0.000206802287721
1.97915903014e-08	0.000315434415825
1.98957565459e-08	0.000412761524785
1.99999227905e-08	0.000481481984025
2.0104089035e-08	0.00050623388961
2.02082552795e-08	0.000477968482301
2.03124215241e-08	0.000396791903768
2.04165877686e-08	0.000272367295111
2.05207540131e-08	0.000121870412841
2.06249202577e-08	-3.40450969816e-05
2.07290865022e-08	-0.000175713721546
2.08332527468e-08	-0.00028859244776
2.09374189913e-08	-0.00036528223427
2.10415852358e-08	-0.00040569374687
2.11457514804e-08	-0.000414881244069
2.12499177249e-08	-0.000400044431444
2.13540839694e-08	-0.000367485365132
2.1458250214e-08	-0.0003206715337
2.15624164585e-08	-0.000259865628323
2.16665827031e-08	-0.000183535390534
2.17707489476e-08	-9.04708358576e-05
2.18749151921e-08	1.77807669388e-05
2.19790814367e-08	0.000135452326504
2.20832476812e-08	0.000252385332715
2.21874139257e-08	0.000355433119694
2.22915801703e-08	0.000431100372225
2.23957464148e-08	0.000468269630801
2.24999126594e-08	0.000461012095911
2.26040789039e-08	0.000409844971728
2.27082451484e-08	0.000321587198414
2.2812411393e-08	0.000207869306905
2.29165776375e-08	8.25053430162e-05
2.3020743882e-08	-4.11786131735e-05
2.31249101266e-08	-0.000152610009536
2.32290763711e-08	-0.000244953436777
2.33332426157e-08	-0.000315079494612
2.34374088602e-08	-0.000362406455679
2.35415751047e-08	-0.000387497100746
2.36457413493e-08	-0.000390748202335
2.37499075938e-08	-0.000371727859601
2.38540738383e-08	-0.000329549249727
2.39582400829e-08	-0.000263746158453
2.40624063274e-08	-0.000175550128915
2.4166572572e-08	-6.90681990818e-05
2.42707388165e-08	4.83883741254e-05
2.4374905061e-08	0.000166642072145
2.44790713056e-08	0.000273988727713
2.45832375501e-08	0.000359044031939
2.46874037946e-08	0.000412746128859
2.47915700392e-08	0.000429872918176
2.48957362837e-08	0.000409811473219
2.49999025283e-08	0.000356247677701
2.51040687728e-08	0.000276296661468
2.52082350173e-08	0.000178828981007
2.53124012619e-08	7.29450766812e-05
2.54165675064e-08	-3.31122901116e-05
2.55207337509e-08	-0.000132744098664
2.56248999955e-08	-0.000220826317673
2.572906624e-08	-0.00029336620355
2.58332324846e-08	-0.000346992688719
2.59373987291e-08	-0.000378577096853
2.60415649736e-08	-0.000385345541872
2.61457312182e-08	-0.00036522600567
2.62498974627e-08	-0.000317667407217
2.63540637072e-08	-0.000244374998147
2.64582299518e-08	-0.000149764120579
2.65623961963e-08	-4.09956701333e-05
2.66665624409e-08	7.26543294149e-05
2.67707286854e-08	0.000180884147994
2.68748949299e-08	0.00027374306228
2.69790611745e-08	0.00034303998109
2.7083227419e-08	0.000383251608582
2.71873936635e-08	0.000392123678466
2.72915599081e-08	0.00037051201798
2.73957261526e-08	0.000321852887282
2.74998923972e-08	0.000251337856753
2.76040586417e-08	0.000165042773006
2.77082248862e-08	6.93796755513e-05
2.78123911308e-08	-2.94165911328e-05
2.79165573753e-08	-0.000125349732116
2.80207236198e-08	-0.000212605911656
2.81248898644e-08	-0.000285676796921
2.82290561089e-08	-0.000339375983458
2.83332223535e-08	-0.000369237444829
2.8437388598e-08	-0.000372097769286
2.85415548425e-08	-0.000346613727743
2.86457210871e-08	-0.000293849676382
2.87498873316e-08	-0.000217377601075
2.88540535761e-08	-0.000123273726786
2.89582198207e-08	-1.94154672499e-05
2.90623860652e-08	8.53306264617e-05
2.91665523098e-08	0.000182172501809
2.92707185543e-08	0.00026326495572
2.93748847988e-08	0.000322587351548
2.94790510434e-08	0.000356343836756
2.95832172879e-08	0.000362943916116
2.96873835324e-08	0.00034301582491
2.9791549777e-08	0.000298820057651
2.98957160215e-08	0.000234075181652
2.99998822661e-08	0.000153452143422
3.01040485106e-08	6.24410895398e-05
3.02082147551e-08	-3.29321992467e-05
3.03123809997e-08	-0.000126231694594
3.04165472442e-08	-0.000210905287531
3.05207134887e-08	-0.000280673295492
3.06248797333e-08	-0.000329976901412
3.07290459778e-08	-0.000354568328476
3.08332122224e-08	-0.000352061295416
3.09373784669e-08	-0.000322284729918
3.10415447114e-08	-0.000267463299679
3.1145710956e-08	-0.000192047096789
3.12498772005e-08	-0.000102291480289
3.1354043445e-08	-5.57859721084e-06
3.14582096896e-08	9.03562176973e-05
3.15623759341e-08	0.000178086847882
3.16665421787e-08	0.000251184159424
3.17707084232e-08	0.000304632005282
3.18748746677e-08	0.000335042685037
3.19790409123e-08	0.000340746162692
3.20832071568e-08	0.000321785162669
3.21873734013e-08	0.000279731990304
3.22915396459e-08	0.000217662629439
3.23957058904e-08	0.000139857365866
3.2499872135e-08	5.1802413509e-05
3.26040383795e-08	-4.02732403018e-05
3.2708204624e-08	-0.000129625128466
3.28123708686e-08	-0.000209501493373
3.29165371131e-08	-0.000273691955954
3.30207033576e-08	-0.000317105819704
3.31248696022e-08	-0.000336219120072
3.32290358467e-08	-0.000329551054165
3.33332020913e-08	-0.000297703663819
3.34373683358e-08	-0.000243374946876
3.35415345803e-08	-0.000171030973434
3.36457008249e-08	-8.65090769366e-05
3.37498670694e-08	3.56156124326e-06
3.3854033314e-08	9.23772604438e-05
3.39581995585e-08	0.000173384207301
3.4062365803e-08	0.000240827401285
3.41665320476e-08	0.000290037773084
3.42706982921e-08	0.00031767191831
3.43748645366e-08	0.000321949279169
3.44790307812e-08	0.000302609667415
3.45831970257e-08	0.00026108007296
3.46873632703e-08	0.000200323076569
3.47915295148e-08	0.000124714555568
3.48956957593e-08	3.98064039473e-05
3.49998620039e-08	-4.80686794617e-05
3.51040282484e-08	-0.000132220156956
3.52081944929e-08	-0.000206228069146
3.53123607375e-08	-0.000264377013082
3.5416526982e-08	-0.000302238826407
3.55206932266e-08	-0.000316984805977
3.56248594711e-08	-0.000307685899315
3.57290257156e-08	-0.000275275495369
3.58331919602e-08	-0.000222475864575
3.59373582047e-08	-0.00015352696937
3.60415244492e-08	-7.37560039852e-05
3.61456906938e-08	1.08167978397e-05
3.62498569383e-08	9.39396413742e-05
3.63540231829e-08	0.000169553997694
3.64581894274e-08	0.000232227932429
3.65623556719e-08	0.000277483777609
3.66665219165e-08	0.000302063766867
3.6770688161e-08	0.000304218818201
3.68748544055e-08	0.000283782894257
3.69790206501e-08	0.000242244699621
3.70831868946e-08	0.000182688279892
3.71873531392e-08	0.000109561005956
3.72915193837e-08	2.84095240204e-05
