% time-domain voltage integration by openEMS v0.0.36-16-g7d7688a @Mon Jan  6 18:30:18 2025
% start-coordinates: (0.000603382,0.000200316,2.2079e-05) m -> [42,68,23]
% stop-coordinates: (0.000603382,0.00216797,2.2079e-05) m -> [42,74,23]
% t/s	voltage
0	-0
1.06987049672e-10	2.08317363359e-07
2.13974099344e-10	2.74720415305e-07
3.20961149015e-10	2.31187401667e-07
4.27948198687e-10	-4.86241304998e-08
5.34935248359e-10	-5.79137083179e-07
6.41922298031e-10	-1.28169769198e-06
7.48909347703e-10	-1.85586389989e-06
8.55896397374e-10	-1.78569629838e-06
9.62883447046e-10	-5.19136307275e-07
1.06987049672e-09	2.21758190833e-06
1.17685754639e-09	6.00641766368e-06
1.28384459606e-09	9.42639127288e-06
1.39083164573e-09	1.01475388874e-05
1.49781869541e-09	5.66631564425e-06
1.60480574508e-09	-5.30707060875e-06
1.71179279475e-09	-2.12400119608e-05
1.81877984442e-09	-3.67454376828e-05
1.92576689409e-09	-4.31869571003e-05
2.03275394376e-09	-3.15178901928e-05
2.13974099344e-09	2.95612267109e-06
2.24672804311e-09	5.55638025617e-05
2.35371509278e-09	0.000109729402539
2.46070214245e-09	0.00013960522665
2.56768919212e-09	0.000118966173432
2.6746762418e-09	3.4411168599e-05
2.78166329147e-09	-0.000102285333014
2.88865034114e-09	-0.000249626424193
2.99563739081e-09	-0.000345087357346
3.10262444048e-09	-0.000327514915625
3.20961149015e-09	-0.000166607802385
3.31659853983e-09	0.000113040937322
3.4235855895e-09	0.000426969294494
3.53057263917e-09	0.000652833292406
3.63755968884e-09	0.000675806579238
3.74454673851e-09	0.000441330146714
3.85153378819e-09	-8.18748958409e-06
3.95852083786e-09	-0.000533208632987
4.06550788753e-09	-0.000940250749409
4.1724949372e-09	-0.00105571274617
4.27948198687e-09	-0.000801220616268
4.38646903654e-09	-0.000236761887209
4.49345608622e-09	0.00045113775559
4.60044313589e-09	0.00101589063706
4.70743018556e-09	0.00124679149303
4.81441723523e-09	0.00105432025157
4.9214042849e-09	0.000507654549438
5.02839133458e-09	-0.000192565586985
5.13537838425e-09	-0.000794768959167
5.24236543392e-09	-0.0010954894824
5.34935248359e-09	-0.00101476838609
5.45633953326e-09	-0.000617601712293
5.56332658293e-09	-7.60394214012e-05
5.67031363261e-09	0.000407573272241
5.77730068228e-09	0.000680733261106
5.88428773195e-09	0.000690887238306
5.99127478162e-09	0.000488705336466
6.09826183129e-09	0.000189894417417
6.20524888097e-09	-8.20596169433e-05
6.31223593064e-09	-0.000245075920247
6.41922298031e-09	-0.000280400925476
6.52621002998e-09	-0.000223338811338
6.63319707965e-09	-0.000133270032165
6.74018412932e-09	-6.06266908108e-05
6.847171179e-09	-2.63554693447e-05
6.95415822867e-09	-2.06055065064e-05
7.06114527834e-09	-1.71289739228e-05
7.16813232801e-09	6.80449920765e-06
7.27511937768e-09	5.59065701964e-05
7.38210642736e-09	0.000114231360385
7.48909347703e-09	0.000154142708197
7.5960805267e-09	0.00015116844861
7.70306757637e-09	9.7008690318e-05
7.81005462604e-09	4.70603231406e-06
7.91704167571e-09	-9.58719706432e-05
8.02402872539e-09	-0.000169742657818
8.13101577506e-09	-0.000190452365132
8.23800282473e-09	-0.000150089173076
8.3449898744e-09	-6.20213154434e-05
8.45197692407e-09	4.42280393145e-05
8.55896397374e-09	0.000133637299768
8.66595102342e-09	0.000177764042746
8.77293807309e-09	0.000163992299349
8.87992512276e-09	9.9006484561e-05
8.98691217243e-09	5.71001459093e-06
9.0938992221e-09	-8.49821358315e-05
9.20088627178e-09	-0.000144482117321
9.30787332145e-09	-0.000155542119501
9.41486037112e-09	-0.000117140444672
9.52184742079e-09	-4.39370155618e-05
9.62883447046e-09	3.92695949358e-05
9.73582152013e-09	0.000105721432192
9.84280856981e-09	0.00013541349108
9.94979561948e-09	0.000121007376038
1.00567826692e-08	6.94143163855e-05
1.01637697188e-08	-1.15998729378e-06
1.02707567685e-08	-6.75448254697e-05
1.03777438182e-08	-0.000109134208287
1.04847308678e-08	-0.000114214627501
1.05917179175e-08	-8.31746747281e-05
1.06987049672e-08	-2.77128335711e-05
1.08056920169e-08	3.34407714035e-05
1.09126790665e-08	8.078642486e-05
1.10196661162e-08	0.000100215588645
1.11266531659e-08	8.71432162057e-05
1.12336402155e-08	4.74322946502e-05
1.13406272652e-08	-5.01311049561e-06
1.14476143149e-08	-5.30438669557e-05
1.15546013646e-08	-8.18261100903e-05
1.16615884142e-08	-8.33695339679e-05
1.17685754639e-08	-5.86654618928e-05
1.18755625136e-08	-1.68888266217e-05
1.19825495632e-08	2.79243604382e-05
1.20895366129e-08	6.15458907305e-05
1.21965236626e-08	7.40318646422e-05
1.23035107123e-08	6.26078053756e-05
1.24104977619e-08	3.21552327023e-05
1.25174848116e-08	-6.73893100611e-06
1.26244718613e-08	-4.14107419147e-05
1.27314589109e-08	-6.12083194937e-05
1.28384459606e-08	-6.07245115134e-05
1.29454330103e-08	-4.12100646372e-05
1.305242006e-08	-9.82046020681e-06
1.31594071096e-08	2.29506040341e-05
1.32663941593e-08	4.67438080705e-05
1.3373381209e-08	5.45786188013e-05
1.34803682586e-08	4.48607950148e-05
1.35873553083e-08	2.15909573171e-05
1.3694342358e-08	-7.19405085192e-06
1.38013294077e-08	-3.21618779253e-05
1.39083164573e-08	-4.56834989109e-05
1.4015303507e-08	-4.41360380137e-05
1.41222905567e-08	-2.88212186206e-05
1.42292776064e-08	-5.2917361586e-06
1.4336264656e-08	1.86239673212e-05
1.44432517057e-08	3.5399076296e-05
1.45502387554e-08	4.01563468131e-05
1.4657225805e-08	3.20537703828e-05
1.47642128547e-08	1.43309088116e-05
1.48711999044e-08	-6.92910214184e-06
1.49781869541e-08	-2.4862961709e-05
1.50851740037e-08	-3.40222675277e-05
1.51921610534e-08	-3.20085277963e-05
1.52991481031e-08	-2.00586939627e-05
1.54061351527e-08	-2.4614601557e-06
1.55131222024e-08	1.49549265416e-05
1.56201092521e-08	2.67343223186e-05
1.57270963018e-08	2.94858716643e-05
1.58340833514e-08	2.28346721087e-05
1.59410704011e-08	9.37795761047e-06
1.60480574508e-08	-6.2930211584e-06
1.61550445004e-08	-1.9139798269e-05
1.62620315501e-08	-2.52840854955e-05
1.63690185998e-08	-2.3160707542e-05
1.64760056495e-08	-1.38839978945e-05
1.65829926991e-08	-7.52688514183e-07
1.66899797488e-08	1.1903332279e-05
1.67969667985e-08	2.01383143121e-05
1.69039538481e-08	2.16071538262e-05
1.70109408978e-08	1.62154733516e-05
1.71179279475e-08	6.02723838483e-06
1.72249149972e-08	-5.50069017891e-06
1.73319020468e-08	-1.46775581698e-05
1.74388890965e-08	-1.87512260936e-05
1.75458761462e-08	-1.67193595644e-05
1.76528631958e-08	-9.55087904231e-06
1.77598502455e-08	2.26727307151e-07
1.78668372952e-08	9.40329698551e-06
1.79738243449e-08	1.51316859274e-05
1.80808113945e-08	1.58011795293e-05
1.81877984442e-08	1.14755474669e-05
1.82947854939e-08	3.78284318003e-06
1.84017725436e-08	-4.68011572252e-06
1.85087595932e-08	-1.12157510443e-05
1.86157466429e-08	-1.38778286782e-05
1.87227336926e-08	-1.20401098229e-05
1.88297207422e-08	-6.52355805641e-06
1.89367077919e-08	7.41254602588e-07
1.90436948416e-08	7.37987488719e-06
1.91506818913e-08	1.13429859425e-05
1.92576689409e-08	1.15315809808e-05
1.93646559906e-08	8.09104767541e-06
1.94716430403e-08	2.29774272498e-06
1.95786300899e-08	-3.90270028561e-06
1.96856171396e-08	-8.54242136938e-06
1.97926041893e-08	-1.02499500372e-05
1.9899591239e-08	-8.64832315983e-06
2.00065782886e-08	-4.41928051487e-06
2.01135653383e-08	9.67407281394e-07
2.0220552388e-08	5.7586855462e-06
2.03275394376e-08	8.48319376701e-06
2.04345264873e-08	8.39780284423e-06
2.0541513537e-08	5.68160953662e-06
2.06485005867e-08	1.32949249121e-06
2.07554876363e-08	-3.20394980236e-06
2.0862474686e-08	-6.48648125434e-06
2.09694617357e-08	-7.5553998613e-06
2.10764487853e-08	-6.19549950898e-06
2.1183435835e-08	-2.96484415685e-06
2.12904228847e-08	1.02112783651e-06
2.13974099344e-08	4.47082911137e-06
2.1504396984e-08	6.33042412801e-06
2.16113840337e-08	6.10265294654e-06
2.17183710834e-08	3.97202751401e-06
2.1825358133e-08	7.10408322391e-07
2.19323451827e-08	-2.59754715159e-06
2.20393322324e-08	-4.91106362688e-06
2.21463192821e-08	-5.55798055757e-06
2.22533063317e-08	-4.42572982706e-06
2.23602933814e-08	-1.96584505829e-06
2.24672804311e-08	9.77732568685e-07
2.25742674808e-08	3.45488564335e-06
2.26812545304e-08	4.71378473321e-06
2.27882415801e-08	4.42485421104e-06
2.28952286298e-08	2.76329019755e-06
2.30022156794e-08	3.24415477593e-07
2.31092027291e-08	-2.08420293291e-06
2.32161897788e-08	-3.70816252371e-06
2.33231768285e-08	-4.08048185818e-06
2.34301638781e-08	-3.15198624889e-06
2.35371509278e-08	-1.28473458716e-06
2.36441379775e-08	8.84642659571e-07
