0	-0.000107774
8.85467e-13	-0.000109815
1.77093e-12	-0.000111865
2.6564e-12	-0.000113925
3.54187e-12	-0.000115994
4.42734e-12	-0.000118072
5.3128e-12	-0.000120157
6.19827e-12	-0.00012225
7.08374e-12	-0.00012435
7.96921e-12	-0.000126456
8.85467e-12	-0.000128568
9.74014e-12	-0.000130685
1.06256e-11	-0.000132808
1.15111e-11	-0.000134934
1.23965e-11	-0.000137064
1.3282e-11	-0.000139196
1.41675e-11	-0.000141331
1.50529e-11	-0.000143467
1.59384e-11	-0.000145605
1.68239e-11	-0.000147742
1.77093e-11	-0.00014988
1.85948e-11	-0.000152016
1.94803e-11	-0.00015415
2.03658e-11	-0.000156281
2.12512e-11	-0.000158409
2.21367e-11	-0.000160533
2.30222e-11	-0.000162652
2.39076e-11	-0.000164765
2.47931e-11	-0.000166872
2.56786e-11	-0.000168971
2.6564e-11	-0.000171062
2.74495e-11	-0.000173144
2.8335e-11	-0.000175216
2.92204e-11	-0.000177278
3.01059e-11	-0.000179327
3.09914e-11	-0.000181364
3.18768e-11	-0.000183387
3.27623e-11	-0.000185395
3.36478e-11	-0.000187388
3.45332e-11	-0.000189364
3.54187e-11	-0.000191323
3.63042e-11	-0.000193263
3.71896e-11	-0.000195184
3.80751e-11	-0.000197084
3.89606e-11	-0.000198963
3.9846e-11	-0.000200818
4.07315e-11	-0.00020265
4.1617e-11	-0.000204457
4.25024e-11	-0.000206238
4.33879e-11	-0.000207991
4.42734e-11	-0.000209717
4.51588e-11	-0.000211412
4.60443e-11	-0.000213078
4.69298e-11	-0.000214711
4.78152e-11	-0.000216311
4.87007e-11	-0.000217877
4.95862e-11	-0.000219407
5.04716e-11	-0.000220901
5.13571e-11	-0.000222356
5.22426e-11	-0.000223772
5.3128e-11	-0.000225148
5.40135e-11	-0.000226481
5.4899e-11	-0.000227772
5.57844e-11	-0.000229017
5.66699e-11	-0.000230217
5.75554e-11	-0.00023137
5.84408e-11	-0.000232474
5.93263e-11	-0.000233528
6.02118e-11	-0.00023453
6.10973e-11	-0.00023548
6.19827e-11	-0.000236376
6.28682e-11	-0.000237215
6.37537e-11	-0.000237998
6.46391e-11	-0.000238722
6.55246e-11	-0.000239386
6.64101e-11	-0.000239989
6.72955e-11	-0.000240529
6.8181e-11	-0.000241004
6.90665e-11	-0.000241413
6.99519e-11	-0.000241755
7.08374e-11	-0.000242028
7.17229e-11	-0.00024223
7.26083e-11	-0.00024236
7.34938e-11	-0.000242416
7.43793e-11	-0.000242398
7.52647e-11	-0.000242302
7.61502e-11	-0.000242129
7.70357e-11	-0.000241875
7.79211e-11	-0.00024154
7.88066e-11	-0.000241122
7.96921e-11	-0.000240619
8.05775e-11	-0.00024003
8.1463e-11	-0.000239353
8.23485e-11	-0.000238587
8.32339e-11	-0.00023773
8.41194e-11	-0.00023678
8.50049e-11	-0.000235736
8.58903e-11	-0.000234595
8.67758e-11	-0.000233358
8.76613e-11	-0.000232021
8.85467e-11	-0.000230583
8.94322e-11	-0.000229043
9.03177e-11	-0.000227399
9.12031e-11	-0.000225649
9.20886e-11	-0.000223792
9.29741e-11	-0.000221826
9.38595e-11	-0.00021975
9.4745e-11	-0.000217561
9.56305e-11	-0.000215259
9.65159e-11	-0.000212841
9.74014e-11	-0.000210307
9.82869e-11	-0.000207654
9.91723e-11	-0.00020488
1.00058e-10	-0.000201986
1.00943e-10	-0.000198967
1.01829e-10	-0.000195824
1.02714e-10	-0.000192555
1.036e-10	-0.000189157
1.04485e-10	-0.00018563
1.05371e-10	-0.000181972
1.06256e-10	-0.000178181
1.07142e-10	-0.000174256
1.08027e-10	-0.000170196
1.08912e-10	-0.000165999
1.09798e-10	-0.000161663
1.10683e-10	-0.000157187
1.11569e-10	-0.00015257
1.12454e-10	-0.000147809
1.1334e-10	-0.000142905
1.14225e-10	-0.000137855
1.15111e-10	-0.000132658
1.15996e-10	-0.000127313
1.16882e-10	-0.000121818
1.17767e-10	-0.000116172
1.18653e-10	-0.000110373
1.19538e-10	-0.000104422
1.20424e-10	-9.83152e-05
1.21309e-10	-9.20527e-05
1.22195e-10	-8.56331e-05
1.2308e-10	-7.90552e-05
1.23965e-10	-7.23178e-05
1.24851e-10	-6.54199e-05
1.25736e-10	-5.83604e-05
1.26622e-10	-5.11382e-05
1.27507e-10	-4.37523e-05
1.28393e-10	-3.62018e-05
1.29278e-10	-2.84856e-05
1.30164e-10	-2.0603e-05
1.31049e-10	-1.25529e-05
1.31935e-10	-4.33461e-06
1.3282e-10	4.05276e-06
1.33706e-10	1.261e-05
1.34591e-10	2.13377e-05
1.35477e-10	3.02368e-05
1.36362e-10	3.93077e-05
1.37247e-10	4.85511e-05
1.38133e-10	5.79677e-05
1.39018e-10	6.75579e-05
1.39904e-10	7.73221e-05
1.40789e-10	8.72609e-05
1.41675e-10	9.73746e-05
1.4256e-10	0.000107664
1.43446e-10	0.000118128
1.44331e-10	0.000128769
1.45217e-10	0.000139585
1.46102e-10	0.000150577
1.46988e-10	0.000161746
1.47873e-10	0.000173091
1.48759e-10	0.000184612
1.49644e-10	0.00019631
1.50529e-10	0.000208183
1.51415e-10	0.000220233
1.523e-10	0.000232458
1.53186e-10	0.000244858
1.54071e-10	0.000257433
1.54957e-10	0.000270183
1.55842e-10	0.000283107
1.56728e-10	0.000296204
1.57613e-10	0.000309474
1.58499e-10	0.000322916
1.59384e-10	0.00033653
1.6027e-10	0.000350314
1.61155e-10	0.000364268
1.62041e-10	0.000378391
1.62926e-10	0.000392682
1.63811e-10	0.000407139
1.64697e-10	0.000421762
1.65582e-10	0.000436549
1.66468e-10	0.000451498
1.67353e-10	0.00046661
1.68239e-10	0.000481881
1.69124e-10	0.000497311
1.7001e-10	0.000512897
1.70895e-10	0.000528639
1.71781e-10	0.000544534
1.72666e-10	0.000560581
1.73552e-10	0.000576777
1.74437e-10	0.000593121
1.75323e-10	0.00060961
1.76208e-10	0.000626242
1.77093e-10	0.000643015
1.77979e-10	0.000659927
1.78864e-10	0.000676974
1.7975e-10	0.000694156
1.80635e-10	0.000711468
1.81521e-10	0.000728908
1.82406e-10	0.000746473
1.83292e-10	0.000764161
1.84177e-10	0.000781968
1.85063e-10	0.000799892
1.85948e-10	0.000817928
1.86834e-10	0.000836075
1.87719e-10	0.000854328
1.88605e-10	0.000872683
1.8949e-10	0.000891138
1.90375e-10	0.000909689
1.91261e-10	0.000928332
1.92146e-10	0.000947063
1.93032e-10	0.000965878
1.93917e-10	0.000984773
1.94803e-10	0.00100374
1.95688e-10	0.00102279
1.96574e-10	0.0010419
1.97459e-10	0.00106107
1.98345e-10	0.0010803
1.9923e-10	0.00109958
2.00116e-10	0.00111892
2.01001e-10	0.00113829
2.01887e-10	0.00115771
2.02772e-10	0.00117716
2.03658e-10	0.00119664
2.04543e-10	0.00121614
2.05428e-10	0.00123566
2.06314e-10	0.00125519
2.07199e-10	0.00127473
2.08085e-10	0.00129427
2.0897e-10	0.0013138
2.09856e-10	0.00133333
2.10741e-10	0.00135283
2.11627e-10	0.00137232
2.12512e-10	0.00139177
2.13398e-10	0.00141119
2.14283e-10	0.00143057
2.15169e-10	0.0014499
2.16054e-10	0.00146918
2.1694e-10	0.00148839
2.17825e-10	0.00150754
2.1871e-10	0.0015266
2.19596e-10	0.00154559
2.20481e-10	0.00156449
2.21367e-10	0.00158329
2.22252e-10	0.00160198
2.23138e-10	0.00162056
2.24023e-10	0.00163903
2.24909e-10	0.00165736
2.25794e-10	0.00167556
2.2668e-10	0.00169362
2.27565e-10	0.00171152
2.28451e-10	0.00172927
2.29336e-10	0.00174685
2.30222e-10	0.00176426
2.31107e-10	0.00178148
2.31992e-10	0.0017985
2.32878e-10	0.00181533
2.33763e-10	0.00183195
2.34649e-10	0.00184835
2.35534e-10	0.00186452
2.3642e-10	0.00188046
2.37305e-10	0.00189615
2.38191e-10	0.00191158
2.39076e-10	0.00192675
2.39962e-10	0.00194165
2.40847e-10	0.00195627
2.41733e-10	0.0019706
2.42618e-10	0.00198462
2.43504e-10	0.00199834
2.44389e-10	0.00201173
2.45274e-10	0.00202479
2.4616e-10	0.00203752
2.47045e-10	0.00204989
2.47931e-10	0.00206191
2.48816e-10	0.00207355
2.49702e-10	0.00208481
2.50587e-10	0.00209569
2.51473e-10	0.00210616
2.52358e-10	0.00211622
2.53244e-10	0.00212586
2.54129e-10	0.00213507
2.55015e-10	0.00214384
2.559e-10	0.00215216
2.56786e-10	0.00216001
2.57671e-10	0.00216739
2.58556e-10	0.00217428
2.59442e-10	0.00218068
2.60327e-10	0.00218657
2.61213e-10	0.00219195
2.62098e-10	0.0021968
2.62984e-10	0.00220111
2.63869e-10	0.00220487
2.64755e-10	0.00220807
2.6564e-10	0.0022107
2.66526e-10	0.00221275
2.67411e-10	0.0022142
2.68297e-10	0.00221505
2.69182e-10	0.00221529
2.70068e-10	0.0022149
2.70953e-10	0.00221387
2.71838e-10	0.0022122
2.72724e-10	0.00220986
2.73609e-10	0.00220686
2.74495e-10	0.00220317
2.7538e-10	0.00219879
2.76266e-10	0.00219371
2.77151e-10	0.00218792
2.78037e-10	0.0021814
2.78922e-10	0.00217414
2.79808e-10	0.00216614
2.80693e-10	0.00215738
2.81579e-10	0.00214785
2.82464e-10	0.00213754
2.8335e-10	0.00212644
2.84235e-10	0.00211454
2.85121e-10	0.00210183
2.86006e-10	0.0020883
2.86891e-10	0.00207394
2.87777e-10	0.00205873
2.88662e-10	0.00204267
2.89548e-10	0.00202574
2.90433e-10	0.00200795
2.91319e-10	0.00198926
2.92204e-10	0.00196969
2.9309e-10	0.00194921
2.93975e-10	0.00192782
2.94861e-10	0.0019055
2.95746e-10	0.00188225
2.96632e-10	0.00185806
2.97517e-10	0.00183291
2.98403e-10	0.00180681
2.99288e-10	0.00177973
3.00173e-10	0.00175168
3.01059e-10	0.00172263
3.01944e-10	0.00169259
3.0283e-10	0.00166154
3.03715e-10	0.00162948
3.04601e-10	0.00159639
3.05486e-10	0.00156228
3.06372e-10	0.00152712
3.07257e-10	0.00149092
3.08143e-10	0.00145366
3.09028e-10	0.00141534
3.09914e-10	0.00137595
3.10799e-10	0.00133549
3.11685e-10	0.00129394
3.1257e-10	0.0012513
3.13455e-10	0.00120756
3.14341e-10	0.00116272
3.15226e-10	0.00111678
3.16112e-10	0.00106971
3.16997e-10	0.00102153
3.17883e-10	0.000972221
3.18768e-10	0.00092178
3.19654e-10	0.000870203
3.20539e-10	0.000817486
3.21425e-10	0.000763623
3.2231e-10	0.00070861
3.23196e-10	0.000652445
3.24081e-10	0.000595122
3.24967e-10	0.000536639
3.25852e-10	0.000476992
3.26737e-10	0.00041618
3.27623e-10	0.000354198
3.28508e-10	0.000291046
3.29394e-10	0.000226721
3.30279e-10	0.000161221
3.31165e-10	9.45459e-05
3.3205e-10	2.6694e-05
3.32936e-10	-4.23352e-05
3.33821e-10	-0.000112542
3.34707e-10	-0.000183926
3.35592e-10	-0.000256488
3.36478e-10	-0.000330226
3.37363e-10	-0.000405139
3.38249e-10	-0.000481227
3.39134e-10	-0.000558486
3.40019e-10	-0.000636916
3.40905e-10	-0.000716513
3.4179e-10	-0.000797274
3.42676e-10	-0.000879197
3.43561e-10	-0.000962278
3.44447e-10	-0.00104651
3.45332e-10	-0.0011319
3.46218e-10	-0.00121842
3.47103e-10	-0.00130609
3.47989e-10	-0.00139489
3.48874e-10	-0.00148482
3.4976e-10	-0.00157586
3.50645e-10	-0.00166802
3.51531e-10	-0.00176129
3.52416e-10	-0.00185566
3.53301e-10	-0.00195111
3.54187e-10	-0.00204765
3.55072e-10	-0.00214526
3.55958e-10	-0.00224393
3.56843e-10	-0.00234365
3.57729e-10	-0.00244442
3.58614e-10	-0.00254622
3.595e-10	-0.00264903
3.60385e-10	-0.00275286
3.61271e-10	-0.00285768
3.62156e-10	-0.00296348
3.63042e-10	-0.00307025
3.63927e-10	-0.00317798
3.64813e-10	-0.00328664
3.65698e-10	-0.00339623
3.66584e-10	-0.00350673
3.67469e-10	-0.00361813
3.68354e-10	-0.0037304
3.6924e-10	-0.00384354
3.70125e-10	-0.00395752
3.71011e-10	-0.00407232
3.71896e-10	-0.00418793
3.72782e-10	-0.00430433
3.73667e-10	-0.0044215
3.74553e-10	-0.00453941
3.75438e-10	-0.00465806
3.76324e-10	-0.00477741
3.77209e-10	-0.00489744
3.78095e-10	-0.00501814
3.7898e-10	-0.00513948
3.79866e-10	-0.00526144
3.80751e-10	-0.00538399
3.81636e-10	-0.00550711
3.82522e-10	-0.00563077
3.83407e-10	-0.00575496
3.84293e-10	-0.00587963
3.85178e-10	-0.00600477
3.86064e-10	-0.00613035
3.86949e-10	-0.00625635
3.87835e-10	-0.00638272
3.8872e-10	-0.00650945
3.89606e-10	-0.00663651
3.90491e-10	-0.00676386
3.91377e-10	-0.00689148
3.92262e-10	-0.00701933
3.93148e-10	-0.00714739
3.94033e-10	-0.00727562
3.94918e-10	-0.00740398
3.95804e-10	-0.00753246
3.96689e-10	-0.007661
3.97575e-10	-0.00778958
3.9846e-10	-0.00791817
3.99346e-10	-0.00804672
4.00231e-10	-0.00817521
4.01117e-10	-0.00830359
4.02002e-10	-0.00843184
4.02888e-10	-0.0085599
4.03773e-10	-0.00868775
4.04659e-10	-0.00881534
4.05544e-10	-0.00894265
4.0643e-10	-0.00906962
4.07315e-10	-0.00919621
4.082e-10	-0.0093224
4.09086e-10	-0.00944813
4.09971e-10	-0.00957337
4.10857e-10	-0.00969807
4.11742e-10	-0.00982219
4.12628e-10	-0.00994569
4.13513e-10	-0.0100685
4.14399e-10	-0.0101907
4.15284e-10	-0.010312
4.1617e-10	-0.0104326
4.17055e-10	-0.0105523
4.17941e-10	-0.0106712
4.18826e-10	-0.0107891
4.19712e-10	-0.010906
4.20597e-10	-0.0110219
4.21482e-10	-0.0111367
4.22368e-10	-0.0112504
4.23253e-10	-0.011363
4.24139e-10	-0.0114743
4.25024e-10	-0.0115843
4.2591e-10	-0.011693
4.26795e-10	-0.0118004
4.27681e-10	-0.0119063
4.28566e-10	-0.0120108
4.29452e-10	-0.0121137
4.30337e-10	-0.0122151
4.31223e-10	-0.0123149
4.32108e-10	-0.012413
4.32994e-10	-0.0125093
4.33879e-10	-0.0126039
4.34764e-10	-0.0126967
4.3565e-10	-0.0127875
4.36535e-10	-0.0128765
4.37421e-10	-0.0129634
4.38306e-10	-0.0130483
4.39192e-10	-0.0131311
4.40077e-10	-0.0132118
4.40963e-10	-0.0132902
4.41848e-10	-0.0133664
4.42734e-10	-0.0134403
4.43619e-10	-0.0135118
4.44505e-10	-0.0135808
4.4539e-10	-0.0136474
4.46276e-10	-0.0137115
4.47161e-10	-0.013773
4.48047e-10	-0.0138318
4.48932e-10	-0.0138879
4.49817e-10	-0.0139413
4.50703e-10	-0.0139919
4.51588e-10	-0.0140396
4.52474e-10	-0.0140843
4.53359e-10	-0.0141261
4.54245e-10	-0.0141649
4.5513e-10	-0.0142006
4.56016e-10	-0.0142331
4.56901e-10	-0.0142624
4.57787e-10	-0.0142885
4.58672e-10	-0.0143112
4.59558e-10	-0.0143306
4.60443e-10	-0.0143466
4.61329e-10	-0.0143591
4.62214e-10	-0.014368
4.63099e-10	-0.0143734
4.63985e-10	-0.0143751
4.6487e-10	-0.0143732
4.65756e-10	-0.0143675
4.66641e-10	-0.0143579
4.67527e-10	-0.0143446
4.68412e-10	-0.0143273
4.69298e-10	-0.014306
4.70183e-10	-0.0142808
4.71069e-10	-0.0142515
4.71954e-10	-0.014218
4.7284e-10	-0.0141804
4.73725e-10	-0.0141386
4.74611e-10	-0.0140925
4.75496e-10	-0.014042
4.76381e-10	-0.0139872
4.77267e-10	-0.013928
4.78152e-10	-0.0138643
4.79038e-10	-0.0137961
4.79923e-10	-0.0137234
4.80809e-10	-0.013646
4.81694e-10	-0.0135639
4.8258e-10	-0.0134772
4.83465e-10	-0.0133857
4.84351e-10	-0.0132894
4.85236e-10	-0.0131883
4.86122e-10	-0.0130823
4.87007e-10	-0.0129714
4.87893e-10	-0.0128555
4.88778e-10	-0.0127346
4.89663e-10	-0.0126087
4.90549e-10	-0.0124777
4.91434e-10	-0.0123415
4.9232e-10	-0.0122002
4.93205e-10	-0.0120537
4.94091e-10	-0.011902
4.94976e-10	-0.011745
4.95862e-10	-0.0115827
4.96747e-10	-0.0114151
4.97633e-10	-0.0112421
4.98518e-10	-0.0110637
4.99404e-10	-0.0108799
5.00289e-10	-0.0106906
5.01175e-10	-0.0104959
5.0206e-10	-0.0102956
5.02945e-10	-0.0100898
5.03831e-10	-0.00987843
5.04716e-10	-0.00966149
5.05602e-10	-0.00943895
5.06487e-10	-0.00921078
5.07373e-10	-0.00897697
5.08258e-10	-0.00873749
5.09144e-10	-0.00849234
5.10029e-10	-0.00824148
5.10915e-10	-0.00798492
5.118e-10	-0.00772264
5.12686e-10	-0.00745462
5.13571e-10	-0.00718086
5.14457e-10	-0.00690135
5.15342e-10	-0.00661607
5.16227e-10	-0.00632503
5.17113e-10	-0.00602821
5.17998e-10	-0.00572562
5.18884e-10	-0.00541726
5.19769e-10	-0.00510312
5.20655e-10	-0.00478321
5.2154e-10	-0.00445752
5.22426e-10	-0.00412607
5.23311e-10	-0.00378887
5.24197e-10	-0.00344591
5.25082e-10	-0.00309721
5.25968e-10	-0.00274277
5.26853e-10	-0.00238263
5.27739e-10	-0.00201678
5.28624e-10	-0.00164524
5.2951e-10	-0.00126804
5.30395e-10	-0.000885187
5.3128e-10	-0.000496712
5.32166e-10	-0.000102635
5.33051e-10	0.000297019
5.33937e-10	0.000702221
5.34822e-10	0.00111294
5.35708e-10	0.00152915
5.36593e-10	0.00195082
5.37479e-10	0.00237791
5.38364e-10	0.00281038
5.3925e-10	0.00324819
5.40135e-10	0.00369132
5.41021e-10	0.0041397
5.41906e-10	0.0045933
5.42792e-10	0.00505207
5.43677e-10	0.00551597
5.44562e-10	0.00598494
5.45448e-10	0.00645893
5.46333e-10	0.00693788
5.47219e-10	0.00742174
5.48104e-10	0.00791045
5.4899e-10	0.00840395
5.49875e-10	0.00890218
5.50761e-10	0.00940506
5.51646e-10	0.00991255
5.52532e-10	0.0104246
5.53417e-10	0.010941
5.54303e-10	0.0114619
5.55188e-10	0.011987
5.56074e-10	0.0125164
5.56959e-10	0.0130499
5.57844e-10	0.0135875
5.5873e-10	0.0141291
5.59615e-10	0.0146745
5.60501e-10	0.0152238
5.61386e-10	0.0157768
5.62272e-10	0.0163334
5.63157e-10	0.0168936
5.64043e-10	0.0174572
5.64928e-10	0.0180241
5.65814e-10	0.0185942
5.66699e-10	0.0191675
5.67585e-10	0.0197438
5.6847e-10	0.020323
5.69356e-10	0.0209051
5.70241e-10	0.0214898
5.71126e-10	0.0220771
5.72012e-10	0.0226668
5.72897e-10	0.023259
5.73783e-10	0.0238533
5.74668e-10	0.0244497
5.75554e-10	0.0250481
5.76439e-10	0.0256484
5.77325e-10	0.0262504
5.7821e-10	0.026854
5.79096e-10	0.027459
5.79981e-10	0.0280654
5.80867e-10	0.0286729
5.81752e-10	0.0292815
5.82638e-10	0.029891
5.83523e-10	0.0305013
5.84408e-10	0.0311121
5.85294e-10	0.0317235
5.86179e-10	0.0323351
5.87065e-10	0.032947
5.8795e-10	0.0335588
5.88836e-10	0.0341705
5.89721e-10	0.0347819
5.90607e-10	0.0353929
5.91492e-10	0.0360032
5.92378e-10	0.0366127
5.93263e-10	0.0372214
5.94149e-10	0.0378288
5.95034e-10	0.0384351
5.9592e-10	0.0390398
5.96805e-10	0.039643
5.9769e-10	0.0402443
5.98576e-10	0.0408437
5.99461e-10	0.041441
6.00347e-10	0.0420359
6.01232e-10	0.0426283
6.02118e-10	0.043218
6.03003e-10	0.0438049
6.03889e-10	0.0443887
6.04774e-10	0.0449693
6.0566e-10	0.0455464
6.06545e-10	0.0461199
6.07431e-10	0.0466897
6.08316e-10	0.0472554
6.09202e-10	0.047817
6.10087e-10	0.0483741
6.10973e-10	0.0489267
6.11858e-10	0.0494746
6.12743e-10	0.0500174
6.13629e-10	0.0505551
6.14514e-10	0.0510874
6.154e-10	0.0516142
6.16285e-10	0.0521352
6.17171e-10	0.0526502
6.18056e-10	0.053159
6.18942e-10	0.0536615
6.19827e-10	0.0541573
6.20713e-10	0.0546464
6.21598e-10	0.0551285
6.22484e-10	0.0556034
6.23369e-10	0.0560709
6.24255e-10	0.0565307
6.2514e-10	0.0569828
6.26025e-10	0.0574267
6.26911e-10	0.0578625
6.27796e-10	0.0582898
6.28682e-10	0.0587084
6.29567e-10	0.0591181
6.30453e-10	0.0595188
6.31338e-10	0.0599101
6.32224e-10	0.060292
6.33109e-10	0.0606641
6.33995e-10	0.0610263
6.3488e-10	0.0613783
6.35766e-10	0.06172
6.36651e-10	0.0620511
6.37537e-10	0.0623715
6.38422e-10	0.0626809
6.39307e-10	0.062979
6.40193e-10	0.0632658
6.41078e-10	0.063541
6.41964e-10	0.0638043
6.42849e-10	0.0640556
6.43735e-10	0.0642947
6.4462e-10	0.0645213
6.45506e-10	0.0647353
6.46391e-10	0.0649365
6.47277e-10	0.0651246
6.48162e-10	0.0652994
6.49048e-10	0.0654608
6.49933e-10	0.0656085
6.50819e-10	0.0657424
6.51704e-10	0.0658622
6.52589e-10	0.0659678
6.53475e-10	0.0660589
6.5436e-10	0.0661354
6.55246e-10	0.066197
6.56131e-10	0.0662437
6.57017e-10	0.0662751
6.57902e-10	0.0662911
6.58788e-10	0.0662916
6.59673e-10	0.0662762
6.60559e-10	0.066245
6.61444e-10	0.0661976
6.6233e-10	0.0661339
6.63215e-10	0.0660537
6.64101e-10	0.0659569
6.64986e-10	0.0658433
6.65871e-10	0.0657127
6.66757e-10	0.0655649
6.67642e-10	0.0653999
6.68528e-10	0.0652173
6.69413e-10	0.0650171
6.70299e-10	0.0647992
6.71184e-10	0.0645632
6.7207e-10	0.0643092
6.72955e-10	0.064037
6.73841e-10	0.0637464
6.74726e-10	0.0634373
6.75612e-10	0.0631095
6.76497e-10	0.0627629
6.77383e-10	0.0623974
6.78268e-10	0.0620129
6.79154e-10	0.0616092
6.80039e-10	0.0611862
6.80924e-10	0.0607438
6.8181e-10	0.0602819
6.82695e-10	0.0598003
6.83581e-10	0.0592991
6.84466e-10	0.058778
6.85352e-10	0.0582369
6.86237e-10	0.0576759
6.87123e-10	0.0570947
6.88008e-10	0.0564933
6.88894e-10	0.0558717
6.89779e-10	0.0552297
6.90665e-10	0.0545672
6.9155e-10	0.0538843
6.92436e-10	0.0531808
6.93321e-10	0.0524567
6.94206e-10	0.051712
6.95092e-10	0.0509465
6.95977e-10	0.0501602
6.96863e-10	0.0493532
6.97748e-10	0.0485253
6.98634e-10	0.0476765
6.99519e-10	0.0468068
7.00405e-10	0.0459163
7.0129e-10	0.0450047
7.02176e-10	0.0440723
7.03061e-10	0.0431189
7.03947e-10	0.0421446
7.04832e-10	0.0411493
7.05718e-10	0.0401331
7.06603e-10	0.039096
7.07488e-10	0.038038
7.08374e-10	0.0369591
7.09259e-10	0.0358595
7.10145e-10	0.034739
7.1103e-10	0.0335978
7.11916e-10	0.0324359
7.12801e-10	0.0312533
7.13687e-10	0.0300502
7.14572e-10	0.0288266
7.15458e-10	0.0275826
7.16343e-10	0.0263182
7.17229e-10	0.0250335
7.18114e-10	0.0237287
7.19e-10	0.0224038
7.19885e-10	0.0210589
7.2077e-10	0.0196941
7.21656e-10	0.0183097
7.22541e-10	0.0169055
7.23427e-10	0.0154819
7.24312e-10	0.014039
7.25198e-10	0.0125768
7.26083e-10	0.0110956
7.26969e-10	0.00959539
7.27854e-10	0.00807647
7.2874e-10	0.00653897
7.29625e-10	0.00498305
7.30511e-10	0.0034089
7.31396e-10	0.0018167
7.32282e-10	0.000206639
7.33167e-10	-0.00142107
7.34052e-10	-0.00306624
7.34938e-10	-0.00472864
7.35823e-10	-0.00640806
7.36709e-10	-0.00810428
7.37594e-10	-0.00981706
7.3848e-10	-0.0115462
7.39365e-10	-0.0132913
7.40251e-10	-0.0150524
7.41136e-10	-0.0168289
7.42022e-10	-0.0186208
7.42907e-10	-0.0204277
7.43793e-10	-0.0222494
7.44678e-10	-0.0240856
7.45564e-10	-0.0259359
7.46449e-10	-0.0278001
7.47334e-10	-0.0296779
7.4822e-10	-0.031569
7.49105e-10	-0.033473
7.49991e-10	-0.0353896
7.50876e-10	-0.0373186
7.51762e-10	-0.0392595
7.52647e-10	-0.041212
7.53533e-10	-0.0431759
7.54418e-10	-0.0451506
7.55304e-10	-0.0471359
7.56189e-10	-0.0491314
7.57075e-10	-0.0511367
7.5796e-10	-0.0531514
7.58846e-10	-0.0551752
7.59731e-10	-0.0572077
7.60617e-10	-0.0592484
7.61502e-10	-0.0612969
7.62387e-10	-0.063353
7.63273e-10	-0.065416
7.64158e-10	-0.0674857
7.65044e-10	-0.0695615
7.65929e-10	-0.0716431
7.66815e-10	-0.07373
7.677e-10	-0.0758217
7.68586e-10	-0.0779179
7.69471e-10	-0.080018
7.70357e-10	-0.0821217
7.71242e-10	-0.0842283
7.72128e-10	-0.0863375
7.73013e-10	-0.0884488
7.73899e-10	-0.0905617
7.74784e-10	-0.0926757
7.75669e-10	-0.0947903
7.76555e-10	-0.096905
7.7744e-10	-0.0990194
7.78326e-10	-0.101133
7.79211e-10	-0.103245
7.80097e-10	-0.105355
7.80982e-10	-0.107463
7.81868e-10	-0.109568
7.82753e-10	-0.111669
7.83639e-10	-0.113766
7.84524e-10	-0.115859
7.8541e-10	-0.117946
7.86295e-10	-0.120028
7.87181e-10	-0.122104
7.88066e-10	-0.124173
7.88951e-10	-0.126234
7.89837e-10	-0.128288
7.90722e-10	-0.130333
7.91608e-10	-0.13237
7.92493e-10	-0.134396
7.93379e-10	-0.136413
7.94264e-10	-0.138419
7.9515e-10	-0.140414
7.96035e-10	-0.142396
7.96921e-10	-0.144366
7.97806e-10	-0.146324
7.98692e-10	-0.148267
7.99577e-10	-0.150197
8.00463e-10	-0.152111
8.01348e-10	-0.15401
8.02233e-10	-0.155893
8.03119e-10	-0.15776
8.04004e-10	-0.159609
8.0489e-10	-0.16144
8.05775e-10	-0.163253
8.06661e-10	-0.165047
8.07546e-10	-0.166822
8.08432e-10	-0.168576
8.09317e-10	-0.170309
8.10203e-10	-0.172021
8.11088e-10	-0.173711
8.11974e-10	-0.175378
8.12859e-10	-0.177022
8.13745e-10	-0.178642
8.1463e-10	-0.180238
8.15515e-10	-0.181808
8.16401e-10	-0.183353
8.17286e-10	-0.184872
8.18172e-10	-0.186364
8.19057e-10	-0.187828
8.19943e-10	-0.189264
8.20828e-10	-0.190672
8.21714e-10	-0.19205
8.22599e-10	-0.193399
8.23485e-10	-0.194717
8.2437e-10	-0.196004
8.25256e-10	-0.197259
8.26141e-10	-0.198482
8.27027e-10	-0.199672
8.27912e-10	-0.200829
8.28797e-10	-0.201952
8.29683e-10	-0.203041
8.30568e-10	-0.204094
8.31454e-10	-0.205112
8.32339e-10	-0.206093
8.33225e-10	-0.207038
8.3411e-10	-0.207945
8.34996e-10	-0.208815
8.35881e-10	-0.209646
8.36767e-10	-0.210438
8.37652e-10	-0.21119
8.38538e-10	-0.211902
8.39423e-10	-0.212574
8.40309e-10	-0.213205
8.41194e-10	-0.213794
8.4208e-10	-0.214341
8.42965e-10	-0.214846
8.4385e-10	-0.215307
8.44736e-10	-0.215725
8.45621e-10	-0.216098
8.46507e-10	-0.216427
8.47392e-10	-0.216711
8.48278e-10	-0.21695
8.49163e-10	-0.217142
8.50049e-10	-0.217288
8.50934e-10	-0.217388
8.5182e-10	-0.217439
8.52705e-10	-0.217444
8.53591e-10	-0.2174
8.54476e-10	-0.217307
8.55362e-10	-0.217166
8.56247e-10	-0.216975
8.57132e-10	-0.216734
8.58018e-10	-0.216443
8.58903e-10	-0.216102
8.59789e-10	-0.21571
8.60674e-10	-0.215267
8.6156e-10	-0.214772
8.62445e-10	-0.214225
8.63331e-10	-0.213626
8.64216e-10	-0.212975
8.65102e-10	-0.212271
8.65987e-10	-0.211514
8.66873e-10	-0.210703
8.67758e-10	-0.209839
8.68644e-10	-0.208921
8.69529e-10	-0.207948
8.70414e-10	-0.206922
8.713e-10	-0.20584
8.72185e-10	-0.204704
8.73071e-10	-0.203513
8.73956e-10	-0.202267
8.74842e-10	-0.200965
8.75727e-10	-0.199608
8.76613e-10	-0.198195
8.77498e-10	-0.196727
8.78384e-10	-0.195202
8.79269e-10	-0.193621
8.80155e-10	-0.191984
8.8104e-10	-0.190291
8.81926e-10	-0.188541
8.82811e-10	-0.186735
8.83696e-10	-0.184873
8.84582e-10	-0.182954
8.85467e-10	-0.180978
8.86353e-10	-0.178946
8.87238e-10	-0.176857
8.88124e-10	-0.174712
8.89009e-10	-0.17251
8.89895e-10	-0.170252
8.9078e-10	-0.167938
8.91666e-10	-0.165567
8.92551e-10	-0.16314
8.93437e-10	-0.160656
8.94322e-10	-0.158117
8.95208e-10	-0.155522
8.96093e-10	-0.152871
8.96978e-10	-0.150165
8.97864e-10	-0.147403
8.98749e-10	-0.144585
8.99635e-10	-0.141713
9.0052e-10	-0.138786
9.01406e-10	-0.135804
9.02291e-10	-0.132768
9.03177e-10	-0.129678
9.04062e-10	-0.126534
9.04948e-10	-0.123337
9.05833e-10	-0.120087
9.06719e-10	-0.116783
9.07604e-10	-0.113427
9.0849e-10	-0.110019
9.09375e-10	-0.106559
9.1026e-10	-0.103048
9.11146e-10	-0.0994852
9.12031e-10	-0.0958722
9.12917e-10	-0.0922089
9.13802e-10	-0.088496
9.14688e-10	-0.0847337
9.15573e-10	-0.0809227
9.16459e-10	-0.0770633
9.17344e-10	-0.0731562
9.1823e-10	-0.0692017
9.19115e-10	-0.0652005
9.20001e-10	-0.0611532
9.20886e-10	-0.0570602
9.21772e-10	-0.0529221
9.22657e-10	-0.0487397
9.23543e-10	-0.0445134
9.24428e-10	-0.0402439
9.25313e-10	-0.0359318
9.26199e-10	-0.0315779
9.27084e-10	-0.0271827
9.2797e-10	-0.0227471
9.28855e-10	-0.0182715
9.29741e-10	-0.0137569
9.30626e-10	-0.00920395
9.31512e-10	-0.00461335
9.32397e-10	1.41183e-05
9.33283e-10	0.00467767
9.34168e-10	0.00937651
9.35054e-10	0.0141098
9.35939e-10	0.0188768
9.36825e-10	0.0236767
9.3771e-10	0.0285085
9.38595e-10	0.0333714
9.39481e-10	0.0382646
9.40366e-10	0.0431871
9.41252e-10	0.0481381
9.42137e-10	0.0531167
9.43023e-10	0.0581218
9.43908e-10	0.0631526
9.44794e-10	0.0682082
9.45679e-10	0.0732874
9.46565e-10	0.0783895
9.4745e-10	0.0835133
9.48336e-10	0.0886579
9.49221e-10	0.0938222
9.50107e-10	0.0990052
9.50992e-10	0.104206
9.51877e-10	0.109423
9.52763e-10	0.114656
9.53648e-10	0.119904
9.54534e-10	0.125164
9.55419e-10	0.130438
9.56305e-10	0.135722
9.5719e-10	0.141016
9.58076e-10	0.14632
9.58961e-10	0.151631
9.59847e-10	0.156949
9.60732e-10	0.162272
9.61618e-10	0.167599
9.62503e-10	0.17293
9.63389e-10	0.178263
9.64274e-10	0.183597
9.65159e-10	0.18893
9.66045e-10	0.194261
9.6693e-10	0.19959
9.67816e-10	0.204915
9.68701e-10	0.210234
9.69587e-10	0.215547
9.70472e-10	0.220852
9.71358e-10	0.226148
9.72243e-10	0.231433
9.73129e-10	0.236707
9.74014e-10	0.241968
9.749e-10	0.247215
9.75785e-10	0.252447
9.76671e-10	0.257662
9.77556e-10	0.262859
9.78441e-10	0.268037
9.79327e-10	0.273194
9.80212e-10	0.278329
9.81098e-10	0.283441
9.81983e-10	0.288528
9.82869e-10	0.29359
9.83754e-10	0.298625
9.8464e-10	0.303631
9.85525e-10	0.308607
9.86411e-10	0.313552
9.87296e-10	0.318465
9.88182e-10	0.323344
9.89067e-10	0.328188
9.89953e-10	0.332995
9.90838e-10	0.337765
9.91723e-10	0.342496
9.92609e-10	0.347186
9.93494e-10	0.351835
9.9438e-10	0.356441
9.95265e-10	0.361002
9.96151e-10	0.365518
9.97036e-10	0.369987
9.97922e-10	0.374407
9.98807e-10	0.378778
9.99693e-10	0.383098
1.00058e-09	0.387365
1.00146e-09	0.39158
1.00235e-09	0.395739
1.00323e-09	0.399842
1.00412e-09	0.403888
1.00501e-09	0.407875
1.00589e-09	0.411803
1.00678e-09	0.415669
1.00766e-09	0.419473
1.00855e-09	0.423213
1.00943e-09	0.426888
1.01032e-09	0.430496
1.0112e-09	0.434038
1.01209e-09	0.437511
1.01297e-09	0.440913
1.01386e-09	0.444245
1.01475e-09	0.447505
1.01563e-09	0.450691
1.01652e-09	0.453802
1.0174e-09	0.456838
1.01829e-09	0.459797
1.01917e-09	0.462677
1.02006e-09	0.465479
1.02094e-09	0.4682
1.02183e-09	0.47084
1.02271e-09	0.473397
1.0236e-09	0.47587
1.02449e-09	0.478259
1.02537e-09	0.480562
1.02626e-09	0.482779
1.02714e-09	0.484907
1.02803e-09	0.486947
1.02891e-09	0.488897
1.0298e-09	0.490756
1.03068e-09	0.492523
1.03157e-09	0.494197
1.03245e-09	0.495778
1.03334e-09	0.497264
1.03423e-09	0.498655
1.03511e-09	0.49995
1.036e-09	0.501147
1.03688e-09	0.502246
1.03777e-09	0.503246
1.03865e-09	0.504147
1.03954e-09	0.504947
1.04042e-09	0.505646
1.04131e-09	0.506242
1.0422e-09	0.506736
1.04308e-09	0.507127
1.04397e-09	0.507413
1.04485e-09	0.507594
1.04574e-09	0.50767
1.04662e-09	0.50764
1.04751e-09	0.507503
1.04839e-09	0.507258
1.04928e-09	0.506906
1.05016e-09	0.506445
1.05105e-09	0.505876
1.05194e-09	0.505196
1.05282e-09	0.504407
1.05371e-09	0.503508
1.05459e-09	0.502497
1.05548e-09	0.501376
1.05636e-09	0.500142
1.05725e-09	0.498797
1.05813e-09	0.497339
1.05902e-09	0.495769
1.0599e-09	0.494086
1.06079e-09	0.492289
1.06168e-09	0.49038
1.06256e-09	0.488356
1.06345e-09	0.486219
1.06433e-09	0.483968
1.06522e-09	0.481602
1.0661e-09	0.479123
1.06699e-09	0.476529
1.06787e-09	0.473821
1.06876e-09	0.470998
1.06964e-09	0.468061
1.07053e-09	0.46501
1.07142e-09	0.461844
1.0723e-09	0.458564
1.07319e-09	0.45517
1.07407e-09	0.451662
1.07496e-09	0.44804
1.07584e-09	0.444305
1.07673e-09	0.440456
1.07761e-09	0.436494
1.0785e-09	0.432419
1.07938e-09	0.428232
1.08027e-09	0.423932
1.08116e-09	0.41952
1.08204e-09	0.414997
1.08293e-09	0.410362
1.08381e-09	0.405617
1.0847e-09	0.400762
1.08558e-09	0.395796
1.08647e-09	0.390722
1.08735e-09	0.385539
1.08824e-09	0.380248
1.08912e-09	0.37485
1.09001e-09	0.369344
1.0909e-09	0.363733
1.09178e-09	0.358016
1.09267e-09	0.352194
1.09355e-09	0.346268
1.09444e-09	0.340239
1.09532e-09	0.334108
1.09621e-09	0.327874
1.09709e-09	0.321541
1.09798e-09	0.315107
1.09887e-09	0.308574
1.09975e-09	0.301944
1.10064e-09	0.295216
1.10152e-09	0.288393
1.10241e-09	0.281474
1.10329e-09	0.274461
1.10418e-09	0.267356
1.10506e-09	0.260159
1.10595e-09	0.252871
1.10683e-09	0.245494
1.10772e-09	0.238028
1.10861e-09	0.230475
1.10949e-09	0.222837
1.11038e-09	0.215114
1.11126e-09	0.207307
1.11215e-09	0.199419
1.11303e-09	0.19145
1.11392e-09	0.183402
1.1148e-09	0.175276
1.11569e-09	0.167073
1.11657e-09	0.158795
1.11746e-09	0.150444
1.11835e-09	0.142021
1.11923e-09	0.133527
1.12012e-09	0.124964
1.121e-09	0.116334
1.12189e-09	0.107638
1.12277e-09	0.098877
1.12366e-09	0.0900538
1.12454e-09	0.0811696
1.12543e-09	0.072226
1.12631e-09	0.0632247
1.1272e-09	0.0541675
1.12809e-09	0.045056
1.12897e-09	0.0358921
1.12986e-09	0.0266774
1.13074e-09	0.0174138
1.13163e-09	0.00810317
1.13251e-09	-0.00125279
1.1334e-09	-0.0106522
1.13428e-09	-0.0200931
1.13517e-09	-0.0295738
1.13605e-09	-0.0390922
1.13694e-09	-0.0486465
1.13783e-09	-0.0582347
1.13871e-09	-0.067855
1.1396e-09	-0.0775052
1.14048e-09	-0.0871835
1.14137e-09	-0.0968878
1.14225e-09	-0.106616
1.14314e-09	-0.116366
1.14402e-09	-0.126137
1.14491e-09	-0.135925
1.14579e-09	-0.145729
1.14668e-09	-0.155547
1.14757e-09	-0.165376
1.14845e-09	-0.175215
1.14934e-09	-0.185062
1.15022e-09	-0.194914
1.15111e-09	-0.204769
1.15199e-09	-0.214625
1.15288e-09	-0.22448
1.15376e-09	-0.234332
1.15465e-09	-0.244179
1.15553e-09	-0.254017
1.15642e-09	-0.263847
1.15731e-09	-0.273664
1.15819e-09	-0.283467
1.15908e-09	-0.293253
1.15996e-09	-0.303021
1.16085e-09	-0.312769
1.16173e-09	-0.322493
1.16262e-09	-0.332192
1.1635e-09	-0.341864
1.16439e-09	-0.351506
1.16528e-09	-0.361117
1.16616e-09	-0.370693
1.16705e-09	-0.380233
1.16793e-09	-0.389734
1.16882e-09	-0.399195
1.1697e-09	-0.408612
1.17059e-09	-0.417985
1.17147e-09	-0.427309
1.17236e-09	-0.436585
1.17324e-09	-0.445808
1.17413e-09	-0.454977
1.17502e-09	-0.46409
1.1759e-09	-0.473145
1.17679e-09	-0.482139
1.17767e-09	-0.49107
1.17856e-09	-0.499936
1.17944e-09	-0.508734
1.18033e-09	-0.517463
1.18121e-09	-0.526121
1.1821e-09	-0.534704
1.18298e-09	-0.543212
1.18387e-09	-0.551642
1.18476e-09	-0.559992
1.18564e-09	-0.568259
1.18653e-09	-0.576442
1.18741e-09	-0.584538
1.1883e-09	-0.592546
1.18918e-09	-0.600464
1.19007e-09	-0.608288
1.19095e-09	-0.616018
1.19184e-09	-0.623651
1.19272e-09	-0.631185
1.19361e-09	-0.638619
1.1945e-09	-0.64595
1.19538e-09	-0.653176
1.19627e-09	-0.660295
1.19715e-09	-0.667306
1.19804e-09	-0.674206
1.19892e-09	-0.680994
1.19981e-09	-0.687668
1.20069e-09	-0.694225
1.20158e-09	-0.700665
1.20246e-09	-0.706985
1.20335e-09	-0.713184
1.20424e-09	-0.719259
1.20512e-09	-0.725209
1.20601e-09	-0.731032
1.20689e-09	-0.736727
1.20778e-09	-0.742292
1.20866e-09	-0.747725
1.20955e-09	-0.753024
1.21043e-09	-0.758189
1.21132e-09	-0.763217
1.2122e-09	-0.768107
1.21309e-09	-0.772857
1.21398e-09	-0.777466
1.21486e-09	-0.781933
1.21575e-09	-0.786255
1.21663e-09	-0.790432
1.21752e-09	-0.794462
1.2184e-09	-0.798344
1.21929e-09	-0.802077
1.22017e-09	-0.805659
1.22106e-09	-0.809089
1.22195e-09	-0.812365
1.22283e-09	-0.815488
1.22372e-09	-0.818454
1.2246e-09	-0.821264
1.22549e-09	-0.823916
1.22637e-09	-0.826409
1.22726e-09	-0.828742
1.22814e-09	-0.830914
1.22903e-09	-0.832924
1.22991e-09	-0.834771
1.2308e-09	-0.836455
1.23169e-09	-0.837974
1.23257e-09	-0.839327
1.23346e-09	-0.840515
1.23434e-09	-0.841535
1.23523e-09	-0.842388
1.23611e-09	-0.843072
1.237e-09	-0.843587
1.23788e-09	-0.843933
1.23877e-09	-0.844108
1.23965e-09	-0.844113
1.24054e-09	-0.843946
1.24143e-09	-0.843608
1.24231e-09	-0.843098
1.2432e-09	-0.842415
1.24408e-09	-0.841559
1.24497e-09	-0.84053
1.24585e-09	-0.839328
1.24674e-09	-0.837952
1.24762e-09	-0.836402
1.24851e-09	-0.834678
1.24939e-09	-0.83278
1.25028e-09	-0.830709
1.25117e-09	-0.828462
1.25205e-09	-0.826042
1.25294e-09	-0.823447
1.25382e-09	-0.820679
1.25471e-09	-0.817737
1.25559e-09	-0.81462
1.25648e-09	-0.811331
1.25736e-09	-0.807868
1.25825e-09	-0.804232
1.25913e-09	-0.800423
1.26002e-09	-0.796442
1.26091e-09	-0.792289
1.26179e-09	-0.787965
1.26268e-09	-0.78347
1.26356e-09	-0.778804
1.26445e-09	-0.773969
1.26533e-09	-0.768965
1.26622e-09	-0.763792
1.2671e-09	-0.758451
1.26799e-09	-0.752942
1.26887e-09	-0.747268
1.26976e-09	-0.741428
1.27065e-09	-0.735423
1.27153e-09	-0.729255
1.27242e-09	-0.722924
1.2733e-09	-0.716431
1.27419e-09	-0.709777
1.27507e-09	-0.702963
1.27596e-09	-0.69599
1.27684e-09	-0.68886
1.27773e-09	-0.681573
1.27861e-09	-0.674132
1.2795e-09	-0.666536
1.28039e-09	-0.658787
1.28127e-09	-0.650888
1.28216e-09	-0.642838
1.28304e-09	-0.634639
1.28393e-09	-0.626294
1.28481e-09	-0.617802
1.2857e-09	-0.609167
1.28658e-09	-0.600388
1.28747e-09	-0.591469
1.28836e-09	-0.58241
1.28924e-09	-0.573213
1.29013e-09	-0.563881
1.29101e-09	-0.554413
1.2919e-09	-0.544813
1.29278e-09	-0.535083
1.29367e-09	-0.525223
1.29455e-09	-0.515236
1.29544e-09	-0.505123
1.29632e-09	-0.494887
1.29721e-09	-0.48453
1.2981e-09	-0.474053
1.29898e-09	-0.463459
1.29987e-09	-0.452749
1.30075e-09	-0.441926
1.30164e-09	-0.430992
1.30252e-09	-0.419949
1.30341e-09	-0.408798
1.30429e-09	-0.397543
1.30518e-09	-0.386186
1.30606e-09	-0.374728
1.30695e-09	-0.363172
1.30784e-09	-0.35152
1.30872e-09	-0.339775
1.30961e-09	-0.327939
1.31049e-09	-0.316014
1.31138e-09	-0.304003
1.31226e-09	-0.291909
1.31315e-09	-0.279732
1.31403e-09	-0.267477
1.31492e-09	-0.255146
1.3158e-09	-0.24274
1.31669e-09	-0.230264
1.31758e-09	-0.217718
1.31846e-09	-0.205106
1.31935e-09	-0.192431
1.32023e-09	-0.179694
1.32112e-09	-0.1669
1.322e-09	-0.154049
1.32289e-09	-0.141145
1.32377e-09	-0.128191
1.32466e-09	-0.11519
1.32554e-09	-0.102143
1.32643e-09	-0.0890542
1.32732e-09	-0.0759258
1.3282e-09	-0.0627608
1.32909e-09	-0.0495618
1.32997e-09	-0.0363316
1.33086e-09	-0.023073
1.33174e-09	-0.00978888
1.33263e-09	0.00351801
1.33351e-09	0.0168448
1.3344e-09	0.0301888
1.33528e-09	0.043547
1.33617e-09	0.0569166
1.33706e-09	0.0702947
1.33794e-09	0.0836786
1.33883e-09	0.0970653
1.33971e-09	0.110452
1.3406e-09	0.123836
1.34148e-09	0.137214
1.34237e-09	0.150583
1.34325e-09	0.163941
1.34414e-09	0.177284
1.34502e-09	0.19061
1.34591e-09	0.203916
1.3468e-09	0.217199
1.34768e-09	0.230455
1.34857e-09	0.243683
1.34945e-09	0.256879
1.35034e-09	0.270041
1.35122e-09	0.283165
1.35211e-09	0.296249
1.35299e-09	0.30929
1.35388e-09	0.322284
1.35477e-09	0.33523
1.35565e-09	0.348124
1.35654e-09	0.360964
1.35742e-09	0.373746
1.35831e-09	0.386468
1.35919e-09	0.399127
1.36008e-09	0.411721
1.36096e-09	0.424246
1.36185e-09	0.436699
1.36273e-09	0.449079
1.36362e-09	0.461382
1.36451e-09	0.473606
1.36539e-09	0.485747
1.36628e-09	0.497803
1.36716e-09	0.509772
1.36805e-09	0.521651
1.36893e-09	0.533437
1.36982e-09	0.545128
1.3707e-09	0.55672
1.37159e-09	0.568212
1.37247e-09	0.579601
1.37336e-09	0.590884
1.37425e-09	0.602059
1.37513e-09	0.613123
1.37602e-09	0.624074
1.3769e-09	0.63491
1.37779e-09	0.645627
1.37867e-09	0.656224
1.37956e-09	0.666698
1.38044e-09	0.677047
1.38133e-09	0.687269
1.38221e-09	0.697361
1.3831e-09	0.707321
1.38399e-09	0.717147
1.38487e-09	0.726836
1.38576e-09	0.736387
1.38664e-09	0.745797
1.38753e-09	0.755064
1.38841e-09	0.764186
1.3893e-09	0.773161
1.39018e-09	0.781987
1.39107e-09	0.790662
1.39195e-09	0.799184
1.39284e-09	0.807551
1.39373e-09	0.815762
1.39461e-09	0.823814
1.3955e-09	0.831705
1.39638e-09	0.839435
1.39727e-09	0.847
1.39815e-09	0.8544
1.39904e-09	0.861632
1.39992e-09	0.868695
1.40081e-09	0.875588
1.40169e-09	0.882309
1.40258e-09	0.888856
1.40347e-09	0.895228
1.40435e-09	0.901423
1.40524e-09	0.90744
1.40612e-09	0.913279
1.40701e-09	0.918936
1.40789e-09	0.924411
1.40878e-09	0.929704
1.40966e-09	0.934812
1.41055e-09	0.939734
1.41144e-09	0.94447
1.41232e-09	0.949018
1.41321e-09	0.953377
1.41409e-09	0.957547
1.41498e-09	0.961525
1.41586e-09	0.965313
1.41675e-09	0.968908
1.41763e-09	0.972309
1.41852e-09	0.975517
1.4194e-09	0.978529
1.42029e-09	0.981347
1.42118e-09	0.983968
1.42206e-09	0.986392
1.42295e-09	0.98862
1.42383e-09	0.990649
1.42472e-09	0.99248
1.4256e-09	0.994113
1.42649e-09	0.995547
1.42737e-09	0.996781
1.42826e-09	0.997816
1.42914e-09	0.998651
1.43003e-09	0.999286
1.43092e-09	0.999721
1.4318e-09	0.999955
1.43269e-09	0.999989
1.43357e-09	0.999823
1.43446e-09	0.999456
1.43534e-09	0.99889
1.43623e-09	0.998123
1.43711e-09	0.997156
1.438e-09	0.99599
1.43888e-09	0.994624
1.43977e-09	0.993059
1.44066e-09	0.991296
1.44154e-09	0.989334
1.44243e-09	0.987174
1.44331e-09	0.984817
1.4442e-09	0.982262
1.44508e-09	0.979512
1.44597e-09	0.976566
1.44685e-09	0.973425
1.44774e-09	0.970089
1.44862e-09	0.96656
1.44951e-09	0.962838
1.4504e-09	0.958925
1.45128e-09	0.95482
1.45217e-09	0.950525
1.45305e-09	0.946042
1.45394e-09	0.94137
1.45482e-09	0.936511
1.45571e-09	0.931466
1.45659e-09	0.926237
1.45748e-09	0.920823
1.45836e-09	0.915228
1.45925e-09	0.909451
1.46014e-09	0.903495
1.46102e-09	0.89736
1.46191e-09	0.891048
1.46279e-09	0.884561
1.46368e-09	0.877899
1.46456e-09	0.871065
1.46545e-09	0.864059
1.46633e-09	0.856884
1.46722e-09	0.849542
1.4681e-09	0.842033
1.46899e-09	0.834359
1.46988e-09	0.826523
1.47076e-09	0.818525
1.47165e-09	0.810369
1.47253e-09	0.802055
1.47342e-09	0.793585
1.4743e-09	0.784962
1.47519e-09	0.776187
1.47607e-09	0.767263
1.47696e-09	0.75819
1.47785e-09	0.748972
1.47873e-09	0.739611
1.47962e-09	0.730108
1.4805e-09	0.720466
1.48139e-09	0.710686
1.48227e-09	0.700772
1.48316e-09	0.690725
1.48404e-09	0.680547
1.48493e-09	0.670241
1.48581e-09	0.659809
1.4867e-09	0.649254
1.48759e-09	0.638577
1.48847e-09	0.627782
1.48936e-09	0.61687
1.49024e-09	0.605844
1.49113e-09	0.594706
1.49201e-09	0.58346
1.4929e-09	0.572107
1.49378e-09	0.56065
1.49467e-09	0.549091
1.49555e-09	0.537434
1.49644e-09	0.52568
1.49733e-09	0.513833
1.49821e-09	0.501894
1.4991e-09	0.489867
1.49998e-09	0.477755
1.50087e-09	0.465559
1.50175e-09	0.453283
1.50264e-09	0.440929
1.50352e-09	0.4285
1.50441e-09	0.415999
1.50529e-09	0.403429
1.50618e-09	0.390792
1.50707e-09	0.378091
1.50795e-09	0.365329
1.50884e-09	0.352509
1.50972e-09	0.339633
1.51061e-09	0.326704
1.51149e-09	0.313726
1.51238e-09	0.300701
1.51326e-09	0.287631
1.51415e-09	0.27452
1.51503e-09	0.261371
1.51592e-09	0.248186
1.51681e-09	0.234969
1.51769e-09	0.221722
1.51858e-09	0.208448
1.51946e-09	0.195149
1.52035e-09	0.18183
1.52123e-09	0.168492
1.52212e-09	0.155139
1.523e-09	0.141773
1.52389e-09	0.128398
1.52477e-09	0.115016
1.52566e-09	0.10163
1.52655e-09	0.0882429
1.52743e-09	0.0748577
1.52832e-09	0.0614773
1.5292e-09	0.0481044
1.53009e-09	0.034742
1.53097e-09	0.0213929
1.53186e-09	0.00805993
1.53274e-09	-0.00525407
1.53363e-09	-0.0185463
1.53452e-09	-0.0318139
1.5354e-09	-0.0450541
1.53629e-09	-0.058264
1.53717e-09	-0.071441
1.53806e-09	-0.0845821
1.53894e-09	-0.0976848
1.53983e-09	-0.110746
1.54071e-09	-0.123763
1.5416e-09	-0.136734
1.54248e-09	-0.149655
1.54337e-09	-0.162524
1.54426e-09	-0.175338
1.54514e-09	-0.188095
1.54603e-09	-0.200791
1.54691e-09	-0.213425
1.5478e-09	-0.225994
1.54868e-09	-0.238494
1.54957e-09	-0.250924
1.55045e-09	-0.263281
1.55134e-09	-0.275563
1.55222e-09	-0.287766
1.55311e-09	-0.299889
1.554e-09	-0.311929
1.55488e-09	-0.323883
1.55577e-09	-0.33575
1.55665e-09	-0.347526
1.55754e-09	-0.35921
1.55842e-09	-0.370798
1.55931e-09	-0.38229
1.56019e-09	-0.393682
1.56108e-09	-0.404972
1.56196e-09	-0.416159
1.56285e-09	-0.427239
1.56374e-09	-0.438211
1.56462e-09	-0.449072
1.56551e-09	-0.45982
1.56639e-09	-0.470454
1.56728e-09	-0.480971
1.56816e-09	-0.491369
1.56905e-09	-0.501647
1.56993e-09	-0.511802
1.57082e-09	-0.521832
1.5717e-09	-0.531735
1.57259e-09	-0.54151
1.57348e-09	-0.551155
1.57436e-09	-0.560668
1.57525e-09	-0.570046
1.57613e-09	-0.57929
1.57702e-09	-0.588396
1.5779e-09	-0.597363
1.57879e-09	-0.606189
1.57967e-09	-0.614874
1.58056e-09	-0.623415
1.58144e-09	-0.63181
1.58233e-09	-0.640059
1.58322e-09	-0.64816
1.5841e-09	-0.656111
1.58499e-09	-0.663911
1.58587e-09	-0.671559
1.58676e-09	-0.679053
1.58764e-09	-0.686393
1.58853e-09	-0.693577
1.58941e-09	-0.700603
1.5903e-09	-0.707471
1.59118e-09	-0.71418
1.59207e-09	-0.720728
1.59296e-09	-0.727114
1.59384e-09	-0.733339
1.59473e-09	-0.739399
1.59561e-09	-0.745295
1.5965e-09	-0.751026
1.59738e-09	-0.756591
1.59827e-09	-0.761989
1.59915e-09	-0.76722
1.60004e-09	-0.772282
1.60093e-09	-0.777175
1.60181e-09	-0.781898
1.6027e-09	-0.786452
1.60358e-09	-0.790834
1.60447e-09	-0.795045
1.60535e-09	-0.799085
1.60624e-09	-0.802952
1.60712e-09	-0.806647
1.60801e-09	-0.810169
1.60889e-09	-0.813518
1.60978e-09	-0.816693
1.61067e-09	-0.819695
1.61155e-09	-0.822523
1.61244e-09	-0.825177
1.61332e-09	-0.827657
1.61421e-09	-0.829962
1.61509e-09	-0.832094
1.61598e-09	-0.834051
1.61686e-09	-0.835834
1.61775e-09	-0.837443
1.61863e-09	-0.838878
1.61952e-09	-0.84014
1.62041e-09	-0.841228
1.62129e-09	-0.842142
1.62218e-09	-0.842884
1.62306e-09	-0.843453
1.62395e-09	-0.84385
1.62483e-09	-0.844075
1.62572e-09	-0.844129
1.6266e-09	-0.844012
1.62749e-09	-0.843724
1.62837e-09	-0.843267
1.62926e-09	-0.84264
1.63015e-09	-0.841845
1.63103e-09	-0.840881
1.63192e-09	-0.839751
1.6328e-09	-0.838454
1.63369e-09	-0.836991
1.63457e-09	-0.835364
1.63546e-09	-0.833572
1.63634e-09	-0.831617
1.63723e-09	-0.8295
1.63811e-09	-0.827222
1.639e-09	-0.824784
1.63989e-09	-0.822186
1.64077e-09	-0.81943
1.64166e-09	-0.816517
1.64254e-09	-0.813447
1.64343e-09	-0.810223
1.64431e-09	-0.806846
1.6452e-09	-0.803315
1.64608e-09	-0.799634
1.64697e-09	-0.795803
1.64785e-09	-0.791823
1.64874e-09	-0.787696
1.64963e-09	-0.783423
1.65051e-09	-0.779005
1.6514e-09	-0.774444
1.65228e-09	-0.769742
1.65317e-09	-0.7649
1.65405e-09	-0.759919
1.65494e-09	-0.7548
1.65582e-09	-0.749547
1.65671e-09	-0.744159
1.65759e-09	-0.738639
1.65848e-09	-0.732988
1.65937e-09	-0.727209
1.66025e-09	-0.721302
1.66114e-09	-0.715269
1.66202e-09	-0.709112
1.66291e-09	-0.702834
1.66379e-09	-0.696435
1.66468e-09	-0.689917
1.66556e-09	-0.683283
1.66645e-09	-0.676533
1.66734e-09	-0.669671
1.66822e-09	-0.662698
1.66911e-09	-0.655615
1.66999e-09	-0.648425
1.67088e-09	-0.64113
1.67176e-09	-0.633731
1.67265e-09	-0.626231
1.67353e-09	-0.618632
1.67442e-09	-0.610935
1.6753e-09	-0.603142
1.67619e-09	-0.595256
1.67708e-09	-0.587279
1.67796e-09	-0.579212
1.67885e-09	-0.571059
1.67973e-09	-0.56282
1.68062e-09	-0.554498
1.6815e-09	-0.546095
1.68239e-09	-0.537614
1.68327e-09	-0.529056
1.68416e-09	-0.520423
1.68504e-09	-0.511718
1.68593e-09	-0.502943
1.68682e-09	-0.4941
1.6877e-09	-0.485191
1.68859e-09	-0.476219
1.68947e-09	-0.467184
1.69036e-09	-0.458091
1.69124e-09	-0.448941
1.69213e-09	-0.439736
1.69301e-09	-0.430478
1.6939e-09	-0.421169
1.69478e-09	-0.411813
1.69567e-09	-0.402411
1.69656e-09	-0.392964
1.69744e-09	-0.383477
1.69833e-09	-0.37395
1.69921e-09	-0.364386
1.7001e-09	-0.354787
1.70098e-09	-0.345155
1.70187e-09	-0.335493
1.70275e-09	-0.325803
1.70364e-09	-0.316087
1.70452e-09	-0.306347
1.70541e-09	-0.296586
1.7063e-09	-0.286806
1.70718e-09	-0.277008
1.70807e-09	-0.267195
1.70895e-09	-0.25737
1.70984e-09	-0.247534
1.71072e-09	-0.23769
1.71161e-09	-0.22784
1.71249e-09	-0.217986
1.71338e-09	-0.20813
1.71426e-09	-0.198274
1.71515e-09	-0.188421
1.71604e-09	-0.178572
1.71692e-09	-0.16873
1.71781e-09	-0.158897
1.71869e-09	-0.149075
1.71958e-09	-0.139266
1.72046e-09	-0.129472
1.72135e-09	-0.119696
1.72223e-09	-0.109938
1.72312e-09	-0.100202
1.72401e-09	-0.0904895
1.72489e-09	-0.0808021
1.72578e-09	-0.0711421
1.72666e-09	-0.0615114
1.72755e-09	-0.0519121
1.72843e-09	-0.042346
1.72932e-09	-0.0328151
1.7302e-09	-0.0233214
1.73109e-09	-0.0138667
1.73197e-09	-0.0044529
1.73286e-09	0.00491808
1.73375e-09	0.0142444
1.73463e-09	0.0235242
1.73552e-09	0.0327558
1.7364e-09	0.0419372
1.73729e-09	0.0510668
1.73817e-09	0.0601427
1.73906e-09	0.0691632
1.73994e-09	0.0781267
1.74083e-09	0.0870313
1.74171e-09	0.0958756
1.7426e-09	0.104658
1.74349e-09	0.113376
1.74437e-09	0.122029
1.74526e-09	0.130615
1.74614e-09	0.139133
1.74703e-09	0.14758
1.74791e-09	0.155956
1.7488e-09	0.164259
1.74968e-09	0.172487
1.75057e-09	0.18064
1.75145e-09	0.188715
1.75234e-09	0.196711
1.75323e-09	0.204627
1.75411e-09	0.212461
1.755e-09	0.220213
1.75588e-09	0.22788
1.75677e-09	0.235462
1.75765e-09	0.242958
1.75854e-09	0.250365
1.75942e-09	0.257684
1.76031e-09	0.264912
1.76119e-09	0.272049
1.76208e-09	0.279093
1.76297e-09	0.286044
1.76385e-09	0.2929
1.76474e-09	0.299661
1.76562e-09	0.306325
1.76651e-09	0.312891
1.76739e-09	0.319358
1.76828e-09	0.325726
1.76916e-09	0.331994
1.77005e-09	0.33816
1.77093e-09	0.344224
1.77182e-09	0.350185
1.77271e-09	0.356042
1.77359e-09	0.361795
1.77448e-09	0.367443
1.77536e-09	0.372984
1.77625e-09	0.378419
1.77713e-09	0.383747
1.77802e-09	0.388967
1.7789e-09	0.394079
1.77979e-09	0.399081
1.78067e-09	0.403974
1.78156e-09	0.408757
1.78245e-09	0.413429
1.78333e-09	0.41799
1.78422e-09	0.42244
1.7851e-09	0.426778
1.78599e-09	0.431004
1.78687e-09	0.435117
1.78776e-09	0.439118
1.78864e-09	0.443005
1.78953e-09	0.44678
1.79042e-09	0.45044
1.7913e-09	0.453987
1.79219e-09	0.45742
1.79307e-09	0.460739
1.79396e-09	0.463943
1.79484e-09	0.467034
1.79573e-09	0.47001
1.79661e-09	0.472871
1.7975e-09	0.475618
1.79838e-09	0.478251
1.79927e-09	0.48077
1.80016e-09	0.483174
1.80104e-09	0.485464
1.80193e-09	0.48764
1.80281e-09	0.489702
1.8037e-09	0.491651
1.80458e-09	0.493486
1.80547e-09	0.495208
1.80635e-09	0.496817
1.80724e-09	0.498313
1.80812e-09	0.499696
1.80901e-09	0.500968
1.8099e-09	0.502127
1.81078e-09	0.503176
1.81167e-09	0.504113
1.81255e-09	0.50494
1.81344e-09	0.505656
1.81432e-09	0.506263
1.81521e-09	0.506761
1.81609e-09	0.50715
1.81698e-09	0.507432
1.81786e-09	0.507605
1.81875e-09	0.507672
1.81964e-09	0.507632
1.82052e-09	0.507487
1.82141e-09	0.507236
1.82229e-09	0.506881
1.82318e-09	0.506422
1.82406e-09	0.505861
1.82495e-09	0.505197
1.82583e-09	0.504431
1.82672e-09	0.503565
1.8276e-09	0.502598
1.82849e-09	0.501533
1.82938e-09	0.500369
1.83026e-09	0.499108
1.83115e-09	0.497749
1.83203e-09	0.496296
1.83292e-09	0.494747
1.8338e-09	0.493104
1.83469e-09	0.491368
1.83557e-09	0.489541
1.83646e-09	0.487622
1.83734e-09	0.485613
1.83823e-09	0.483514
1.83912e-09	0.481328
1.84e-09	0.479054
1.84089e-09	0.476694
1.84177e-09	0.47425
1.84266e-09	0.471721
1.84354e-09	0.469109
1.84443e-09	0.466416
1.84531e-09	0.463642
1.8462e-09	0.460788
1.84709e-09	0.457856
1.84797e-09	0.454846
1.84886e-09	0.45176
1.84974e-09	0.448599
1.85063e-09	0.445365
1.85151e-09	0.442057
1.8524e-09	0.438679
1.85328e-09	0.43523
1.85417e-09	0.431712
1.85505e-09	0.428126
1.85594e-09	0.424473
1.85683e-09	0.420755
1.85771e-09	0.416973
1.8586e-09	0.413128
1.85948e-09	0.409221
1.86037e-09	0.405254
1.86125e-09	0.401228
1.86214e-09	0.397144
1.86302e-09	0.393004
1.86391e-09	0.388808
1.86479e-09	0.384559
1.86568e-09	0.380257
1.86657e-09	0.375903
1.86745e-09	0.371499
1.86834e-09	0.367047
1.86922e-09	0.362547
1.87011e-09	0.358001
1.87099e-09	0.35341
1.87188e-09	0.348776
1.87276e-09	0.3441
1.87365e-09	0.339383
1.87453e-09	0.334626
1.87542e-09	0.329831
1.87631e-09	0.325
1.87719e-09	0.320132
1.87808e-09	0.315231
1.87896e-09	0.310297
1.87985e-09	0.305331
1.88073e-09	0.300335
1.88162e-09	0.29531
1.8825e-09	0.290257
1.88339e-09	0.285178
1.88427e-09	0.280075
1.88516e-09	0.274947
1.88605e-09	0.269797
1.88693e-09	0.264627
1.88782e-09	0.259436
1.8887e-09	0.254227
1.88959e-09	0.249001
1.89047e-09	0.243759
1.89136e-09	0.238503
1.89224e-09	0.233233
1.89313e-09	0.227951
1.89401e-09	0.222658
1.8949e-09	0.217356
1.89579e-09	0.212046
1.89667e-09	0.206729
1.89756e-09	0.201406
1.89844e-09	0.196079
1.89933e-09	0.190748
1.90021e-09	0.185415
1.9011e-09	0.180082
1.90198e-09	0.174748
1.90287e-09	0.169417
1.90375e-09	0.164088
1.90464e-09	0.158763
1.90553e-09	0.153443
1.90641e-09	0.14813
1.9073e-09	0.142824
1.90818e-09	0.137526
1.90907e-09	0.132238
1.90995e-09	0.126961
1.91084e-09	0.121696
1.91172e-09	0.116444
1.91261e-09	0.111206
1.9135e-09	0.105983
1.91438e-09	0.100777
1.91527e-09	0.0955874
1.91615e-09	0.0904166
1.91704e-09	0.0852651
1.91792e-09	0.0801341
1.91881e-09	0.0750246
1.91969e-09	0.0699374
1.92058e-09	0.0648737
1.92146e-09	0.0598343
1.92235e-09	0.0548203
1.92324e-09	0.0498326
1.92412e-09	0.0448721
1.92501e-09	0.0399398
1.92589e-09	0.0350365
1.92678e-09	0.0301631
1.92766e-09	0.0253206
1.92855e-09	0.0205098
1.92943e-09	0.0157315
1.93032e-09	0.0109866
1.9312e-09	0.0062759
1.93209e-09	0.00160023
1.93298e-09	-0.00303963
1.93386e-09	-0.00764289
1.93475e-09	-0.0122088
1.93563e-09	-0.0167366
1.93652e-09	-0.0212255
1.9374e-09	-0.0256748
1.93829e-09	-0.0300839
1.93917e-09	-0.0344519
1.94006e-09	-0.0387783
1.94094e-09	-0.0430624
1.94183e-09	-0.0473035
1.94272e-09	-0.051501
1.9436e-09	-0.0556543
1.94449e-09	-0.0597627
1.94537e-09	-0.0638257
1.94626e-09	-0.0678427
1.94714e-09	-0.0718131
1.94803e-09	-0.0757364
1.94891e-09	-0.0796122
1.9498e-09	-0.0834397
1.95068e-09	-0.0872187
1.95157e-09	-0.0909485
1.95246e-09	-0.0946287
1.95334e-09	-0.0982589
1.95423e-09	-0.101839
1.95511e-09	-0.105368
1.956e-09	-0.108845
1.95688e-09	-0.112271
1.95777e-09	-0.115645
1.95865e-09	-0.118966
1.95954e-09	-0.122235
1.96042e-09	-0.12545
1.96131e-09	-0.128612
1.9622e-09	-0.131721
1.96308e-09	-0.134775
1.96397e-09	-0.137776
1.96485e-09	-0.140721
1.96574e-09	-0.143612
1.96662e-09	-0.146448
1.96751e-09	-0.149229
1.96839e-09	-0.151954
1.96928e-09	-0.154624
1.97016e-09	-0.157239
1.97105e-09	-0.159797
1.97194e-09	-0.162299
1.97282e-09	-0.164746
1.97371e-09	-0.167136
1.97459e-09	-0.169469
1.97548e-09	-0.171747
1.97636e-09	-0.173968
1.97725e-09	-0.176132
1.97813e-09	-0.17824
1.97902e-09	-0.180292
1.97991e-09	-0.182286
1.98079e-09	-0.184225
1.98168e-09	-0.186106
1.98256e-09	-0.187932
1.98345e-09	-0.189701
1.98433e-09	-0.191413
1.98522e-09	-0.193069
1.9861e-09	-0.194669
1.98699e-09	-0.196213
1.98787e-09	-0.197701
1.98876e-09	-0.199133
1.98965e-09	-0.200509
1.99053e-09	-0.201829
1.99142e-09	-0.203095
1.9923e-09	-0.204304
1.99319e-09	-0.205459
1.99407e-09	-0.206559
1.99496e-09	-0.207604
1.99584e-09	-0.208595
1.99673e-09	-0.209532
1.99761e-09	-0.210414
1.9985e-09	-0.211243
1.99939e-09	-0.212019
2.00027e-09	-0.212741
2.00116e-09	-0.21341
2.00204e-09	-0.214027
2.00293e-09	-0.214591
2.00381e-09	-0.215104
2.0047e-09	-0.215565
2.00558e-09	-0.215974
2.00647e-09	-0.216333
2.00735e-09	-0.216641
2.00824e-09	-0.216898
2.00913e-09	-0.217106
2.01001e-09	-0.217264
2.0109e-09	-0.217374
2.01178e-09	-0.217434
2.01267e-09	-0.217446
2.01355e-09	-0.217411
2.01444e-09	-0.217327
2.01532e-09	-0.217197
2.01621e-09	-0.217021
2.01709e-09	-0.216798
2.01798e-09	-0.216529
2.01887e-09	-0.216216
2.01975e-09	-0.215857
2.02064e-09	-0.215454
2.02152e-09	-0.215008
2.02241e-09	-0.214518
2.02329e-09	-0.213986
2.02418e-09	-0.213411
2.02506e-09	-0.212794
2.02595e-09	-0.212136
2.02683e-09	-0.211437
2.02772e-09	-0.210699
2.02861e-09	-0.20992
2.02949e-09	-0.209102
2.03038e-09	-0.208246
2.03126e-09	-0.207351
2.03215e-09	-0.206419
2.03303e-09	-0.20545
2.03392e-09	-0.204445
2.0348e-09	-0.203404
2.03569e-09	-0.202327
2.03658e-09	-0.201216
2.03746e-09	-0.200071
2.03835e-09	-0.198892
2.03923e-09	-0.19768
2.04012e-09	-0.196435
2.041e-09	-0.195159
2.04189e-09	-0.193851
2.04277e-09	-0.192513
2.04366e-09	-0.191145
2.04454e-09	-0.189747
2.04543e-09	-0.188321
2.04632e-09	-0.186866
2.0472e-09	-0.185384
2.04809e-09	-0.183874
2.04897e-09	-0.182338
2.04986e-09	-0.180776
2.05074e-09	-0.179189
2.05163e-09	-0.177577
2.05251e-09	-0.175941
2.0534e-09	-0.174282
2.05428e-09	-0.1726
2.05517e-09	-0.170895
2.05606e-09	-0.169169
2.05694e-09	-0.167422
2.05783e-09	-0.165654
2.05871e-09	-0.163867
2.0596e-09	-0.162061
2.06048e-09	-0.160235
2.06137e-09	-0.158392
2.06225e-09	-0.156531
2.06314e-09	-0.154654
2.06402e-09	-0.15276
2.06491e-09	-0.150851
2.0658e-09	-0.148927
2.06668e-09	-0.146988
2.06757e-09	-0.145035
2.06845e-09	-0.143069
2.06934e-09	-0.141091
2.07022e-09	-0.1391
2.07111e-09	-0.137098
2.07199e-09	-0.135085
2.07288e-09	-0.133062
2.07376e-09	-0.131029
2.07465e-09	-0.128986
2.07554e-09	-0.126936
2.07642e-09	-0.124877
2.07731e-09	-0.12281
2.07819e-09	-0.120737
2.07908e-09	-0.118657
2.07996e-09	-0.116571
2.08085e-09	-0.11448
2.08173e-09	-0.112384
2.08262e-09	-0.110284
2.0835e-09	-0.108181
2.08439e-09	-0.106074
2.08528e-09	-0.103965
2.08616e-09	-0.101853
2.08705e-09	-0.0997401
2.08793e-09	-0.097626
2.08882e-09	-0.0955114
2.0897e-09	-0.0933967
2.09059e-09	-0.0912824
2.09147e-09	-0.0891691
2.09236e-09	-0.0870572
2.09324e-09	-0.0849472
2.09413e-09	-0.0828396
2.09502e-09	-0.0807349
2.0959e-09	-0.0786336
2.09679e-09	-0.076536
2.09767e-09	-0.0744427
2.09856e-09	-0.0723541
2.09944e-09	-0.0702706
2.10033e-09	-0.0681928
2.10121e-09	-0.066121
2.1021e-09	-0.0640556
2.10299e-09	-0.0619972
2.10387e-09	-0.059946
2.10476e-09	-0.0579026
2.10564e-09	-0.0558673
2.10653e-09	-0.0538405
2.10741e-09	-0.0518226
2.1083e-09	-0.049814
2.10918e-09	-0.0478152
2.11007e-09	-0.0458264
2.11095e-09	-0.043848
2.11184e-09	-0.0418804
2.11273e-09	-0.039924
2.11361e-09	-0.0379791
2.1145e-09	-0.036046
2.11538e-09	-0.0341251
2.11627e-09	-0.0322167
2.11715e-09	-0.0303212
2.11804e-09	-0.0284389
2.11892e-09	-0.02657
2.11981e-09	-0.0247149
2.12069e-09	-0.0228739
2.12158e-09	-0.0210472
2.12247e-09	-0.0192352
2.12335e-09	-0.0174382
2.12424e-09	-0.0156564
2.12512e-09	-0.01389
2.12601e-09	-0.0121394
2.12689e-09	-0.0104048
2.12778e-09	-0.00868643
2.12866e-09	-0.00698454
2.12955e-09	-0.00529937
2.13043e-09	-0.00363114
2.13132e-09	-0.00198007
2.13221e-09	-0.000346386
2.13309e-09	0.00126971
2.13398e-09	0.00286803
2.13486e-09	0.00444835
2.13575e-09	0.00601051
2.13663e-09	0.00755431
2.13752e-09	0.00907959
2.1384e-09	0.0105862
2.13929e-09	0.0120739
2.14017e-09	0.0135426
2.14106e-09	0.0149921
2.14195e-09	0.0164223
2.14283e-09	0.0178331
2.14372e-09	0.0192243
2.1446e-09	0.0205958
2.14549e-09	0.0219474
2.14637e-09	0.0232792
2.14726e-09	0.0245909
2.14814e-09	0.0258824
2.14903e-09	0.0271537
2.14991e-09	0.0284047
2.1508e-09	0.0296353
2.15169e-09	0.0308454
2.15257e-09	0.032035
2.15346e-09	0.0332039
2.15434e-09	0.0343522
2.15523e-09	0.0354797
2.15611e-09	0.0365865
2.157e-09	0.0376725
2.15788e-09	0.0387376
2.15877e-09	0.0397818
2.15966e-09	0.0408052
2.16054e-09	0.0418076
2.16143e-09	0.042789
2.16231e-09	0.0437496
2.1632e-09	0.0446892
2.16408e-09	0.0456078
2.16497e-09	0.0465055
2.16585e-09	0.0473823
2.16674e-09	0.0482382
2.16762e-09	0.0490732
2.16851e-09	0.0498874
2.1694e-09	0.0506807
2.17028e-09	0.0514533
2.17117e-09	0.0522051
2.17205e-09	0.0529363
2.17294e-09	0.0536468
2.17382e-09	0.0543367
2.17471e-09	0.0550061
2.17559e-09	0.0556551
2.17648e-09	0.0562836
2.17736e-09	0.0568919
2.17825e-09	0.05748
2.17914e-09	0.0580479
2.18002e-09	0.0585957
2.18091e-09	0.0591236
2.18179e-09	0.0596316
2.18268e-09	0.0601199
2.18356e-09	0.0605885
2.18445e-09	0.0610375
2.18533e-09	0.0614671
2.18622e-09	0.0618774
2.1871e-09	0.0622685
2.18799e-09	0.0626404
2.18888e-09	0.0629934
2.18976e-09	0.0633276
2.19065e-09	0.0636431
2.19153e-09	0.06394
2.19242e-09	0.0642185
2.1933e-09	0.0644787
2.19419e-09	0.0647207
2.19507e-09	0.0649448
2.19596e-09	0.065151
2.19684e-09	0.0653396
2.19773e-09	0.0655106
2.19862e-09	0.0656643
2.1995e-09	0.0658007
2.20039e-09	0.0659201
2.20127e-09	0.0660226
2.20216e-09	0.0661084
2.20304e-09	0.0661777
2.20393e-09	0.0662306
2.20481e-09	0.0662674
2.2057e-09	0.0662881
2.20658e-09	0.066293
2.20747e-09	0.0662823
2.20836e-09	0.0662561
2.20924e-09	0.0662146
2.21013e-09	0.0661581
2.21101e-09	0.0660866
2.2119e-09	0.0660005
2.21278e-09	0.0658998
2.21367e-09	0.0657848
2.21455e-09	0.0656557
2.21544e-09	0.0655127
2.21632e-09	0.065356
2.21721e-09	0.0651857
2.2181e-09	0.0650021
2.21898e-09	0.0648054
2.21987e-09	0.0645957
2.22075e-09	0.0643734
2.22164e-09	0.0641385
2.22252e-09	0.0638914
2.22341e-09	0.0636321
2.22429e-09	0.063361
2.22518e-09	0.0630781
2.22607e-09	0.0627838
2.22695e-09	0.0624782
2.22784e-09	0.0621616
2.22872e-09	0.0618341
2.22961e-09	0.061496
2.23049e-09	0.0611475
2.23138e-09	0.0607887
2.23226e-09	0.06042
2.23315e-09	0.0600414
2.23403e-09	0.0596533
2.23492e-09	0.0592558
2.23581e-09	0.0588491
2.23669e-09	0.0584335
2.23758e-09	0.0580091
2.23846e-09	0.0575763
2.23935e-09	0.0571351
2.24023e-09	0.0566857
2.24112e-09	0.0562285
2.242e-09	0.0557636
2.24289e-09	0.0552913
2.24377e-09	0.0548116
2.24466e-09	0.0543249
2.24555e-09	0.0538313
2.24643e-09	0.0533311
2.24732e-09	0.0528244
2.2482e-09	0.0523114
2.24909e-09	0.0517925
2.24997e-09	0.0512677
2.25086e-09	0.0507372
2.25174e-09	0.0502013
2.25263e-09	0.0496602
2.25351e-09	0.0491141
2.2544e-09	0.0485631
2.25529e-09	0.0480074
2.25617e-09	0.0474474
2.25706e-09	0.046883
2.25794e-09	0.0463146
2.25883e-09	0.0457424
2.25971e-09	0.0451664
2.2606e-09	0.044587
2.26148e-09	0.0440043
2.26237e-09	0.0434184
2.26325e-09	0.0428297
2.26414e-09	0.0422381
2.26503e-09	0.0416441
2.26591e-09	0.0410476
2.2668e-09	0.0404489
2.26768e-09	0.0398482
2.26857e-09	0.0392457
2.26945e-09	0.0386414
2.27034e-09	0.0380357
2.27122e-09	0.0374286
2.27211e-09	0.0368204
2.27299e-09	0.0362111
2.27388e-09	0.035601
2.27477e-09	0.0349903
2.27565e-09	0.034379
2.27654e-09	0.0337674
2.27742e-09	0.0331556
2.27831e-09	0.0325437
2.27919e-09	0.031932
2.28008e-09	0.0313205
2.28096e-09	0.0307095
2.28185e-09	0.030099
2.28273e-09	0.0294892
2.28362e-09	0.0288803
2.28451e-09	0.0282724
2.28539e-09	0.0276656
2.28628e-09	0.0270601
2.28716e-09	0.026456
2.28805e-09	0.0258535
2.28893e-09	0.0252526
2.28982e-09	0.0246536
2.2907e-09	0.0240564
2.29159e-09	0.0234614
2.29248e-09	0.0228685
2.29336e-09	0.0222779
2.29425e-09	0.0216897
2.29513e-09	0.0211041
2.29602e-09	0.0205212
2.2969e-09	0.019941
2.29779e-09	0.0193637
2.29867e-09	0.0187893
2.29956e-09	0.0182181
2.30044e-09	0.0176501
2.30133e-09	0.0170854
2.30222e-09	0.016524
2.3031e-09	0.0159662
2.30399e-09	0.015412
2.30487e-09	0.0148614
2.30576e-09	0.0143146
2.30664e-09	0.0137717
2.30753e-09	0.0132328
2.30841e-09	0.0126978
2.3093e-09	0.012167
2.31018e-09	0.0116404
2.31107e-09	0.0111181
2.31196e-09	0.0106002
2.31284e-09	0.0100866
2.31373e-09	0.00957759
2.31461e-09	0.00907313
2.3155e-09	0.0085733
2.31638e-09	0.00807818
2.31727e-09	0.00758783
2.31815e-09	0.00710231
2.31904e-09	0.00662168
2.31992e-09	0.00614599
2.32081e-09	0.00567531
2.3217e-09	0.00520967
2.32258e-09	0.00474915
2.32347e-09	0.00429378
2.32435e-09	0.00384361
2.32524e-09	0.00339869
2.32612e-09	0.00295906
2.32701e-09	0.00252476
2.32789e-09	0.00209583
2.32878e-09	0.00167232
2.32966e-09	0.00125424
2.33055e-09	0.000841645
2.33144e-09	0.000434558
2.33232e-09	3.30093e-05
2.33321e-09	-0.000362972
2.33409e-09	-0.00075336
2.33498e-09	-0.00113813
2.33586e-09	-0.00151726
2.33675e-09	-0.00189073
2.33763e-09	-0.00225852
2.33852e-09	-0.00262062
2.3394e-09	-0.002977
2.34029e-09	-0.00332765
2.34118e-09	-0.00367257
2.34206e-09	-0.00401174
2.34295e-09	-0.00434516
2.34383e-09	-0.00467281
2.34472e-09	-0.00499469
2.3456e-09	-0.0053108
2.34649e-09	-0.00562113
2.34737e-09	-0.00592569
2.34826e-09	-0.00622447
2.34915e-09	-0.00651748
2.35003e-09	-0.00680472
2.35092e-09	-0.0070862
2.3518e-09	-0.00736192
2.35269e-09	-0.0076319
2.35357e-09	-0.00789614
2.35446e-09	-0.00815465
2.35534e-09	-0.00840744
2.35623e-09	-0.00865454
2.35711e-09	-0.00889595
2.358e-09	-0.00913169
2.35889e-09	-0.00936178
2.35977e-09	-0.00958624
2.36066e-09	-0.00980509
2.36154e-09	-0.0100184
2.36243e-09	-0.010226
2.36331e-09	-0.0104282
2.3642e-09	-0.0106248
2.36508e-09	-0.010816
2.36597e-09	-0.0110016
2.36685e-09	-0.0111819
2.36774e-09	-0.0113567
2.36863e-09	-0.0115262
2.36951e-09	-0.0116903
2.3704e-09	-0.0118491
2.37128e-09	-0.0120026
2.37217e-09	-0.0121509
2.37305e-09	-0.0122939
2.37394e-09	-0.0124318
2.37482e-09	-0.0125646
2.37571e-09	-0.0126922
2.37659e-09	-0.0128148
2.37748e-09	-0.0129324
2.37837e-09	-0.013045
2.37925e-09	-0.0131527
2.38014e-09	-0.0132555
2.38102e-09	-0.0133534
2.38191e-09	-0.0134465
2.38279e-09	-0.0135349
2.38368e-09	-0.0136185
2.38456e-09	-0.0136975
2.38545e-09	-0.0137718
2.38633e-09	-0.0138416
2.38722e-09	-0.0139068
2.38811e-09	-0.0139675
2.38899e-09	-0.0140238
2.38988e-09	-0.0140758
2.39076e-09	-0.0141233
2.39165e-09	-0.0141666
2.39253e-09	-0.0142057
2.39342e-09	-0.0142405
2.3943e-09	-0.0142712
2.39519e-09	-0.0142979
2.39607e-09	-0.0143205
2.39696e-09	-0.0143391
2.39785e-09	-0.0143538
2.39873e-09	-0.0143646
2.39962e-09	-0.0143716
2.4005e-09	-0.0143749
2.40139e-09	-0.0143744
2.40227e-09	-0.0143703
2.40316e-09	-0.0143625
2.40404e-09	-0.0143512
2.40493e-09	-0.0143365
2.40581e-09	-0.0143182
2.4067e-09	-0.0142966
2.40759e-09	-0.0142717
2.40847e-09	-0.0142435
2.40936e-09	-0.014212
2.41024e-09	-0.0141774
2.41113e-09	-0.0141397
2.41201e-09	-0.0140989
2.4129e-09	-0.0140552
2.41378e-09	-0.0140085
2.41467e-09	-0.0139589
2.41556e-09	-0.0139065
2.41644e-09	-0.0138513
2.41733e-09	-0.0137933
2.41821e-09	-0.0137328
2.4191e-09	-0.0136696
2.41998e-09	-0.0136038
2.42087e-09	-0.0135356
2.42175e-09	-0.0134649
2.42264e-09	-0.0133918
2.42352e-09	-0.0133164
2.42441e-09	-0.0132388
2.4253e-09	-0.0131588
2.42618e-09	-0.0130768
2.42707e-09	-0.0129926
2.42795e-09	-0.0129063
2.42884e-09	-0.0128181
2.42972e-09	-0.0127279
2.43061e-09	-0.0126357
2.43149e-09	-0.0125418
2.43238e-09	-0.012446
2.43326e-09	-0.0123485
2.43415e-09	-0.0122493
2.43504e-09	-0.0121485
2.43592e-09	-0.0120461
2.43681e-09	-0.0119421
2.43769e-09	-0.0118367
2.43858e-09	-0.0117298
2.43946e-09	-0.0116215
2.44035e-09	-0.0115119
2.44123e-09	-0.0114011
2.44212e-09	-0.0112889
2.443e-09	-0.0111756
2.44389e-09	-0.0110612
2.44478e-09	-0.0109456
2.44566e-09	-0.0108291
2.44655e-09	-0.0107115
2.44743e-09	-0.010593
2.44832e-09	-0.0104735
2.4492e-09	-0.0103532
2.45009e-09	-0.0102321
2.45097e-09	-0.0101102
2.45186e-09	-0.00998765
2.45274e-09	-0.00986437
2.45363e-09	-0.00974046
2.45452e-09	-0.00961595
2.4554e-09	-0.00949089
2.45629e-09	-0.00936532
2.45717e-09	-0.00923929
2.45806e-09	-0.00911283
2.45894e-09	-0.00898598
2.45983e-09	-0.00885879
2.46071e-09	-0.00873129
2.4616e-09	-0.00860352
2.46248e-09	-0.00847552
2.46337e-09	-0.00834734
2.46426e-09	-0.008219
2.46514e-09	-0.00809054
2.46603e-09	-0.00796201
2.46691e-09	-0.00783343
2.4678e-09	-0.00770484
2.46868e-09	-0.00757628
2.46957e-09	-0.00744778
2.47045e-09	-0.00731937
2.47134e-09	-0.0071911
2.47222e-09	-0.00706298
2.47311e-09	-0.00693505
2.474e-09	-0.00680735
2.47488e-09	-0.0066799
2.47577e-09	-0.00655274
2.47665e-09	-0.0064259
2.47754e-09	-0.0062994
2.47842e-09	-0.00617327
2.47931e-09	-0.00604755
2.48019e-09	-0.00592225
2.48108e-09	-0.00579741
2.48197e-09	-0.00567306
2.48285e-09	-0.00554922
2.48374e-09	-0.00542591
2.48462e-09	-0.00530316
2.48551e-09	-0.005181
2.48639e-09	-0.00505945
2.48728e-09	-0.00493853
2.48816e-09	-0.00481826
2.48905e-09	-0.00469867
2.48993e-09	-0.00457979
2.49082e-09	-0.00446162
2.49171e-09	-0.00434419
2.49259e-09	-0.00422753
2.49348e-09	-0.00411165
2.49436e-09	-0.00399657
2.49525e-09	-0.00388231
2.49613e-09	-0.00376888
2.49702e-09	-0.00365631
2.4979e-09	-0.00354462
2.49879e-09	-0.00343381
2.49967e-09	-0.00332391
2.50056e-09	-0.00321492
2.50145e-09	-0.00310687
2.50233e-09	-0.00299978
2.50322e-09	-0.00289364
2.5041e-09	-0.00278849
2.50499e-09	-0.00268432
2.50587e-09	-0.00258116
2.50676e-09	-0.00247901
2.50764e-09	-0.0023779
2.50853e-09	-0.00227781
2.50941e-09	-0.00217878
2.5103e-09	-0.00208081
2.51119e-09	-0.00198391
2.51207e-09	-0.00188808
2.51296e-09	-0.00179334
2.51384e-09	-0.0016997
2.51473e-09	-0.00160716
2.51561e-09	-0.00151573
2.5165e-09	-0.00142542
2.51738e-09	-0.00133624
2.51827e-09	-0.00124819
2.51915e-09	-0.00116127
2.52004e-09	-0.0010755
2.52093e-09	-0.00099087
2.52181e-09	-0.000907395
2.5227e-09	-0.000825077
2.52358e-09	-0.000743919
2.52447e-09	-0.000663925
2.52535e-09	-0.000585097
2.52624e-09	-0.000507438
2.52712e-09	-0.000430951
2.52801e-09	-0.000355637
2.52889e-09	-0.000281498
2.52978e-09	-0.000208535
2.53067e-09	-0.000136749
2.53155e-09	-6.61411e-05
2.53244e-09	3.28957e-06
2.53332e-09	7.15428e-05
2.53421e-09	0.000138619
2.53509e-09	0.00020452
2.53598e-09	0.000269245
2.53686e-09	0.000332797
2.53775e-09	0.000395177
2.53864e-09	0.000456388
2.53952e-09	0.000516432
2.54041e-09	0.000575311
2.54129e-09	0.00063303
2.54218e-09	0.000689589
2.54306e-09	0.000744994
2.54395e-09	0.000799249
2.54483e-09	0.000852357
2.54572e-09	0.000904322
2.5466e-09	0.000955149
2.54749e-09	0.00100484
2.54838e-09	0.00105341
2.54926e-09	0.00110085
2.55015e-09	0.00114718
2.55103e-09	0.0011924
2.55192e-09	0.00123651
2.5528e-09	0.00127952
2.55369e-09	0.00132144
2.55457e-09	0.00136228
2.55546e-09	0.00140203
2.55634e-09	0.00144071
2.55723e-09	0.00147833
2.55812e-09	0.00151489
2.559e-09	0.00155041
2.55989e-09	0.00158488
2.56077e-09	0.00161831
2.56166e-09	0.00165072
2.56254e-09	0.00168212
2.56343e-09	0.0017125
2.56431e-09	0.00174188
2.5652e-09	0.00177028
2.56608e-09	0.00179769
2.56697e-09	0.00182412
2.56786e-09	0.00184959
2.56874e-09	0.00187411
2.56963e-09	0.00189768
2.57051e-09	0.00192031
2.5714e-09	0.00194202
2.57228e-09	0.00196281
2.57317e-09	0.00198269
2.57405e-09	0.00200168
2.57494e-09	0.00201977
2.57582e-09	0.00203699
2.57671e-09	0.00205335
2.5776e-09	0.00206885
2.57848e-09	0.0020835
2.57937e-09	0.00209731
2.58025e-09	0.0021103
2.58114e-09	0.00212247
2.58202e-09	0.00213384
2.58291e-09	0.00214442
2.58379e-09	0.00215421
2.58468e-09	0.00216324
2.58556e-09	0.0021715
2.58645e-09	0.00217901
2.58734e-09	0.00218577
2.58822e-09	0.00219182
2.58911e-09	0.00219714
2.58999e-09	0.00220176
2.59088e-09	0.00220568
2.59176e-09	0.00220891
2.59265e-09	0.00221147
2.59353e-09	0.00221337
2.59442e-09	0.00221462
2.5953e-09	0.00221523
2.59619e-09	0.0022152
2.59708e-09	0.00221456
2.59796e-09	0.00221331
2.59885e-09	0.00221146
2.59973e-09	0.00220903
2.60062e-09	0.00220602
2.6015e-09	0.00220245
2.60239e-09	0.00219833
2.60327e-09	0.00219366
2.60416e-09	0.00218847
2.60505e-09	0.00218275
2.60593e-09	0.00217652
2.60682e-09	0.00216979
2.6077e-09	0.00216258
2.60859e-09	0.00215489
2.60947e-09	0.00214673
2.61036e-09	0.00213811
2.61124e-09	0.00212905
2.61213e-09	0.00211956
2.61301e-09	0.00210964
2.6139e-09	0.0020993
2.61479e-09	0.00208857
2.61567e-09	0.00207743
2.61656e-09	0.00206592
2.61744e-09	0.00205403
2.61833e-09	0.00204178
2.61921e-09	0.00202917
2.6201e-09	0.00201622
2.62098e-09	0.00200294
2.62187e-09	0.00198933
2.62275e-09	0.00197541
2.62364e-09	0.00196119
2.62453e-09	0.00194667
2.62541e-09	0.00193187
2.6263e-09	0.00191679
2.62718e-09	0.00190144
2.62807e-09	0.00188583
2.62895e-09	0.00186998
2.62984e-09	0.00185389
2.63072e-09	0.00183757
2.63161e-09	0.00182102
2.63249e-09	0.00180426
2.63338e-09	0.0017873
2.63427e-09	0.00177015
2.63515e-09	0.00175281
2.63604e-09	0.00173529
2.63692e-09	0.00171759
2.63781e-09	0.00169974
2.63869e-09	0.00168173
2.63958e-09	0.00166358
2.64046e-09	0.00164529
2.64135e-09	0.00162687
2.64223e-09	0.00160833
2.64312e-09	0.00158967
2.64401e-09	0.00157091
2.64489e-09	0.00155204
2.64578e-09	0.00153309
2.64666e-09	0.00151405
2.64755e-09	0.00149493
2.64843e-09	0.00147574
2.64932e-09	0.00145648
2.6502e-09	0.00143717
2.65109e-09	0.00141781
2.65197e-09	0.0013984
2.65286e-09	0.00137896
2.65375e-09	0.00135948
2.65463e-09	0.00133998
2.65552e-09	0.00132046
2.6564e-09	0.00130093
2.65729e-09	0.00128139
2.65817e-09	0.00126185
2.65906e-09	0.00124232
2.65994e-09	0.00122279
2.66083e-09	0.00120328
2.66172e-09	0.0011838
2.6626e-09	0.00116434
2.66349e-09	0.00114491
2.66437e-09	0.00112552
2.66526e-09	0.00110617
2.66614e-09	0.00108687
2.66703e-09	0.00106762
2.66791e-09	0.00104843
2.6688e-09	0.00102929
2.66968e-09	0.00101023
2.67057e-09	0.000991233
2.67146e-09	0.000972312
2.67234e-09	0.000953469
2.67323e-09	0.000934709
2.67411e-09	0.000916036
2.675e-09	0.000897453
2.67588e-09	0.000878965
2.67677e-09	0.000860575
2.67765e-09	0.000842287
2.67854e-09	0.000824103
2.67942e-09	0.000806029
2.68031e-09	0.000788067
2.6812e-09	0.000770219
2.68208e-09	0.000752491
2.68297e-09	0.000734883
2.68385e-09	0.0007174
2.68474e-09	0.000700044
2.68562e-09	0.000682818
2.68651e-09	0.000665724
2.68739e-09	0.000648766
2.68828e-09	0.000631945
2.68916e-09	0.000615265
2.69005e-09	0.000598727
2.69094e-09	0.000582333
2.69182e-09	0.000566087
2.69271e-09	0.000549989
2.69359e-09	0.000534042
2.69448e-09	0.000518247
2.69536e-09	0.000502608
2.69625e-09	0.000487124
2.69713e-09	0.000471799
2.69802e-09	0.000456633
2.6989e-09	0.000441628
2.69979e-09	0.000426785
2.70068e-09	0.000412106
2.70156e-09	0.000397593
2.70245e-09	0.000383245
2.70333e-09	0.000369065
2.70422e-09	0.000355053
2.7051e-09	0.000341211
2.70599e-09	0.000327539
2.70687e-09	0.000314038
2.70776e-09	0.000300709
2.70864e-09	0.000287553
2.70953e-09	0.00027457
2.71042e-09	0.000261761
2.7113e-09	0.000249126
2.71219e-09	0.000236666
2.71307e-09	0.000224381
2.71396e-09	0.000212272
2.71484e-09	0.000200339
2.71573e-09	0.000188581
2.71661e-09	0.000177
2.7175e-09	0.000165595
2.71838e-09	0.000154366
2.71927e-09	0.000143313
2.72016e-09	0.000132437
2.72104e-09	0.000121736
2.72193e-09	0.000111212
2.72281e-09	0.000100863
2.7237e-09	9.06897e-05
2.72458e-09	8.06913e-05
2.72547e-09	7.08676e-05
2.72635e-09	6.12181e-05
2.72724e-09	5.17424e-05
2.72813e-09	4.244e-05
2.72901e-09	3.33103e-05
2.7299e-09	2.43527e-05
2.73078e-09	1.55667e-05
2.73167e-09	6.95138e-06
2.73255e-09	-1.49382e-06
2.73344e-09	-9.76969e-06
2.73432e-09	-1.7877e-05
2.73521e-09	-2.58167e-05
2.73609e-09	-3.35895e-05
2.73698e-09	-4.11964e-05
2.73787e-09	-4.86383e-05
2.73875e-09	-5.59162e-05
2.73964e-09	-6.3031e-05
2.74052e-09	-6.99839e-05
2.74141e-09	-7.67759e-05
2.74229e-09	-8.34081e-05
2.74318e-09	-8.98815e-05
2.74406e-09	-9.61975e-05
2.74495e-09	-0.000102357
2.74583e-09	-0.000108361
2.74672e-09	-0.000114212
2.74761e-09	-0.00011991
2.74849e-09	-0.000125456
2.74938e-09	-0.000130852
2.75026e-09	-0.0001361
2.75115e-09	-0.0001412
2.75203e-09	-0.000146154
2.75292e-09	-0.000150963
2.7538e-09	-0.000155629
2.75469e-09	-0.000160153
2.75557e-09	-0.000164536
2.75646e-09	-0.00016878
2.75735e-09	-0.000172887
2.75823e-09	-0.000176858
2.75912e-09	-0.000180694
2.76e-09	-0.000184398
2.76089e-09	-0.000187969
2.76177e-09	-0.000191411
2.76266e-09	-0.000194724
2.76354e-09	-0.00019791
2.76443e-09	-0.00020097
2.76531e-09	-0.000203907
2.7662e-09	-0.000206722
2.76709e-09	-0.000209416
2.76797e-09	-0.00021199
2.76886e-09	-0.000214448
2.76974e-09	-0.000216789
2.77063e-09	-0.000219016
2.77151e-09	-0.000221131
2.7724e-09	-0.000223134
2.77328e-09	-0.000225028
2.77417e-09	-0.000226814
2.77505e-09	-0.000228494
2.77594e-09	-0.00023007
2.77683e-09	-0.000231542
2.77771e-09	-0.000232913
2.7786e-09	-0.000234184
2.77948e-09	-0.000235358
2.78037e-09	-0.000236434
2.78125e-09	-0.000237416
2.78214e-09	-0.000238305
2.78302e-09	-0.000239102
2.78391e-09	-0.000239809
2.78479e-09	-0.000240428
2.78568e-09	-0.00024096
2.78657e-09	-0.000241407
2.78745e-09	-0.00024177
2.78834e-09	-0.000242051
2.78922e-09	-0.000242252
2.79011e-09	-0.000242374
2.79099e-09	-0.000242419
2.79188e-09	-0.000242388
2.79276e-09	-0.000242282
2.79365e-09	-0.000242105
2.79454e-09	-0.000241856
2.79542e-09	-0.000241537
2.79631e-09	-0.000241151
2.79719e-09	-0.000240698
2.79808e-09	-0.00024018
2.79896e-09	-0.000239599
2.79985e-09	-0.000238956
2.80073e-09	-0.000238252
2.80162e-09	-0.000237489
2.8025e-09	-0.000236668
2.80339e-09	-0.000235792
2.80428e-09	-0.00023486
2.80516e-09	-0.000233876
2.80605e-09	-0.000232839
2.80693e-09	-0.000231752
2.80782e-09	-0.000230616
2.8087e-09	-0.000229432
2.80959e-09	-0.000228202
2.81047e-09	-0.000226926
2.81136e-09	-0.000225607
2.81224e-09	-0.000224246
2.81313e-09	-0.000222843
2.81402e-09	-0.000221401
2.8149e-09	-0.000219921
2.81579e-09	-0.000218403
2.81667e-09	-0.000216849
2.81756e-09	-0.00021526
2.81844e-09	-0.000213638
2.81933e-09	-0.000211984
2.82021e-09	-0.000210298
2.8211e-09	-0.000208583
2.82198e-09	-0.000206839
2.82287e-09	-0.000205067
2.82376e-09	-0.000203269
2.82464e-09	-0.000201446
2.82553e-09	-0.000199598
2.82641e-09	-0.000197727
2.8273e-09	-0.000195834
2.82818e-09	-0.000193921
2.82907e-09	-0.000191987
2.82995e-09	-0.000190034
2.83084e-09	-0.000188064
2.83172e-09	-0.000186076
2.83261e-09	-0.000184073
2.8335e-09	-0.000182055
2.83438e-09	-0.000180023
2.83527e-09	-0.000177978
2.83615e-09	-0.00017592
2.83704e-09	-0.000173852
2.83792e-09	-0.000171773
2.83881e-09	-0.000169685
2.83969e-09	-0.000167589
2.84058e-09	-0.000165485
2.84146e-09	-0.000163373
2.84235e-09	-0.000161256
2.84324e-09	-0.000159134
2.84412e-09	-0.000157007
2.84501e-09	-0.000154877
2.84589e-09	-0.000152744
2.84678e-09	-0.000150608
2.84766e-09	-0.000148471
2.84855e-09	-0.000146334
2.84943e-09	-0.000144196
2.85032e-09	-0.000142059
2.85121e-09	-0.000139924
2.85209e-09	-0.00013779
2.85298e-09	-0.00013566
2.85386e-09	-0.000133532
2.85475e-09	-0.000131409
2.85563e-09	-0.000129289
2.85652e-09	-0.000127176
2.8574e-09	-0.000125067
2.85829e-09	-0.000122965
2.85917e-09	-0.00012087
2.86006e-09	-0.000118782
2.86095e-09	-0.000116702
2.86183e-09	-0.00011463
2.86272e-09	-0.000112567
2.8636e-09	-0.000110513
2.86449e-09	-0.000108469
