4.42734e-13	-0.000108793
1.3282e-12	-0.000110839
2.21367e-12	-0.000112894
3.09914e-12	-0.000114959
3.9846e-12	-0.000117032
4.87007e-12	-0.000119113
5.75554e-12	-0.000121203
6.64101e-12	-0.000123299
7.52647e-12	-0.000125402
8.41194e-12	-0.000127511
9.29741e-12	-0.000129626
1.01829e-11	-0.000131746
1.10683e-11	-0.00013387
1.19538e-11	-0.000135998
1.28393e-11	-0.00013813
1.37247e-11	-0.000140263
1.46102e-11	-0.000142399
1.54957e-11	-0.000144536
1.63811e-11	-0.000146674
1.72666e-11	-0.000148811
1.81521e-11	-0.000150948
1.90375e-11	-0.000153083
1.9923e-11	-0.000155216
2.08085e-11	-0.000157346
2.1694e-11	-0.000159472
2.25794e-11	-0.000161593
2.34649e-11	-0.00016371
2.43504e-11	-0.00016582
2.52358e-11	-0.000167923
2.61213e-11	-0.000170018
2.70068e-11	-0.000172105
2.78922e-11	-0.000174182
2.87777e-11	-0.000176248
2.96632e-11	-0.000178304
3.05486e-11	-0.000180347
3.14341e-11	-0.000182377
3.23196e-11	-0.000184393
3.3205e-11	-0.000186393
3.40905e-11	-0.000188378
3.4976e-11	-0.000190346
3.58614e-11	-0.000192296
3.67469e-11	-0.000194226
3.76324e-11	-0.000196137
3.85178e-11	-0.000198026
3.94033e-11	-0.000199893
4.02888e-11	-0.000201737
4.11742e-11	-0.000203557
4.20597e-11	-0.000205351
4.29452e-11	-0.000207118
4.38306e-11	-0.000208858
4.47161e-11	-0.000210568
4.56016e-11	-0.000212249
4.6487e-11	-0.000213898
4.73725e-11	-0.000215515
4.8258e-11	-0.000217098
4.91434e-11	-0.000218646
5.00289e-11	-0.000220159
5.09144e-11	-0.000221633
5.17998e-11	-0.000223069
5.26853e-11	-0.000224465
5.35708e-11	-0.00022582
5.44562e-11	-0.000227132
5.53417e-11	-0.0002284
5.62272e-11	-0.000229623
5.71126e-11	-0.0002308
5.79981e-11	-0.000231928
5.88836e-11	-0.000233007
5.9769e-11	-0.000234036
6.06545e-11	-0.000235012
6.154e-11	-0.000235935
6.24255e-11	-0.000236803
6.33109e-11	-0.000237614
6.41964e-11	-0.000238368
6.50819e-11	-0.000239062
6.59673e-11	-0.000239695
6.68528e-11	-0.000240267
6.77383e-11	-0.000240774
6.86237e-11	-0.000241217
6.95092e-11	-0.000241592
7.03947e-11	-0.0002419
7.12801e-11	-0.000242138
7.21656e-11	-0.000242304
7.30511e-11	-0.000242397
7.39365e-11	-0.000242417
7.4822e-11	-0.00024236
7.57075e-11	-0.000242225
7.65929e-11	-0.000242012
7.74784e-11	-0.000241718
7.83639e-11	-0.000241341
7.92493e-11	-0.000240881
8.01348e-11	-0.000240336
8.10203e-11	-0.000239703
8.19057e-11	-0.000238982
8.27912e-11	-0.00023817
8.36767e-11	-0.000237267
8.45621e-11	-0.00023627
8.54476e-11	-0.000235178
8.63331e-11	-0.000233989
8.72185e-11	-0.000232702
8.8104e-11	-0.000231315
8.89895e-11	-0.000229826
8.98749e-11	-0.000228234
9.07604e-11	-0.000226537
9.16459e-11	-0.000224734
9.25313e-11	-0.000222823
9.34168e-11	-0.000220802
9.43023e-11	-0.00021867
9.51877e-11	-0.000216424
9.60732e-11	-0.000214065
9.69587e-11	-0.000211589
9.78441e-11	-0.000208995
9.87296e-11	-0.000206282
9.96151e-11	-0.000203448
1.00501e-10	-0.000200492
1.01386e-10	-0.000197411
1.02271e-10	-0.000194205
1.03157e-10	-0.000190872
1.04042e-10	-0.00018741
1.04928e-10	-0.000183817
1.05813e-10	-0.000180093
1.06699e-10	-0.000176236
1.07584e-10	-0.000172243
1.0847e-10	-0.000168115
1.09355e-10	-0.000163848
1.10241e-10	-0.000159442
1.11126e-10	-0.000154896
1.12012e-10	-0.000150207
1.12897e-10	-0.000145375
1.13783e-10	-0.000140398
1.14668e-10	-0.000135275
1.15553e-10	-0.000130004
1.16439e-10	-0.000124584
1.17324e-10	-0.000119014
1.1821e-10	-0.000113292
1.19095e-10	-0.000107417
1.19981e-10	-0.000101388
1.20866e-10	-9.52035e-05
1.21752e-10	-8.88626e-05
1.22637e-10	-8.2364e-05
1.23523e-10	-7.57065e-05
1.24408e-10	-6.8889e-05
1.25294e-10	-6.19104e-05
1.26179e-10	-5.47697e-05
1.27065e-10	-4.74658e-05
1.2795e-10	-3.99977e-05
1.28836e-10	-3.23645e-05
1.29721e-10	-2.45652e-05
1.30606e-10	-1.65989e-05
1.31492e-10	-8.46485e-06
1.32377e-10	-1.62107e-07
1.33263e-10	8.31009e-06
1.34148e-10	1.69525e-05
1.35034e-10	2.57658e-05
1.35919e-10	3.47507e-05
1.36805e-10	4.39078e-05
1.3769e-10	5.32377e-05
1.38576e-10	6.2741e-05
1.39461e-10	7.24182e-05
1.40347e-10	8.22697e-05
1.41232e-10	9.22959e-05
1.42118e-10	0.000102497
1.43003e-10	0.000112874
1.43888e-10	0.000123426
1.44774e-10	0.000134155
1.45659e-10	0.000145059
1.46545e-10	0.00015614
1.4743e-10	0.000167397
1.48316e-10	0.00017883
1.49201e-10	0.000190439
1.50087e-10	0.000202225
1.50972e-10	0.000214186
1.51858e-10	0.000226323
1.52743e-10	0.000238636
1.53629e-10	0.000251124
1.54514e-10	0.000263786
1.554e-10	0.000276623
1.56285e-10	0.000289634
1.5717e-10	0.000302817
1.58056e-10	0.000316174
1.58941e-10	0.000329702
1.59827e-10	0.000343401
1.60712e-10	0.00035727
1.61598e-10	0.000371309
1.62483e-10	0.000385516
1.63369e-10	0.00039989
1.64254e-10	0.00041443
1.6514e-10	0.000429135
1.66025e-10	0.000444003
1.66911e-10	0.000459034
1.67796e-10	0.000474225
1.68682e-10	0.000489576
1.69567e-10	0.000505085
1.70452e-10	0.000520749
1.71338e-10	0.000536568
1.72223e-10	0.000552539
1.73109e-10	0.00056866
1.73994e-10	0.000584931
1.7488e-10	0.000601347
1.75765e-10	0.000617908
1.76651e-10	0.000634611
1.77536e-10	0.000651454
1.78422e-10	0.000668434
1.79307e-10	0.000685548
1.80193e-10	0.000702795
1.81078e-10	0.000720172
1.81964e-10	0.000737675
1.82849e-10	0.000755302
1.83734e-10	0.00077305
1.8462e-10	0.000790916
1.85505e-10	0.000808896
1.86391e-10	0.000826988
1.87276e-10	0.000845188
1.88162e-10	0.000863493
1.89047e-10	0.000881899
1.89933e-10	0.000900402
1.90818e-10	0.000918999
1.91704e-10	0.000937687
1.92589e-10	0.00095646
1.93475e-10	0.000975316
1.9436e-10	0.000994249
1.95246e-10	0.00101326
1.96131e-10	0.00103233
1.97016e-10	0.00105147
1.97902e-10	0.00107068
1.98787e-10	0.00108993
1.99673e-10	0.00110924
2.00558e-10	0.0011286
2.01444e-10	0.001148
2.02329e-10	0.00116743
2.03215e-10	0.00118689
2.041e-10	0.00120638
2.04986e-10	0.00122589
2.05871e-10	0.00124542
2.06757e-10	0.00126496
2.07642e-10	0.0012845
2.08528e-10	0.00130403
2.09413e-10	0.00132357
2.10299e-10	0.00134308
2.11184e-10	0.00136258
2.12069e-10	0.00138205
2.12955e-10	0.00140149
2.1384e-10	0.00142089
2.14726e-10	0.00144024
2.15611e-10	0.00145955
2.16497e-10	0.00147879
2.17382e-10	0.00149797
2.18268e-10	0.00151708
2.19153e-10	0.00153611
2.20039e-10	0.00155505
2.20924e-10	0.0015739
2.2181e-10	0.00159265
2.22695e-10	0.00161129
2.23581e-10	0.00162981
2.24466e-10	0.00164821
2.25351e-10	0.00166648
2.26237e-10	0.00168461
2.27122e-10	0.00170259
2.28008e-10	0.00172042
2.28893e-10	0.00173808
2.29779e-10	0.00175558
2.30664e-10	0.00177289
2.3155e-10	0.00179002
2.32435e-10	0.00180694
2.33321e-10	0.00182367
2.34206e-10	0.00184018
2.35092e-10	0.00185646
2.35977e-10	0.00187252
2.36863e-10	0.00188833
2.37748e-10	0.0019039
2.38633e-10	0.0019192
2.39519e-10	0.00193424
2.40404e-10	0.001949
2.4129e-10	0.00196347
2.42175e-10	0.00197765
2.43061e-10	0.00199152
2.43946e-10	0.00200507
2.44832e-10	0.0020183
2.45717e-10	0.0020312
2.46603e-10	0.00204375
2.47488e-10	0.00205594
2.48374e-10	0.00206777
2.49259e-10	0.00207923
2.50145e-10	0.0020903
2.5103e-10	0.00210098
2.51915e-10	0.00211124
2.52801e-10	0.0021211
2.53686e-10	0.00213052
2.54572e-10	0.00213951
2.55457e-10	0.00214806
2.56343e-10	0.00215614
2.57228e-10	0.00216376
2.58114e-10	0.0021709
2.58999e-10	0.00217754
2.59885e-10	0.00218369
2.6077e-10	0.00218933
2.61656e-10	0.00219444
2.62541e-10	0.00219902
2.63427e-10	0.00220306
2.64312e-10	0.00220654
2.65197e-10	0.00220946
2.66083e-10	0.0022118
2.66968e-10	0.00221355
2.67854e-10	0.0022147
2.68739e-10	0.00221525
2.69625e-10	0.00221517
2.7051e-10	0.00221447
2.71396e-10	0.00221312
2.72281e-10	0.00221111
2.73167e-10	0.00220844
2.74052e-10	0.0022051
2.74938e-10	0.00220107
2.75823e-10	0.00219634
2.76709e-10	0.0021909
2.77594e-10	0.00218475
2.78479e-10	0.00217786
2.79365e-10	0.00217023
2.8025e-10	0.00216185
2.81136e-10	0.00215271
2.82021e-10	0.00214279
2.82907e-10	0.00213209
2.83792e-10	0.00212059
2.84678e-10	0.00210829
2.85563e-10	0.00209517
2.86449e-10	0.00208122
2.87334e-10	0.00206644
2.8822e-10	0.0020508
2.89105e-10	0.00203431
2.89991e-10	0.00201695
2.90876e-10	0.00199872
2.91762e-10	0.00197959
2.92647e-10	0.00195956
2.93532e-10	0.00193863
2.94418e-10	0.00191677
2.95303e-10	0.00189399
2.96189e-10	0.00187027
2.97074e-10	0.00184561
2.9796e-10	0.00181998
2.98845e-10	0.00179339
2.99731e-10	0.00176583
3.00616e-10	0.00173728
3.01502e-10	0.00170773
3.02387e-10	0.00167719
3.03273e-10	0.00164564
3.04158e-10	0.00161306
3.05044e-10	0.00157946
3.05929e-10	0.00154483
3.06814e-10	0.00150915
3.077e-10	0.00147242
3.08585e-10	0.00143463
3.09471e-10	0.00139578
3.10356e-10	0.00135585
3.11242e-10	0.00131485
3.12127e-10	0.00127275
3.13013e-10	0.00122957
3.13898e-10	0.00118528
3.14784e-10	0.00113989
3.15669e-10	0.00109338
3.16555e-10	0.00104576
3.1744e-10	0.000997017
3.18326e-10	0.000947142
3.19211e-10	0.000896134
3.20096e-10	0.000843987
3.20982e-10	0.000790698
3.21867e-10	0.00073626
3.22753e-10	0.000680672
3.23638e-10	0.000623928
3.24524e-10	0.000566026
3.25409e-10	0.000506961
3.26295e-10	0.000446732
3.2718e-10	0.000385335
3.28066e-10	0.000322769
3.28951e-10	0.00025903
3.29837e-10	0.000194118
3.30722e-10	0.000128031
3.31608e-10	6.07671e-05
3.32493e-10	-7.67338e-06
3.33378e-10	-7.72913e-05
3.34264e-10	-0.000148087
3.35149e-10	-0.00022006
3.36035e-10	-0.00029321
3.3692e-10	-0.000367536
3.37806e-10	-0.000443036
3.38691e-10	-0.00051971
3.39577e-10	-0.000597555
3.40462e-10	-0.000676568
3.41348e-10	-0.000756748
3.42233e-10	-0.000838091
3.43119e-10	-0.000920593
3.44004e-10	-0.00100425
3.4489e-10	-0.00108906
3.45775e-10	-0.00117502
3.4666e-10	-0.00126211
3.47546e-10	-0.00135035
3.48431e-10	-0.00143971
3.49317e-10	-0.0015302
3.50202e-10	-0.0016218
3.51088e-10	-0.00171452
3.51973e-10	-0.00180834
3.52859e-10	-0.00190325
3.53744e-10	-0.00199925
3.5463e-10	-0.00209632
3.55515e-10	-0.00219446
3.56401e-10	-0.00229366
3.57286e-10	-0.00239391
3.58172e-10	-0.00249519
3.59057e-10	-0.0025975
3.59943e-10	-0.00270082
3.60828e-10	-0.00280515
3.61713e-10	-0.00291046
3.62599e-10	-0.00301675
3.63484e-10	-0.00312399
3.6437e-10	-0.00323219
3.65255e-10	-0.00334132
3.66141e-10	-0.00345137
3.67026e-10	-0.00356232
3.67912e-10	-0.00367416
3.68797e-10	-0.00378686
3.69683e-10	-0.00390042
3.70568e-10	-0.00401482
3.71454e-10	-0.00413003
3.72339e-10	-0.00424603
3.73225e-10	-0.00436282
3.7411e-10	-0.00448036
3.74995e-10	-0.00459865
3.75881e-10	-0.00471765
3.76766e-10	-0.00483734
3.77652e-10	-0.00495771
3.78537e-10	-0.00507874
3.79423e-10	-0.00520039
3.80308e-10	-0.00532264
3.81194e-10	-0.00544548
3.82079e-10	-0.00556888
3.82965e-10	-0.0056928
3.8385e-10	-0.00581723
3.84736e-10	-0.00594215
3.85621e-10	-0.00606751
3.86507e-10	-0.0061933
3.87392e-10	-0.00631949
3.88277e-10	-0.00644605
3.89163e-10	-0.00657294
3.90048e-10	-0.00670015
3.90934e-10	-0.00682764
3.91819e-10	-0.00695538
3.92705e-10	-0.00708334
3.9359e-10	-0.00721149
3.94476e-10	-0.00733979
3.95361e-10	-0.00746821
3.96247e-10	-0.00759672
3.97132e-10	-0.00772529
3.98018e-10	-0.00785388
3.98903e-10	-0.00798245
3.99789e-10	-0.00811098
4.00674e-10	-0.00823942
4.01559e-10	-0.00836773
4.02445e-10	-0.00849589
4.0333e-10	-0.00862385
4.04216e-10	-0.00875158
4.05101e-10	-0.00887903
4.05987e-10	-0.00900618
4.06872e-10	-0.00913296
4.07758e-10	-0.00925936
4.08643e-10	-0.00938533
4.09529e-10	-0.00951082
4.10414e-10	-0.00963579
4.113e-10	-0.00976021
4.12185e-10	-0.00988402
4.13071e-10	-0.0100072
4.13956e-10	-0.0101297
4.14841e-10	-0.0102514
4.15727e-10	-0.0103724
4.16612e-10	-0.0104926
4.17498e-10	-0.0106119
4.18383e-10	-0.0107302
4.19269e-10	-0.0108477
4.20154e-10	-0.0109641
4.2104e-10	-0.0110795
4.21925e-10	-0.0111937
4.22811e-10	-0.0113068
4.23696e-10	-0.0114188
4.24582e-10	-0.0115295
4.25467e-10	-0.0116388
4.26353e-10	-0.0117469
4.27238e-10	-0.0118535
4.28123e-10	-0.0119587
4.29009e-10	-0.0120625
4.29894e-10	-0.0121646
4.3078e-10	-0.0122652
4.31665e-10	-0.0123641
4.32551e-10	-0.0124614
4.33436e-10	-0.0125568
4.34322e-10	-0.0126505
4.35207e-10	-0.0127423
4.36093e-10	-0.0128322
4.36978e-10	-0.0129202
4.37864e-10	-0.0130061
4.38749e-10	-0.01309
4.39635e-10	-0.0131717
4.4052e-10	-0.0132513
4.41406e-10	-0.0133286
4.42291e-10	-0.0134036
4.43176e-10	-0.0134763
4.44062e-10	-0.0135466
4.44947e-10	-0.0136145
4.45833e-10	-0.0136798
4.46718e-10	-0.0137426
4.47604e-10	-0.0138027
4.48489e-10	-0.0138602
4.49375e-10	-0.013915
4.5026e-10	-0.013967
4.51146e-10	-0.0140161
4.52031e-10	-0.0140623
4.52917e-10	-0.0141056
4.53802e-10	-0.0141459
4.54688e-10	-0.0141831
4.55573e-10	-0.0142172
4.56458e-10	-0.0142482
4.57344e-10	-0.0142759
4.58229e-10	-0.0143003
4.59115e-10	-0.0143214
4.6e-10	-0.014339
4.60886e-10	-0.0143533
4.61771e-10	-0.014364
4.62657e-10	-0.0143712
4.63542e-10	-0.0143747
4.64428e-10	-0.0143746
4.65313e-10	-0.0143708
4.66199e-10	-0.0143632
4.67084e-10	-0.0143517
4.6797e-10	-0.0143364
4.68855e-10	-0.0143172
4.6974e-10	-0.0142939
4.70626e-10	-0.0142666
4.71511e-10	-0.0142353
4.72397e-10	-0.0141997
4.73282e-10	-0.01416
4.74168e-10	-0.014116
4.75053e-10	-0.0140678
4.75939e-10	-0.0140152
4.76824e-10	-0.0139582
4.7771e-10	-0.0138967
4.78595e-10	-0.0138308
4.79481e-10	-0.0137603
4.80366e-10	-0.0136852
4.81252e-10	-0.0136055
4.82137e-10	-0.0135212
4.83022e-10	-0.013432
4.83908e-10	-0.0133382
4.84793e-10	-0.0132395
4.85679e-10	-0.0131359
4.86564e-10	-0.0130275
4.8745e-10	-0.0129141
4.88335e-10	-0.0127957
4.89221e-10	-0.0126723
4.90106e-10	-0.0125438
4.90992e-10	-0.0124102
4.91877e-10	-0.0122715
4.92763e-10	-0.0121276
4.93648e-10	-0.0119785
4.94534e-10	-0.0118242
4.95419e-10	-0.0116645
4.96304e-10	-0.0114996
4.9719e-10	-0.0113293
4.98075e-10	-0.0111536
4.98961e-10	-0.0109725
4.99846e-10	-0.0107859
5.00732e-10	-0.0105939
5.01617e-10	-0.0103964
5.02503e-10	-0.0101934
5.03388e-10	-0.00998481
5.04274e-10	-0.00977066
5.05159e-10	-0.00955092
5.06045e-10	-0.00932557
5.0693e-10	-0.00909458
5.07816e-10	-0.00885794
5.08701e-10	-0.00861563
5.09586e-10	-0.00836762
5.10472e-10	-0.00811392
5.11357e-10	-0.0078545
5.12243e-10	-0.00758935
5.13128e-10	-0.00731846
5.14014e-10	-0.00704182
5.14899e-10	-0.00675943
5.15785e-10	-0.00647127
5.1667e-10	-0.00617734
5.17556e-10	-0.00587764
5.18441e-10	-0.00557216
5.19327e-10	-0.00526091
5.20212e-10	-0.00494389
5.21098e-10	-0.00462109
5.21983e-10	-0.00429252
5.22869e-10	-0.00395819
5.23754e-10	-0.0036181
5.24639e-10	-0.00327227
5.25525e-10	-0.00292071
5.2641e-10	-0.00256341
5.27296e-10	-0.00220041
5.28181e-10	-0.00183172
5.29067e-10	-0.00145735
5.29952e-10	-0.00107732
5.30838e-10	-0.000691651
5.31723e-10	-0.000300372
5.32609e-10	9.64967e-05
5.33494e-10	0.000498928
5.3438e-10	0.000906893
5.35265e-10	0.00132036
5.36151e-10	0.00173931
5.37036e-10	0.00216369
5.37921e-10	0.00259347
5.38807e-10	0.00302862
5.39692e-10	0.00346909
5.40578e-10	0.00391485
5.41463e-10	0.00436585
5.42349e-10	0.00482204
5.43234e-10	0.00528338
5.4412e-10	0.00574982
5.45005e-10	0.00622131
5.45891e-10	0.00669778
5.46776e-10	0.0071792
5.47662e-10	0.00766549
5.48547e-10	0.00815661
5.49433e-10	0.00865248
5.50318e-10	0.00915304
5.51203e-10	0.00965824
5.52089e-10	0.010168
5.52974e-10	0.0106822
5.5386e-10	0.0112009
5.54745e-10	0.0117239
5.55631e-10	0.0122512
5.56516e-10	0.0127826
5.57402e-10	0.0133182
5.58287e-10	0.0138578
5.59173e-10	0.0144013
5.60058e-10	0.0149487
5.60944e-10	0.0154999
5.61829e-10	0.0160547
5.62715e-10	0.0166131
5.636e-10	0.0171749
5.64485e-10	0.0177402
5.65371e-10	0.0183088
5.66256e-10	0.0188805
5.67142e-10	0.0194553
5.68027e-10	0.0200331
5.68913e-10	0.0206137
5.69798e-10	0.0211971
5.70684e-10	0.0217831
5.71569e-10	0.0223717
5.72455e-10	0.0229626
5.7334e-10	0.0235558
5.74226e-10	0.0241513
5.75111e-10	0.0247487
5.75997e-10	0.0253481
5.76882e-10	0.0259492
5.77767e-10	0.026552
5.78653e-10	0.0271563
5.79538e-10	0.027762
5.80424e-10	0.028369
5.81309e-10	0.0289771
5.82195e-10	0.0295862
5.8308e-10	0.0301961
5.83966e-10	0.0308066
5.84851e-10	0.0314178
5.85737e-10	0.0320293
5.86622e-10	0.032641
5.87508e-10	0.0332529
5.88393e-10	0.0338647
5.89279e-10	0.0344763
5.90164e-10	0.0350875
5.91049e-10	0.0356981
5.91935e-10	0.0363081
5.9282e-10	0.0369172
5.93706e-10	0.0375253
5.94591e-10	0.0381321
5.95477e-10	0.0387376
5.96362e-10	0.0393416
5.97248e-10	0.0399439
5.98133e-10	0.0405443
5.99019e-10	0.0411426
5.99904e-10	0.0417387
6.0079e-10	0.0423324
6.01675e-10	0.0429235
6.02561e-10	0.0435118
6.03446e-10	0.0440972
6.04332e-10	0.0446794
6.05217e-10	0.0452583
6.06102e-10	0.0458336
6.06988e-10	0.0464053
6.07873e-10	0.0469731
6.08759e-10	0.0475367
6.09644e-10	0.0480961
6.1053e-10	0.048651
6.11415e-10	0.0492013
6.12301e-10	0.0497466
6.13186e-10	0.0502869
6.14072e-10	0.0508219
6.14957e-10	0.0513515
6.15843e-10	0.0518754
6.16728e-10	0.0523934
6.17614e-10	0.0529054
6.18499e-10	0.0534111
6.19384e-10	0.0539102
6.2027e-10	0.0544027
6.21155e-10	0.0548884
6.22041e-10	0.0553669
6.22926e-10	0.0558381
6.23812e-10	0.0563018
6.24697e-10	0.0567577
6.25583e-10	0.0572058
6.26468e-10	0.0576457
6.27354e-10	0.0580772
6.28239e-10	0.0585002
6.29125e-10	0.0589144
6.3001e-10	0.0593196
6.30896e-10	0.0597156
6.31781e-10	0.0601023
6.32666e-10	0.0604793
6.33552e-10	0.0608464
6.34437e-10	0.0612036
6.35323e-10	0.0615505
6.36208e-10	0.0618869
6.37094e-10	0.0622127
6.37979e-10	0.0625276
6.38865e-10	0.0628314
6.3975e-10	0.0631239
6.40636e-10	0.0634049
6.41521e-10	0.0636741
6.42407e-10	0.0639315
6.43292e-10	0.0641767
6.44178e-10	0.0644096
6.45063e-10	0.0646299
6.45948e-10	0.0648375
6.46834e-10	0.0650322
6.47719e-10	0.0652137
6.48605e-10	0.0653818
6.4949e-10	0.0655364
6.50376e-10	0.0656772
6.51261e-10	0.0658041
6.52147e-10	0.0659168
6.53032e-10	0.0660151
6.53918e-10	0.066099
6.54803e-10	0.0661681
6.55689e-10	0.0662222
6.56574e-10	0.0662613
6.5746e-10	0.066285
6.58345e-10	0.0662933
6.5923e-10	0.0662859
6.60116e-10	0.0662626
6.61001e-10	0.0662233
6.61887e-10	0.0661678
6.62772e-10	0.0660959
6.63658e-10	0.0660074
6.64543e-10	0.0659022
6.65429e-10	0.0657801
6.66314e-10	0.065641
6.672e-10	0.0654846
6.68085e-10	0.0653108
6.68971e-10	0.0651194
6.69856e-10	0.0649104
6.70742e-10	0.0646835
6.71627e-10	0.0644385
6.72512e-10	0.0641754
6.73398e-10	0.063894
6.74283e-10	0.0635942
6.75169e-10	0.0632757
6.76054e-10	0.0629386
6.7694e-10	0.0625825
6.77825e-10	0.0622075
6.78711e-10	0.0618134
6.79596e-10	0.0614001
6.80482e-10	0.0609674
6.81367e-10	0.0605153
6.82253e-10	0.0600436
6.83138e-10	0.0595522
6.84024e-10	0.059041
6.84909e-10	0.0585099
6.85795e-10	0.0579589
6.8668e-10	0.0573878
6.87565e-10	0.0567965
6.88451e-10	0.056185
6.89336e-10	0.0555532
6.90222e-10	0.054901
6.91107e-10	0.0542283
6.91993e-10	0.0535351
6.92878e-10	0.0528214
6.93764e-10	0.0520869
6.94649e-10	0.0513318
6.95535e-10	0.0505559
6.9642e-10	0.0497593
6.97306e-10	0.0489418
6.98191e-10	0.0481035
6.99077e-10	0.0472443
6.99962e-10	0.0463642
7.00847e-10	0.0454631
7.01733e-10	0.0445411
7.02618e-10	0.0435982
7.03504e-10	0.0426344
7.04389e-10	0.0416496
7.05275e-10	0.0406438
7.0616e-10	0.0396172
7.07046e-10	0.0385696
7.07931e-10	0.0375012
7.08817e-10	0.0364119
7.09702e-10	0.0353018
7.10588e-10	0.034171
7.11473e-10	0.0330194
7.12359e-10	0.0318472
7.13244e-10	0.0306544
7.14129e-10	0.029441
7.15015e-10	0.0282071
7.159e-10	0.0269529
7.16786e-10	0.0256784
7.17671e-10	0.0243836
7.18557e-10	0.0230687
7.19442e-10	0.0217338
7.20328e-10	0.020379
7.21213e-10	0.0190044
7.22099e-10	0.01761
7.22984e-10	0.0161962
7.2387e-10	0.0147629
7.24755e-10	0.0133103
7.25641e-10	0.0118386
7.26526e-10	0.0103478
7.27411e-10	0.00883827
7.28297e-10	0.00731003
7.29182e-10	0.0057633
7.30068e-10	0.00419824
7.30953e-10	0.00261504
7.31839e-10	0.00101389
7.32724e-10	-0.000605023
7.3361e-10	-0.00224149
7.34495e-10	-0.0038953
7.35381e-10	-0.00556624
7.36266e-10	-0.00725408
7.37152e-10	-0.00895861
7.38037e-10	-0.0106796
7.38923e-10	-0.0124168
7.39808e-10	-0.0141699
7.40693e-10	-0.0159387
7.41579e-10	-0.017723
7.42464e-10	-0.0195224
7.4335e-10	-0.0213367
7.44235e-10	-0.0231657
7.45121e-10	-0.025009
7.46006e-10	-0.0268663
7.46892e-10	-0.0287373
7.47777e-10	-0.0306218
7.48663e-10	-0.0325194
7.49548e-10	-0.0344298
7.50434e-10	-0.0363526
7.51319e-10	-0.0382876
7.52205e-10	-0.0402343
7.5309e-10	-0.0421926
7.53975e-10	-0.0441619
7.54861e-10	-0.0461419
7.55746e-10	-0.0481324
7.56632e-10	-0.0501328
7.57517e-10	-0.0521429
7.58403e-10	-0.0541622
7.59288e-10	-0.0561904
7.60174e-10	-0.058227
7.61059e-10	-0.0602717
7.61945e-10	-0.0623241
7.6283e-10	-0.0643836
7.63716e-10	-0.06645
7.64601e-10	-0.0685228
7.65487e-10	-0.0706016
7.66372e-10	-0.0726859
7.67258e-10	-0.0747753
7.68143e-10	-0.0768693
7.69028e-10	-0.0789675
7.69914e-10	-0.0810694
7.70799e-10	-0.0831746
7.71685e-10	-0.0852826
7.7257e-10	-0.0873929
7.73456e-10	-0.0895051
7.74341e-10	-0.0916186
7.75227e-10	-0.093733
7.76112e-10	-0.0958477
7.76998e-10	-0.0979623
7.77883e-10	-0.100076
7.78769e-10	-0.102189
7.79654e-10	-0.1043
7.8054e-10	-0.106409
7.81425e-10	-0.108516
7.8231e-10	-0.110619
7.83196e-10	-0.112718
7.84081e-10	-0.114813
7.84967e-10	-0.116903
7.85852e-10	-0.118988
7.86738e-10	-0.121067
7.87623e-10	-0.123139
7.88509e-10	-0.125204
7.89394e-10	-0.127262
7.9028e-10	-0.129312
7.91165e-10	-0.131353
7.92051e-10	-0.133384
7.92936e-10	-0.135406
7.93822e-10	-0.137417
7.94707e-10	-0.139418
7.95592e-10	-0.141406
7.96478e-10	-0.143383
7.97363e-10	-0.145347
7.98249e-10	-0.147297
7.99134e-10	-0.149234
8.0002e-10	-0.151156
8.00905e-10	-0.153063
8.01791e-10	-0.154954
8.02676e-10	-0.156828
8.03562e-10	-0.158686
8.04447e-10	-0.160527
8.05333e-10	-0.162349
8.06218e-10	-0.164153
8.07104e-10	-0.165937
8.07989e-10	-0.167701
8.08874e-10	-0.169445
8.0976e-10	-0.171168
8.10645e-10	-0.172869
8.11531e-10	-0.174547
8.12416e-10	-0.176203
8.13302e-10	-0.177835
8.14187e-10	-0.179443
8.15073e-10	-0.181026
8.15958e-10	-0.182584
8.16844e-10	-0.184116
8.17729e-10	-0.185621
8.18615e-10	-0.187099
8.195e-10	-0.18855
8.20386e-10	-0.189972
8.21271e-10	-0.191365
8.22156e-10	-0.192728
8.23042e-10	-0.194061
8.23927e-10	-0.195364
8.24813e-10	-0.196635
8.25698e-10	-0.197874
8.26584e-10	-0.199081
8.27469e-10	-0.200255
8.28355e-10	-0.201395
8.2924e-10	-0.202501
8.30126e-10	-0.203572
8.31011e-10	-0.204607
8.31897e-10	-0.205607
8.32782e-10	-0.20657
8.33668e-10	-0.207496
8.34553e-10	-0.208385
8.35438e-10	-0.209235
8.36324e-10	-0.210046
8.37209e-10	-0.210819
8.38095e-10	-0.211551
8.3898e-10	-0.212244
8.39866e-10	-0.212895
8.40751e-10	-0.213505
8.41637e-10	-0.214073
8.42522e-10	-0.214599
8.43408e-10	-0.215082
8.44293e-10	-0.215521
8.45179e-10	-0.215917
8.46064e-10	-0.216269
8.4695e-10	-0.216575
8.47835e-10	-0.216836
8.48721e-10	-0.217052
8.49606e-10	-0.217221
8.50491e-10	-0.217344
8.51377e-10	-0.217419
8.52262e-10	-0.217448
8.53148e-10	-0.217428
8.54033e-10	-0.217359
8.54919e-10	-0.217242
8.55804e-10	-0.217076
8.5669e-10	-0.216861
8.57575e-10	-0.216595
8.58461e-10	-0.216279
8.59346e-10	-0.215912
8.60232e-10	-0.215495
8.61117e-10	-0.215026
8.62003e-10	-0.214505
8.62888e-10	-0.213932
8.63773e-10	-0.213307
8.64659e-10	-0.21263
8.65544e-10	-0.211899
8.6643e-10	-0.211115
8.67315e-10	-0.210278
8.68201e-10	-0.209386
8.69086e-10	-0.208441
8.69972e-10	-0.207442
8.70857e-10	-0.206388
8.71743e-10	-0.205279
8.72628e-10	-0.204116
8.73514e-10	-0.202897
8.74399e-10	-0.201623
8.75285e-10	-0.200294
8.7617e-10	-0.198909
8.77055e-10	-0.197468
8.77941e-10	-0.195971
8.78826e-10	-0.194419
8.79712e-10	-0.19281
8.80597e-10	-0.191145
8.81483e-10	-0.189423
8.82368e-10	-0.187645
8.83254e-10	-0.185811
8.84139e-10	-0.18392
8.85025e-10	-0.181973
8.8591e-10	-0.179969
8.86796e-10	-0.177909
8.87681e-10	-0.175792
8.88567e-10	-0.173618
8.89452e-10	-0.171388
8.90337e-10	-0.169102
8.91223e-10	-0.166759
8.92108e-10	-0.16436
8.92994e-10	-0.161905
8.93879e-10	-0.159394
8.94765e-10	-0.156827
8.9565e-10	-0.154203
8.96536e-10	-0.151525
8.97421e-10	-0.14879
8.98307e-10	-0.146001
8.99192e-10	-0.143156
9.00078e-10	-0.140256
9.00963e-10	-0.137302
9.01849e-10	-0.134293
9.02734e-10	-0.13123
9.03619e-10	-0.128113
9.04505e-10	-0.124942
9.0539e-10	-0.121718
9.06276e-10	-0.118441
9.07161e-10	-0.115112
9.08047e-10	-0.11173
9.08932e-10	-0.108295
9.09818e-10	-0.10481
9.10703e-10	-0.101273
9.11589e-10	-0.097685
9.12474e-10	-0.0940468
9.1336e-10	-0.0903587
9.14245e-10	-0.086621
9.15131e-10	-0.0828343
9.16016e-10	-0.078999
9.16901e-10	-0.0751157
9.17787e-10	-0.0711848
9.18672e-10	-0.0672069
9.19558e-10	-0.0631826
9.20443e-10	-0.0591123
9.21329e-10	-0.0549967
9.22214e-10	-0.0508364
9.231e-10	-0.0466319
9.23985e-10	-0.042384
9.24871e-10	-0.0380931
9.25756e-10	-0.03376
9.26642e-10	-0.0293854
9.27527e-10	-0.0249699
9.28413e-10	-0.0205142
9.29298e-10	-0.0160191
9.30184e-10	-0.0114852
9.31069e-10	-0.00691331
9.31954e-10	-0.00230417
9.3284e-10	0.00234143
9.33725e-10	0.00702273
9.34611e-10	0.0117389
9.35496e-10	0.0164892
9.36382e-10	0.0212727
9.37267e-10	0.0260886
9.38153e-10	0.0309361
9.39038e-10	0.0358143
9.39924e-10	0.0407223
9.40809e-10	0.0456591
9.41695e-10	0.050624
9.4258e-10	0.055616
9.43466e-10	0.0606341
9.44351e-10	0.0656774
9.45236e-10	0.0707449
9.46122e-10	0.0758357
9.47007e-10	0.0809487
9.47893e-10	0.086083
9.48778e-10	0.0912376
9.49664e-10	0.0964114
9.50549e-10	0.101603
9.51435e-10	0.106813
9.5232e-10	0.112038
9.53206e-10	0.117278
9.54091e-10	0.122532
9.54977e-10	0.1278
9.55862e-10	0.133078
9.56748e-10	0.138368
9.57633e-10	0.143667
9.58518e-10	0.148974
9.59404e-10	0.154289
9.60289e-10	0.15961
9.61175e-10	0.164935
9.6206e-10	0.170265
9.62946e-10	0.175597
9.63831e-10	0.18093
9.64717e-10	0.186263
9.65602e-10	0.191596
9.66488e-10	0.196926
9.67373e-10	0.202253
9.68259e-10	0.207575
9.69144e-10	0.212891
9.7003e-10	0.2182
9.70915e-10	0.223501
9.718e-10	0.228792
9.72686e-10	0.234072
9.73571e-10	0.239339
9.74457e-10	0.244594
9.75342e-10	0.249833
9.76228e-10	0.255057
9.77113e-10	0.260263
9.77999e-10	0.26545
9.78884e-10	0.270618
9.7977e-10	0.275764
9.80655e-10	0.280888
9.81541e-10	0.285988
9.82426e-10	0.291063
9.83312e-10	0.296111
9.84197e-10	0.301131
9.85082e-10	0.306123
9.85968e-10	0.311084
9.86853e-10	0.316013
9.87739e-10	0.320909
9.88624e-10	0.32577
9.8951e-10	0.330596
9.90395e-10	0.335385
9.91281e-10	0.340136
9.92166e-10	0.344846
9.93052e-10	0.349516
9.93937e-10	0.354143
9.94823e-10	0.358727
9.95708e-10	0.363266
9.96594e-10	0.367758
9.97479e-10	0.372203
9.98365e-10	0.376599
9.9925e-10	0.380944
1.00014e-09	0.385238
1.00102e-09	0.389479
1.00191e-09	0.393666
1.00279e-09	0.397798
1.00368e-09	0.401872
1.00456e-09	0.405889
1.00545e-09	0.409847
1.00633e-09	0.413744
1.00722e-09	0.417579
1.0081e-09	0.421351
1.00899e-09	0.425058
1.00988e-09	0.4287
1.01076e-09	0.432276
1.01165e-09	0.435783
1.01253e-09	0.439221
1.01342e-09	0.442588
1.0143e-09	0.445884
1.01519e-09	0.449107
1.01607e-09	0.452256
1.01696e-09	0.45533
1.01784e-09	0.458327
1.01873e-09	0.461247
1.01962e-09	0.464088
1.0205e-09	0.46685
1.02139e-09	0.46953
1.02227e-09	0.472129
1.02316e-09	0.474644
1.02404e-09	0.477075
1.02493e-09	0.479421
1.02581e-09	0.481681
1.0267e-09	0.483854
1.02758e-09	0.485938
1.02847e-09	0.487933
1.02936e-09	0.489837
1.03024e-09	0.491651
1.03113e-09	0.493372
1.03201e-09	0.494999
1.0329e-09	0.496533
1.03378e-09	0.497972
1.03467e-09	0.499315
1.03555e-09	0.500561
1.03644e-09	0.501709
1.03733e-09	0.502759
1.03821e-09	0.503709
1.0391e-09	0.50456
1.03998e-09	0.505309
1.04087e-09	0.505957
1.04175e-09	0.506502
1.04264e-09	0.506944
1.04352e-09	0.507283
1.04441e-09	0.507517
1.04529e-09	0.507645
1.04618e-09	0.507668
1.04707e-09	0.507585
1.04795e-09	0.507394
1.04884e-09	0.507096
1.04972e-09	0.506689
1.05061e-09	0.506174
1.05149e-09	0.50555
1.05238e-09	0.504816
1.05326e-09	0.503971
1.05415e-09	0.503016
1.05503e-09	0.50195
1.05592e-09	0.500773
1.05681e-09	0.499484
1.05769e-09	0.498082
1.05858e-09	0.496568
1.05946e-09	0.494942
1.06035e-09	0.493202
1.06123e-09	0.491349
1.06212e-09	0.489382
1.063e-09	0.487302
1.06389e-09	0.485108
1.06477e-09	0.482799
1.06566e-09	0.480377
1.06655e-09	0.47784
1.06743e-09	0.475189
1.06832e-09	0.472424
1.0692e-09	0.469544
1.07009e-09	0.46655
1.07097e-09	0.463441
1.07186e-09	0.460218
1.07274e-09	0.456882
1.07363e-09	0.453431
1.07451e-09	0.449866
1.0754e-09	0.446187
1.07629e-09	0.442395
1.07717e-09	0.438489
1.07806e-09	0.434471
1.07894e-09	0.430339
1.07983e-09	0.426096
1.08071e-09	0.42174
1.0816e-09	0.417272
1.08248e-09	0.412693
1.08337e-09	0.408003
1.08425e-09	0.403203
1.08514e-09	0.398293
1.08603e-09	0.393273
1.08691e-09	0.388144
1.0878e-09	0.382907
1.08868e-09	0.377562
1.08957e-09	0.37211
1.09045e-09	0.366552
1.09134e-09	0.360887
1.09222e-09	0.355118
1.09311e-09	0.349244
1.09399e-09	0.343266
1.09488e-09	0.337186
1.09577e-09	0.331004
1.09665e-09	0.32472
1.09754e-09	0.318336
1.09842e-09	0.311853
1.09931e-09	0.305271
1.10019e-09	0.298592
1.10108e-09	0.291816
1.10196e-09	0.284945
1.10285e-09	0.277979
1.10374e-09	0.27092
1.10462e-09	0.263769
1.10551e-09	0.256526
1.10639e-09	0.249193
1.10728e-09	0.241772
1.10816e-09	0.234262
1.10905e-09	0.226667
1.10993e-09	0.218986
1.11082e-09	0.211221
1.1117e-09	0.203373
1.11259e-09	0.195444
1.11348e-09	0.187436
1.11436e-09	0.179348
1.11525e-09	0.171184
1.11613e-09	0.162943
1.11702e-09	0.154629
1.1179e-09	0.146241
1.11879e-09	0.137783
1.11967e-09	0.129254
1.12056e-09	0.120657
1.12144e-09	0.111994
1.12233e-09	0.103265
1.12322e-09	0.0944732
1.1241e-09	0.0856192
1.12499e-09	0.0767051
1.12587e-09	0.0677324
1.12676e-09	0.058703
1.12764e-09	0.0496184
1.12853e-09	0.0404805
1.12941e-09	0.031291
1.1303e-09	0.0220516
1.13118e-09	0.0127643
1.13207e-09	0.00343073
1.13296e-09	-0.00594717
1.13384e-09	-0.0153676
1.13473e-09	-0.0248286
1.13561e-09	-0.0343284
1.1365e-09	-0.043865
1.13738e-09	-0.0534365
1.13827e-09	-0.063041
1.13915e-09	-0.0726764
1.14004e-09	-0.0823409
1.14092e-09	-0.0920325
1.14181e-09	-0.101749
1.1427e-09	-0.111489
1.14358e-09	-0.121249
1.14447e-09	-0.131029
1.14535e-09	-0.140825
1.14624e-09	-0.150636
1.14712e-09	-0.16046
1.14801e-09	-0.170295
1.14889e-09	-0.180138
1.14978e-09	-0.189987
1.15066e-09	-0.199841
1.15155e-09	-0.209697
1.15244e-09	-0.219553
1.15332e-09	-0.229407
1.15421e-09	-0.239256
1.15509e-09	-0.249099
1.15598e-09	-0.258933
1.15686e-09	-0.268757
1.15775e-09	-0.278567
1.15863e-09	-0.288362
1.15952e-09	-0.29814
1.16041e-09	-0.307898
1.16129e-09	-0.317634
1.16218e-09	-0.327346
1.16306e-09	-0.337032
1.16395e-09	-0.346689
1.16483e-09	-0.356316
1.16572e-09	-0.365909
1.1666e-09	-0.375467
1.16749e-09	-0.384988
1.16837e-09	-0.39447
1.16926e-09	-0.403909
1.17015e-09	-0.413304
1.17103e-09	-0.422653
1.17192e-09	-0.431953
1.1728e-09	-0.441203
1.17369e-09	-0.4504
1.17457e-09	-0.459541
1.17546e-09	-0.468625
1.17634e-09	-0.47765
1.17723e-09	-0.486612
1.17811e-09	-0.495511
1.179e-09	-0.504343
1.17989e-09	-0.513107
1.18077e-09	-0.521801
1.18166e-09	-0.530422
1.18254e-09	-0.538968
1.18343e-09	-0.547437
1.18431e-09	-0.555827
1.1852e-09	-0.564136
1.18608e-09	-0.572361
1.18697e-09	-0.580501
1.18785e-09	-0.588554
1.18874e-09	-0.596516
1.18963e-09	-0.604388
1.19051e-09	-0.612165
1.1914e-09	-0.619847
1.19228e-09	-0.627431
1.19317e-09	-0.634915
1.19405e-09	-0.642297
1.19494e-09	-0.649576
1.19582e-09	-0.656749
1.19671e-09	-0.663814
1.19759e-09	-0.67077
1.19848e-09	-0.677614
1.19937e-09	-0.684345
1.20025e-09	-0.690961
1.20114e-09	-0.69746
1.20202e-09	-0.70384
1.20291e-09	-0.7101
1.20379e-09	-0.716237
1.20468e-09	-0.722249
1.20556e-09	-0.728136
1.20645e-09	-0.733896
1.20733e-09	-0.739526
1.20822e-09	-0.745025
1.20911e-09	-0.750391
1.20999e-09	-0.755623
1.21088e-09	-0.76072
1.21176e-09	-0.765679
1.21265e-09	-0.770499
1.21353e-09	-0.775179
1.21442e-09	-0.779717
1.2153e-09	-0.784112
1.21619e-09	-0.788362
1.21707e-09	-0.792466
1.21796e-09	-0.796422
1.21885e-09	-0.80023
1.21973e-09	-0.803887
1.22062e-09	-0.807393
1.2215e-09	-0.810746
1.22239e-09	-0.813946
1.22327e-09	-0.81699
1.22416e-09	-0.819879
1.22504e-09	-0.822609
1.22593e-09	-0.825182
1.22682e-09	-0.827595
1.2277e-09	-0.829848
1.22859e-09	-0.831939
1.22947e-09	-0.833868
1.23036e-09	-0.835634
1.23124e-09	-0.837235
1.23213e-09	-0.838671
1.23301e-09	-0.839942
1.2339e-09	-0.841046
1.23478e-09	-0.841982
1.23567e-09	-0.842751
1.23656e-09	-0.843351
1.23744e-09	-0.843781
1.23833e-09	-0.844042
1.23921e-09	-0.844132
1.2401e-09	-0.844051
1.24098e-09	-0.843799
1.24187e-09	-0.843374
1.24275e-09	-0.842778
1.24364e-09	-0.842008
1.24452e-09	-0.841066
1.24541e-09	-0.839951
1.2463e-09	-0.838662
1.24718e-09	-0.837199
1.24807e-09	-0.835562
1.24895e-09	-0.833751
1.24984e-09	-0.831766
1.25072e-09	-0.829607
1.25161e-09	-0.827274
1.25249e-09	-0.824766
1.25338e-09	-0.822085
1.25426e-09	-0.819229
1.25515e-09	-0.8162
1.25604e-09	-0.812997
1.25692e-09	-0.809621
1.25781e-09	-0.806071
1.25869e-09	-0.802349
1.25958e-09	-0.798454
1.26046e-09	-0.794387
1.26135e-09	-0.790149
1.26223e-09	-0.785739
1.26312e-09	-0.781159
1.264e-09	-0.776408
1.26489e-09	-0.771488
1.26578e-09	-0.766399
1.26666e-09	-0.761142
1.26755e-09	-0.755717
1.26843e-09	-0.750126
1.26932e-09	-0.744369
1.2702e-09	-0.738446
1.27109e-09	-0.73236
1.27197e-09	-0.72611
1.27286e-09	-0.719697
1.27374e-09	-0.713124
1.27463e-09	-0.70639
1.27552e-09	-0.699496
1.2764e-09	-0.692445
1.27729e-09	-0.685236
1.27817e-09	-0.677872
1.27906e-09	-0.670353
1.27994e-09	-0.662681
1.28083e-09	-0.654856
1.28171e-09	-0.646881
1.2826e-09	-0.638757
1.28349e-09	-0.630485
1.28437e-09	-0.622066
1.28526e-09	-0.613502
1.28614e-09	-0.604795
1.28703e-09	-0.595946
1.28791e-09	-0.586957
1.2888e-09	-0.577829
1.28968e-09	-0.568564
1.29057e-09	-0.559164
1.29145e-09	-0.54963
1.29234e-09	-0.539964
1.29323e-09	-0.530169
1.29411e-09	-0.520245
1.295e-09	-0.510195
1.29588e-09	-0.500021
1.29677e-09	-0.489724
1.29765e-09	-0.479306
1.29854e-09	-0.468771
1.29942e-09	-0.458118
1.30031e-09	-0.447352
1.30119e-09	-0.436473
1.30208e-09	-0.425484
1.30297e-09	-0.414387
1.30385e-09	-0.403184
1.30474e-09	-0.391877
1.30562e-09	-0.380469
1.30651e-09	-0.368962
1.30739e-09	-0.357358
1.30828e-09	-0.345659
1.30916e-09	-0.333868
1.31005e-09	-0.321988
1.31093e-09	-0.31002
1.31182e-09	-0.297966
1.31271e-09	-0.285831
1.31359e-09	-0.273615
1.31448e-09	-0.261321
1.31536e-09	-0.248952
1.31625e-09	-0.236511
1.31713e-09	-0.223999
1.31802e-09	-0.21142
1.3189e-09	-0.198776
1.31979e-09	-0.18607
1.32067e-09	-0.173304
1.32156e-09	-0.160481
1.32245e-09	-0.147604
1.32333e-09	-0.134674
1.32422e-09	-0.121696
1.3251e-09	-0.108672
1.32599e-09	-0.0956037
1.32687e-09	-0.0824948
1.32776e-09	-0.0693477
1.32864e-09	-0.0561653
1.32953e-09	-0.0429504
1.33041e-09	-0.0297057
1.3313e-09	-0.016434
1.33219e-09	-0.00313811
1.33307e-09	0.0101791
1.33396e-09	0.0235148
1.33484e-09	0.0368663
1.33573e-09	0.0502305
1.33661e-09	0.0636047
1.3375e-09	0.0769861
1.33838e-09	0.0903718
1.33927e-09	0.103759
1.34015e-09	0.117144
1.34104e-09	0.130526
1.34193e-09	0.1439
1.34281e-09	0.157263
1.3437e-09	0.170614
1.34458e-09	0.183949
1.34547e-09	0.197266
1.34635e-09	0.21056
1.34724e-09	0.22383
1.34812e-09	0.237073
1.34901e-09	0.250285
1.3499e-09	0.263465
1.35078e-09	0.276608
1.35167e-09	0.289712
1.35255e-09	0.302775
1.35344e-09	0.315793
1.35432e-09	0.328764
1.35521e-09	0.341684
1.35609e-09	0.354551
1.35698e-09	0.367362
1.35786e-09	0.380115
1.35875e-09	0.392806
1.35964e-09	0.405433
1.36052e-09	0.417992
1.36141e-09	0.430482
1.36229e-09	0.442899
1.36318e-09	0.45524
1.36406e-09	0.467504
1.36495e-09	0.479687
1.36583e-09	0.491786
1.36672e-09	0.503799
1.3676e-09	0.515723
1.36849e-09	0.527556
1.36938e-09	0.539294
1.37026e-09	0.550936
1.37115e-09	0.562479
1.37203e-09	0.573919
1.37292e-09	0.585256
1.3738e-09	0.596485
1.37469e-09	0.607605
1.37557e-09	0.618613
1.37646e-09	0.629506
1.37734e-09	0.640283
1.37823e-09	0.650941
1.37912e-09	0.661477
1.38e-09	0.671889
1.38089e-09	0.682174
1.38177e-09	0.692331
1.38266e-09	0.702358
1.38354e-09	0.712251
1.38443e-09	0.722008
1.38531e-09	0.731629
1.3862e-09	0.741109
1.38708e-09	0.750448
1.38797e-09	0.759643
1.38886e-09	0.768692
1.38974e-09	0.777593
1.39063e-09	0.786343
1.39151e-09	0.794942
1.3924e-09	0.803387
1.39328e-09	0.811676
1.39417e-09	0.819808
1.39505e-09	0.82778
1.39594e-09	0.83559
1.39682e-09	0.843238
1.39771e-09	0.850721
1.3986e-09	0.858037
1.39948e-09	0.865185
1.40037e-09	0.872163
1.40125e-09	0.87897
1.40214e-09	0.885604
1.40302e-09	0.892064
1.40391e-09	0.898348
1.40479e-09	0.904454
1.40568e-09	0.910382
1.40656e-09	0.91613
1.40745e-09	0.921696
1.40834e-09	0.927081
1.40922e-09	0.932281
1.41011e-09	0.937296
1.41099e-09	0.942125
1.41188e-09	0.946767
1.41276e-09	0.951221
1.41365e-09	0.955486
1.41453e-09	0.95956
1.41542e-09	0.963443
1.41631e-09	0.967134
1.41719e-09	0.970633
1.41808e-09	0.973937
1.41896e-09	0.977047
1.41985e-09	0.979962
1.42073e-09	0.982682
1.42162e-09	0.985205
1.4225e-09	0.987531
1.42339e-09	0.989659
1.42427e-09	0.99159
1.42516e-09	0.993322
1.42605e-09	0.994855
1.42693e-09	0.996189
1.42782e-09	0.997323
1.4287e-09	0.998258
1.42959e-09	0.998993
1.43047e-09	0.999528
1.43136e-09	0.999863
1.43224e-09	0.999997
1.43313e-09	0.999931
1.43401e-09	0.999665
1.4349e-09	0.999198
1.43579e-09	0.998531
1.43667e-09	0.997665
1.43756e-09	0.996598
1.43844e-09	0.995332
1.43933e-09	0.993867
1.44021e-09	0.992202
1.4411e-09	0.99034
1.44198e-09	0.988279
1.44287e-09	0.98602
1.44375e-09	0.983564
1.44464e-09	0.980912
1.44553e-09	0.978063
1.44641e-09	0.97502
1.4473e-09	0.971781
1.44818e-09	0.968349
1.44907e-09	0.964723
1.44995e-09	0.960905
1.45084e-09	0.956896
1.45172e-09	0.952697
1.45261e-09	0.948307
1.45349e-09	0.943729
1.45438e-09	0.938964
1.45527e-09	0.934012
1.45615e-09	0.928874
1.45704e-09	0.923553
1.45792e-09	0.918048
1.45881e-09	0.912362
1.45969e-09	0.906496
1.46058e-09	0.90045
1.46146e-09	0.894226
1.46235e-09	0.887826
1.46323e-09	0.881252
1.46412e-09	0.874503
1.46501e-09	0.867583
1.46589e-09	0.860493
1.46678e-09	0.853234
1.46766e-09	0.845808
1.46855e-09	0.838216
1.46943e-09	0.830461
1.47032e-09	0.822544
1.4712e-09	0.814467
1.47209e-09	0.806231
1.47298e-09	0.797839
1.47386e-09	0.789293
1.47475e-09	0.780593
1.47563e-09	0.771743
1.47652e-09	0.762745
1.4774e-09	0.753599
1.47829e-09	0.744309
1.47917e-09	0.734877
1.48006e-09	0.725304
1.48094e-09	0.715593
1.48183e-09	0.705746
1.48272e-09	0.695765
1.4836e-09	0.685652
1.48449e-09	0.67541
1.48537e-09	0.665041
1.48626e-09	0.654547
1.48714e-09	0.64393
1.48803e-09	0.633194
1.48891e-09	0.62234
1.4898e-09	0.611371
1.49068e-09	0.600289
1.49157e-09	0.589097
1.49246e-09	0.577797
1.49334e-09	0.566391
1.49423e-09	0.554883
1.49511e-09	0.543275
1.496e-09	0.531569
1.49688e-09	0.519768
1.49777e-09	0.507875
1.49865e-09	0.495892
1.49954e-09	0.483822
1.50042e-09	0.471667
1.50131e-09	0.459431
1.5022e-09	0.447115
1.50308e-09	0.434724
1.50397e-09	0.422259
1.50485e-09	0.409723
1.50574e-09	0.397119
1.50662e-09	0.384449
1.50751e-09	0.371717
1.50839e-09	0.358926
1.50928e-09	0.346077
1.51016e-09	0.333175
1.51105e-09	0.320221
1.51194e-09	0.307219
1.51282e-09	0.294171
1.51371e-09	0.281081
1.51459e-09	0.26795
1.51548e-09	0.254783
1.51636e-09	0.241582
1.51725e-09	0.228349
1.51813e-09	0.215088
1.51902e-09	0.201801
1.5199e-09	0.188492
1.52079e-09	0.175163
1.52168e-09	0.161817
1.52256e-09	0.148458
1.52345e-09	0.135087
1.52433e-09	0.121708
1.52522e-09	0.108323
1.5261e-09	0.0949363
1.52699e-09	0.0815499
1.52787e-09	0.0681667
1.52876e-09	0.0547897
1.52964e-09	0.0414217
1.53053e-09	0.0280656
1.53142e-09	0.0147242
1.5323e-09	0.00140038
1.53319e-09	-0.0119031
1.53407e-09	-0.0251833
1.53496e-09	-0.0384376
1.53584e-09	-0.051663
1.53673e-09	-0.0648568
1.53761e-09	-0.0780162
1.5385e-09	-0.0911384
1.53939e-09	-0.104221
1.54027e-09	-0.11726
1.54116e-09	-0.130255
1.54204e-09	-0.143201
1.54293e-09	-0.156096
1.54381e-09	-0.168938
1.5447e-09	-0.181724
1.54558e-09	-0.194451
1.54647e-09	-0.207116
1.54735e-09	-0.219718
1.54824e-09	-0.232253
1.54913e-09	-0.244718
1.55001e-09	-0.257112
1.5509e-09	-0.269432
1.55178e-09	-0.281674
1.55267e-09	-0.293838
1.55355e-09	-0.305919
1.55444e-09	-0.317917
1.55532e-09	-0.329827
1.55621e-09	-0.341649
1.55709e-09	-0.35338
1.55798e-09	-0.365016
1.55887e-09	-0.376557
1.55975e-09	-0.387999
1.56064e-09	-0.39934
1.56152e-09	-0.410579
1.56241e-09	-0.421712
1.56329e-09	-0.432738
1.56418e-09	-0.443655
1.56506e-09	-0.45446
1.56595e-09	-0.465152
1.56683e-09	-0.475727
1.56772e-09	-0.486185
1.56861e-09	-0.496523
1.56949e-09	-0.50674
1.57038e-09	-0.516832
1.57126e-09	-0.526799
1.57215e-09	-0.536639
1.57303e-09	-0.546349
1.57392e-09	-0.555928
1.5748e-09	-0.565374
1.57569e-09	-0.574685
1.57657e-09	-0.58386
1.57746e-09	-0.592897
1.57835e-09	-0.601794
1.57923e-09	-0.610549
1.58012e-09	-0.619162
1.581e-09	-0.627631
1.58189e-09	-0.635953
1.58277e-09	-0.644128
1.58366e-09	-0.652154
1.58454e-09	-0.66003
1.58543e-09	-0.667754
1.58631e-09	-0.675325
1.5872e-09	-0.682743
1.58809e-09	-0.690004
1.58897e-09	-0.69711
1.58986e-09	-0.704057
1.59074e-09	-0.710845
1.59163e-09	-0.717474
1.59251e-09	-0.723941
1.5934e-09	-0.730247
1.59428e-09	-0.736389
1.59517e-09	-0.742368
1.59605e-09	-0.748182
1.59694e-09	-0.75383
1.59783e-09	-0.759311
1.59871e-09	-0.764625
1.5996e-09	-0.769772
1.60048e-09	-0.774749
1.60137e-09	-0.779558
1.60225e-09	-0.784196
1.60314e-09	-0.788664
1.60402e-09	-0.792961
1.60491e-09	-0.797087
1.6058e-09	-0.80104
1.60668e-09	-0.804821
1.60757e-09	-0.80843
1.60845e-09	-0.811865
1.60934e-09	-0.815127
1.61022e-09	-0.818216
1.61111e-09	-0.821131
1.61199e-09	-0.823872
1.61288e-09	-0.826439
1.61376e-09	-0.828831
1.61465e-09	-0.83105
1.61554e-09	-0.833094
1.61642e-09	-0.834964
1.61731e-09	-0.83666
1.61819e-09	-0.838182
1.61908e-09	-0.839531
1.61996e-09	-0.840705
1.62085e-09	-0.841707
1.62173e-09	-0.842535
1.62262e-09	-0.84319
1.6235e-09	-0.843673
1.62439e-09	-0.843984
1.62528e-09	-0.844123
1.62616e-09	-0.844092
1.62705e-09	-0.843889
1.62793e-09	-0.843517
1.62882e-09	-0.842974
1.6297e-09	-0.842263
1.63059e-09	-0.841384
1.63147e-09	-0.840337
1.63236e-09	-0.839123
1.63324e-09	-0.837743
1.63413e-09	-0.836198
1.63502e-09	-0.834488
1.6359e-09	-0.832615
1.63679e-09	-0.830579
1.63767e-09	-0.828381
1.63856e-09	-0.826023
1.63944e-09	-0.823505
1.64033e-09	-0.820827
1.64121e-09	-0.817993
1.6421e-09	-0.815001
1.64298e-09	-0.811855
1.64387e-09	-0.808554
1.64476e-09	-0.805099
1.64564e-09	-0.801494
1.64653e-09	-0.797737
1.64741e-09	-0.793831
1.6483e-09	-0.789778
1.64918e-09	-0.785577
1.65007e-09	-0.781232
1.65095e-09	-0.776743
1.65184e-09	-0.772111
1.65272e-09	-0.767338
1.65361e-09	-0.762426
1.6545e-09	-0.757376
1.65538e-09	-0.75219
1.65627e-09	-0.746869
1.65715e-09	-0.741415
1.65804e-09	-0.73583
1.65892e-09	-0.730114
1.65981e-09	-0.724271
1.66069e-09	-0.718301
1.66158e-09	-0.712206
1.66247e-09	-0.705988
1.66335e-09	-0.699649
1.66424e-09	-0.69319
1.66512e-09	-0.686614
1.66601e-09	-0.679922
1.66689e-09	-0.673116
1.66778e-09	-0.666198
1.66866e-09	-0.65917
1.66955e-09	-0.652034
1.67043e-09	-0.644791
1.67132e-09	-0.637443
1.67221e-09	-0.629994
1.67309e-09	-0.622444
1.67398e-09	-0.614795
1.67486e-09	-0.60705
1.67575e-09	-0.599211
1.67663e-09	-0.591279
1.67752e-09	-0.583257
1.6784e-09	-0.575146
1.67929e-09	-0.56695
1.68017e-09	-0.558669
1.68106e-09	-0.550307
1.68195e-09	-0.541864
1.68283e-09	-0.533344
1.68372e-09	-0.524749
1.6846e-09	-0.51608
1.68549e-09	-0.507339
1.68637e-09	-0.49853
1.68726e-09	-0.489654
1.68814e-09	-0.480713
1.68903e-09	-0.471709
1.68991e-09	-0.462645
1.6908e-09	-0.453523
1.69169e-09	-0.444345
1.69257e-09	-0.435113
1.69346e-09	-0.42583
1.69434e-09	-0.416497
1.69523e-09	-0.407117
1.69611e-09	-0.397693
1.697e-09	-0.388226
1.69788e-09	-0.378718
1.69877e-09	-0.369172
1.69965e-09	-0.35959
1.70054e-09	-0.349975
1.70143e-09	-0.340328
1.70231e-09	-0.330652
1.7032e-09	-0.320948
1.70408e-09	-0.31122
1.70497e-09	-0.301469
1.70585e-09	-0.291698
1.70674e-09	-0.281909
1.70762e-09	-0.272103
1.70851e-09	-0.262284
1.70939e-09	-0.252453
1.71028e-09	-0.242613
1.71117e-09	-0.232766
1.71205e-09	-0.222913
1.71294e-09	-0.213058
1.71382e-09	-0.203202
1.71471e-09	-0.193347
1.71559e-09	-0.183496
1.71648e-09	-0.17365
1.71736e-09	-0.163812
1.71825e-09	-0.153985
1.71913e-09	-0.144169
1.72002e-09	-0.134367
1.72091e-09	-0.124582
1.72179e-09	-0.114814
1.72268e-09	-0.105067
1.72356e-09	-0.0953428
1.72445e-09	-0.0856425
1.72533e-09	-0.0759686
1.72622e-09	-0.066323
1.7271e-09	-0.0567077
1.72799e-09	-0.0471248
1.72888e-09	-0.037576
1.72976e-09	-0.0280635
1.73065e-09	-0.018589
1.73153e-09	-0.00915455
1.73242e-09	0.000238057
1.7333e-09	0.00958694
1.73419e-09	0.0188902
1.73507e-09	0.0281462
1.73596e-09	0.0373529
1.73684e-09	0.0465086
1.73773e-09	0.0556115
1.73862e-09	0.06466
1.7395e-09	0.0736522
1.74039e-09	0.0825865
1.74127e-09	0.0914611
1.74216e-09	0.100274
1.74304e-09	0.109025
1.74393e-09	0.117711
1.74481e-09	0.12633
1.7457e-09	0.134882
1.74658e-09	0.143365
1.74747e-09	0.151777
1.74836e-09	0.160117
1.74924e-09	0.168382
1.75013e-09	0.176573
1.75101e-09	0.184687
1.7519e-09	0.192723
1.75278e-09	0.200679
1.75367e-09	0.208554
1.75455e-09	0.216348
1.75544e-09	0.224057
1.75632e-09	0.231682
1.75721e-09	0.239221
1.7581e-09	0.246673
1.75898e-09	0.254036
1.75987e-09	0.261309
1.76075e-09	0.268492
1.76164e-09	0.275583
1.76252e-09	0.282581
1.76341e-09	0.289484
1.76429e-09	0.296293
1.76518e-09	0.303005
1.76606e-09	0.30962
1.76695e-09	0.316137
1.76784e-09	0.322555
1.76872e-09	0.328872
1.76961e-09	0.335089
1.77049e-09	0.341205
1.77138e-09	0.347217
1.77226e-09	0.353127
1.77315e-09	0.358932
1.77403e-09	0.364632
1.77492e-09	0.370227
1.7758e-09	0.375715
1.77669e-09	0.381097
1.77758e-09	0.386371
1.77846e-09	0.391536
1.77935e-09	0.396593
1.78023e-09	0.401541
1.78112e-09	0.406379
1.782e-09	0.411107
1.78289e-09	0.415723
1.78377e-09	0.420229
1.78466e-09	0.424623
1.78555e-09	0.428905
1.78643e-09	0.433075
1.78732e-09	0.437132
1.7882e-09	0.441076
1.78909e-09	0.444907
1.78997e-09	0.448624
1.79086e-09	0.452228
1.79174e-09	0.455718
1.79263e-09	0.459094
1.79351e-09	0.462355
1.7944e-09	0.465503
1.79529e-09	0.468536
1.79617e-09	0.471455
1.79706e-09	0.474259
1.79794e-09	0.476949
1.79883e-09	0.479525
1.79971e-09	0.481986
1.8006e-09	0.484333
1.80148e-09	0.486566
1.80237e-09	0.488686
1.80325e-09	0.490691
1.80414e-09	0.492583
1.80503e-09	0.494361
1.80591e-09	0.496026
1.8068e-09	0.497579
1.80768e-09	0.499018
1.80857e-09	0.500346
1.80945e-09	0.501561
1.81034e-09	0.502665
1.81122e-09	0.503658
1.81211e-09	0.50454
1.81299e-09	0.505312
1.81388e-09	0.505974
1.81477e-09	0.506526
1.81565e-09	0.506969
1.81654e-09	0.507305
1.81742e-09	0.507532
1.81831e-09	0.507652
1.81919e-09	0.507665
1.82008e-09	0.507572
1.82096e-09	0.507374
1.82185e-09	0.507072
1.82273e-09	0.506665
1.82362e-09	0.506154
1.82451e-09	0.505541
1.82539e-09	0.504826
1.82628e-09	0.50401
1.82716e-09	0.503094
1.82805e-09	0.502078
1.82893e-09	0.500963
1.82982e-09	0.49975
1.8307e-09	0.498441
1.83159e-09	0.497034
1.83247e-09	0.495533
1.83336e-09	0.493937
1.83425e-09	0.492248
1.83513e-09	0.490466
1.83602e-09	0.488592
1.8369e-09	0.486628
1.83779e-09	0.484574
1.83867e-09	0.482432
1.83956e-09	0.480202
1.84044e-09	0.477885
1.84133e-09	0.475483
1.84221e-09	0.472996
1.8431e-09	0.470425
1.84399e-09	0.467773
1.84487e-09	0.465039
1.84576e-09	0.462225
1.84664e-09	0.459331
1.84753e-09	0.45636
1.84841e-09	0.453313
1.8493e-09	0.450189
1.85018e-09	0.446991
1.85107e-09	0.44372
1.85196e-09	0.440377
1.85284e-09	0.436963
1.85373e-09	0.433479
1.85461e-09	0.429927
1.8555e-09	0.426308
1.85638e-09	0.422622
1.85727e-09	0.418872
1.85815e-09	0.415058
1.85904e-09	0.411182
1.85992e-09	0.407245
1.86081e-09	0.403249
1.8617e-09	0.399194
1.86258e-09	0.395081
1.86347e-09	0.390913
1.86435e-09	0.38669
1.86524e-09	0.382414
1.86612e-09	0.378086
1.86701e-09	0.373707
1.86789e-09	0.369279
1.86878e-09	0.364803
1.86966e-09	0.36028
1.87055e-09	0.355711
1.87144e-09	0.351099
1.87232e-09	0.346443
1.87321e-09	0.341746
1.87409e-09	0.337009
1.87498e-09	0.332233
1.87586e-09	0.32742
1.87675e-09	0.32257
1.87763e-09	0.317686
1.87852e-09	0.312768
1.8794e-09	0.307818
1.88029e-09	0.302837
1.88118e-09	0.297826
1.88206e-09	0.292787
1.88295e-09	0.287721
1.88383e-09	0.28263
1.88472e-09	0.277514
1.8856e-09	0.272375
1.88649e-09	0.267215
1.88737e-09	0.262034
1.88826e-09	0.256834
1.88914e-09	0.251616
1.89003e-09	0.246382
1.89092e-09	0.241133
1.8918e-09	0.235869
1.89269e-09	0.230593
1.89357e-09	0.225306
1.89446e-09	0.220009
1.89534e-09	0.214702
1.89623e-09	0.209388
1.89711e-09	0.204068
1.898e-09	0.198743
1.89888e-09	0.193414
1.89977e-09	0.188082
1.90066e-09	0.182748
1.90154e-09	0.177415
1.90243e-09	0.172082
1.90331e-09	0.166752
1.9042e-09	0.161425
1.90508e-09	0.156102
1.90597e-09	0.150786
1.90685e-09	0.145476
1.90774e-09	0.140174
1.90862e-09	0.134881
1.90951e-09	0.129598
1.9104e-09	0.124327
1.91128e-09	0.119068
1.91217e-09	0.113823
1.91305e-09	0.108593
1.91394e-09	0.103378
1.91482e-09	0.0981798
1.91571e-09	0.0929996
1.91659e-09	0.0878384
1.91748e-09	0.082697
1.91837e-09	0.0775766
1.91925e-09	0.0724781
1.92014e-09	0.0674026
1.92102e-09	0.0623509
1.92191e-09	0.0573241
1.92279e-09	0.0523231
1.92368e-09	0.0473489
1.92456e-09	0.0424024
1.92545e-09	0.0374844
1.92633e-09	0.032596
1.92722e-09	0.027738
1.92811e-09	0.0229112
1.92899e-09	0.0181165
1.92988e-09	0.0133548
1.93076e-09	0.00862692
1.93165e-09	0.00393364
1.93253e-09	-0.000724229
1.93342e-09	-0.00534589
1.9343e-09	-0.00993056
1.93519e-09	-0.0144775
1.93607e-09	-0.0189859
1.93696e-09	-0.0234551
1.93785e-09	-0.0278844
1.93873e-09	-0.0322731
1.93962e-09	-0.0366204
1.9405e-09	-0.0409257
1.94139e-09	-0.0451884
1.94227e-09	-0.0494077
1.94316e-09	-0.0535832
1.94404e-09	-0.0577141
1.94493e-09	-0.0617999
1.94581e-09	-0.06584
1.9467e-09	-0.0698337
1.94759e-09	-0.0737807
1.94847e-09	-0.0776803
1.94936e-09	-0.081532
1.95024e-09	-0.0853353
1.95113e-09	-0.0890898
1.95201e-09	-0.0927949
1.9529e-09	-0.0964501
1.95378e-09	-0.100055
1.95467e-09	-0.103609
1.95555e-09	-0.107113
1.95644e-09	-0.110564
1.95733e-09	-0.113964
1.95821e-09	-0.117312
1.9591e-09	-0.120607
1.95998e-09	-0.123849
1.96087e-09	-0.127038
1.96175e-09	-0.130173
1.96264e-09	-0.133255
1.96352e-09	-0.136282
1.96441e-09	-0.139255
1.96529e-09	-0.142174
1.96618e-09	-0.145037
1.96707e-09	-0.147845
1.96795e-09	-0.150599
1.96884e-09	-0.153296
1.96972e-09	-0.155938
1.97061e-09	-0.158525
1.97149e-09	-0.161055
1.97238e-09	-0.16353
1.97326e-09	-0.165948
1.97415e-09	-0.16831
1.97504e-09	-0.170615
1.97592e-09	-0.172864
1.97681e-09	-0.175057
1.97769e-09	-0.177193
1.97858e-09	-0.179273
1.97946e-09	-0.181296
1.98035e-09	-0.183263
1.98123e-09	-0.185173
1.98212e-09	-0.187026
1.983e-09	-0.188823
1.98389e-09	-0.190564
1.98478e-09	-0.192248
1.98566e-09	-0.193876
1.98655e-09	-0.195448
1.98743e-09	-0.196964
1.98832e-09	-0.198424
1.9892e-09	-0.199828
1.99009e-09	-0.201176
1.99097e-09	-0.202469
1.99186e-09	-0.203706
1.99274e-09	-0.204889
1.99363e-09	-0.206016
1.99452e-09	-0.207089
1.9954e-09	-0.208107
1.99629e-09	-0.20907
1.99717e-09	-0.20998
1.99806e-09	-0.210836
1.99894e-09	-0.211638
1.99983e-09	-0.212386
2.00071e-09	-0.213082
2.0016e-09	-0.213725
2.00248e-09	-0.214316
2.00337e-09	-0.214854
2.00426e-09	-0.215341
2.00514e-09	-0.215776
2.00603e-09	-0.21616
2.00691e-09	-0.216493
2.0078e-09	-0.216776
2.00868e-09	-0.217008
2.00957e-09	-0.217191
2.01045e-09	-0.217325
2.01134e-09	-0.21741
2.01222e-09	-0.217446
2.01311e-09	-0.217434
2.014e-09	-0.217375
2.01488e-09	-0.217268
2.01577e-09	-0.217115
2.01665e-09	-0.216915
2.01754e-09	-0.216669
2.01842e-09	-0.216378
2.01931e-09	-0.216042
2.02019e-09	-0.215661
2.02108e-09	-0.215237
2.02196e-09	-0.214768
2.02285e-09	-0.214257
2.02374e-09	-0.213703
2.02462e-09	-0.213108
2.02551e-09	-0.21247
2.02639e-09	-0.211792
2.02728e-09	-0.211073
2.02816e-09	-0.210314
2.02905e-09	-0.209516
2.02993e-09	-0.208679
2.03082e-09	-0.207803
2.0317e-09	-0.20689
2.03259e-09	-0.205939
2.03348e-09	-0.204952
2.03436e-09	-0.203929
2.03525e-09	-0.20287
2.03613e-09	-0.201776
2.03702e-09	-0.200647
2.0379e-09	-0.199485
2.03879e-09	-0.19829
2.03967e-09	-0.197061
2.04056e-09	-0.195801
2.04145e-09	-0.194509
2.04233e-09	-0.193186
2.04322e-09	-0.191833
2.0441e-09	-0.19045
2.04499e-09	-0.189038
2.04587e-09	-0.187597
2.04676e-09	-0.186128
2.04764e-09	-0.184632
2.04853e-09	-0.183109
2.04941e-09	-0.18156
2.0503e-09	-0.179986
2.05119e-09	-0.178386
2.05207e-09	-0.176762
2.05296e-09	-0.175114
2.05384e-09	-0.173444
2.05473e-09	-0.17175
2.05561e-09	-0.170035
2.0565e-09	-0.168298
2.05738e-09	-0.166541
2.05827e-09	-0.164763
2.05915e-09	-0.162966
2.06004e-09	-0.16115
2.06093e-09	-0.159316
2.06181e-09	-0.157464
2.0627e-09	-0.155595
2.06358e-09	-0.153709
2.06447e-09	-0.151808
2.06535e-09	-0.149891
2.06624e-09	-0.147959
2.06712e-09	-0.146013
2.06801e-09	-0.144054
2.06889e-09	-0.142082
2.06978e-09	-0.140097
2.07067e-09	-0.138101
2.07155e-09	-0.136093
2.07244e-09	-0.134075
2.07332e-09	-0.132047
2.07421e-09	-0.130009
2.07509e-09	-0.127962
2.07598e-09	-0.125907
2.07686e-09	-0.123844
2.07775e-09	-0.121774
2.07863e-09	-0.119697
2.07952e-09	-0.117615
2.08041e-09	-0.115526
2.08129e-09	-0.113433
2.08218e-09	-0.111335
2.08306e-09	-0.109233
2.08395e-09	-0.107128
2.08483e-09	-0.10502
2.08572e-09	-0.102909
2.0866e-09	-0.100797
2.08749e-09	-0.0986832
2.08837e-09	-0.0965687
2.08926e-09	-0.094454
2.09015e-09	-0.0923395
2.09103e-09	-0.0902256
2.09192e-09	-0.0881129
2.0928e-09	-0.0860019
2.09369e-09	-0.0838931
2.09457e-09	-0.0817869
2.09546e-09	-0.0796838
2.09634e-09	-0.0775843
2.09723e-09	-0.0754888
2.09812e-09	-0.0733978
2.099e-09	-0.0713117
2.09989e-09	-0.069231
2.10077e-09	-0.0671561
2.10166e-09	-0.0650875
2.10254e-09	-0.0630255
2.10343e-09	-0.0609706
2.10431e-09	-0.0589233
2.1052e-09	-0.0568839
2.10608e-09	-0.0548528
2.10697e-09	-0.0528304
2.10786e-09	-0.0508171
2.10874e-09	-0.0488134
2.10963e-09	-0.0468195
2.11051e-09	-0.0448358
2.1114e-09	-0.0428628
2.11228e-09	-0.0409008
2.11317e-09	-0.0389501
2.11405e-09	-0.037011
2.11494e-09	-0.035084
2.11582e-09	-0.0331693
2.11671e-09	-0.0312674
2.1176e-09	-0.0293784
2.11848e-09	-0.0275027
2.11937e-09	-0.0256407
2.12025e-09	-0.0237926
2.12114e-09	-0.0219587
2.12202e-09	-0.0201394
2.12291e-09	-0.0183348
2.12379e-09	-0.0165454
2.12468e-09	-0.0147712
2.12556e-09	-0.0130127
2.12645e-09	-0.0112701
2.12734e-09	-0.00954357
2.12822e-09	-0.00783341
2.12911e-09	-0.00613985
2.12999e-09	-0.00446312
2.13088e-09	-0.00280345
2.13176e-09	-0.00116104
2.13265e-09	0.000463875
2.13353e-09	0.00207111
2.13442e-09	0.00366045
2.1353e-09	0.00523172
2.13619e-09	0.00678472
2.13708e-09	0.00831928
2.13796e-09	0.00983522
2.13885e-09	0.0113324
2.13973e-09	0.0128106
2.14062e-09	0.0142697
2.1415e-09	0.0157096
2.14239e-09	0.0171302
2.14327e-09	0.0185311
2.14416e-09	0.0199125
2.14504e-09	0.0212741
2.14593e-09	0.0226158
2.14682e-09	0.0239375
2.1477e-09	0.0252392
2.14859e-09	0.0265206
2.14947e-09	0.0277818
2.15036e-09	0.0290226
2.15124e-09	0.0302429
2.15213e-09	0.0314428
2.15301e-09	0.032622
2.1539e-09	0.0337807
2.15478e-09	0.0349186
2.15567e-09	0.0360357
2.15656e-09	0.0371321
2.15744e-09	0.0382076
2.15833e-09	0.0392623
2.15921e-09	0.0402961
2.1601e-09	0.041309
2.16098e-09	0.0423009
2.16187e-09	0.0432719
2.16275e-09	0.044222
2.16364e-09	0.0451511
2.16453e-09	0.0460593
2.16541e-09	0.0469465
2.1663e-09	0.0478129
2.16718e-09	0.0486583
2.16807e-09	0.0494829
2.16895e-09	0.0502867
2.16984e-09	0.0510696
2.17072e-09	0.0518318
2.17161e-09	0.0525733
2.17249e-09	0.0532941
2.17338e-09	0.0539943
2.17427e-09	0.054674
2.17515e-09	0.0553331
2.17604e-09	0.0559719
2.17692e-09	0.0565903
2.17781e-09	0.0571885
2.17869e-09	0.0577664
2.17958e-09	0.0583243
2.18046e-09	0.0588622
2.18135e-09	0.0593801
2.18223e-09	0.0598782
2.18312e-09	0.0603566
2.18401e-09	0.0608154
2.18489e-09	0.0612548
2.18578e-09	0.0616747
2.18666e-09	0.0620753
2.18755e-09	0.0624568
2.18843e-09	0.0628193
2.18932e-09	0.0631629
2.1902e-09	0.0634877
2.19109e-09	0.0637938
2.19197e-09	0.0640815
2.19286e-09	0.0643509
2.19375e-09	0.064602
2.19463e-09	0.064835
2.19552e-09	0.0650501
2.1964e-09	0.0652475
2.19729e-09	0.0654273
2.19817e-09	0.0655896
2.19906e-09	0.0657346
2.19994e-09	0.0658625
2.20083e-09	0.0659735
2.20171e-09	0.0660676
2.2026e-09	0.0661451
2.20349e-09	0.0662062
2.20437e-09	0.066251
2.20526e-09	0.0662797
2.20614e-09	0.0662925
2.20703e-09	0.0662896
2.20791e-09	0.0662711
2.2088e-09	0.0662372
2.20968e-09	0.0661882
2.21057e-09	0.0661242
2.21145e-09	0.0660454
2.21234e-09	0.0659519
2.21323e-09	0.0658441
2.21411e-09	0.065722
2.215e-09	0.0655859
2.21588e-09	0.065436
2.21677e-09	0.0652725
2.21765e-09	0.0650956
2.21854e-09	0.0649054
2.21942e-09	0.0647022
2.22031e-09	0.0644861
2.22119e-09	0.0642575
2.22208e-09	0.0640165
2.22297e-09	0.0637632
2.22385e-09	0.063498
2.22474e-09	0.063221
2.22562e-09	0.0629324
2.22651e-09	0.0626324
2.22739e-09	0.0623213
2.22828e-09	0.0619992
2.22916e-09	0.0616664
2.23005e-09	0.061323
2.23094e-09	0.0609694
2.23182e-09	0.0606056
2.23271e-09	0.0602319
2.23359e-09	0.0598485
2.23448e-09	0.0594557
2.23536e-09	0.0590536
2.23625e-09	0.0586424
2.23713e-09	0.0582224
2.23802e-09	0.0577937
2.2389e-09	0.0573567
2.23979e-09	0.0569114
2.24068e-09	0.0564581
2.24156e-09	0.055997
2.24245e-09	0.0555284
2.24333e-09	0.0550523
2.24422e-09	0.0545691
2.2451e-09	0.0540789
2.24599e-09	0.053582
2.24687e-09	0.0530785
2.24776e-09	0.0525687
2.24864e-09	0.0520527
2.24953e-09	0.0515308
2.25042e-09	0.0510031
2.2513e-09	0.0504699
2.25219e-09	0.0499314
2.25307e-09	0.0493878
2.25396e-09	0.0488392
2.25484e-09	0.0482858
2.25573e-09	0.0477279
2.25661e-09	0.0471657
2.2575e-09	0.0465993
2.25838e-09	0.046029
2.25927e-09	0.0454549
2.26016e-09	0.0448771
2.26104e-09	0.044296
2.26193e-09	0.0437117
2.26281e-09	0.0431244
2.2637e-09	0.0425342
2.26458e-09	0.0419414
2.26547e-09	0.0413461
2.26635e-09	0.0407485
2.26724e-09	0.0401488
2.26812e-09	0.0395472
2.26901e-09	0.0389438
2.2699e-09	0.0383387
2.27078e-09	0.0377323
2.27167e-09	0.0371246
2.27255e-09	0.0365159
2.27344e-09	0.0359062
2.27432e-09	0.0352957
2.27521e-09	0.0346847
2.27609e-09	0.0340733
2.27698e-09	0.0334615
2.27786e-09	0.0328497
2.27875e-09	0.0322379
2.27964e-09	0.0316262
2.28052e-09	0.031015
2.28141e-09	0.0304042
2.28229e-09	0.029794
2.28318e-09	0.0291847
2.28406e-09	0.0285762
2.28495e-09	0.0279689
2.28583e-09	0.0273627
2.28672e-09	0.0267579
2.28761e-09	0.0261546
2.28849e-09	0.0255528
2.28938e-09	0.0249528
2.29026e-09	0.0243547
2.29115e-09	0.0237586
2.29203e-09	0.0231646
2.29292e-09	0.0225729
2.2938e-09	0.0219835
2.29469e-09	0.0213966
2.29557e-09	0.0208123
2.29646e-09	0.0202307
2.29735e-09	0.019652
2.29823e-09	0.0190761
2.29912e-09	0.0185033
2.3e-09	0.0179337
2.30089e-09	0.0173673
2.30177e-09	0.0168043
2.30266e-09	0.0162447
2.30354e-09	0.0156886
2.30443e-09	0.0151362
2.30531e-09	0.0145875
2.3062e-09	0.0140427
2.30709e-09	0.0135017
2.30797e-09	0.0129648
2.30886e-09	0.0124319
2.30974e-09	0.0119032
2.31063e-09	0.0113787
2.31151e-09	0.0108586
2.3124e-09	0.0103428
2.31328e-09	0.00983154
2.31417e-09	0.00932478
2.31505e-09	0.00882263
2.31594e-09	0.00832515
2.31683e-09	0.00783241
2.31771e-09	0.00734446
2.3186e-09	0.00686138
2.31948e-09	0.00638321
2.32037e-09	0.00591002
2.32125e-09	0.00544185
2.32214e-09	0.00497877
2.32302e-09	0.00452082
2.32391e-09	0.00406804
2.32479e-09	0.00362049
2.32568e-09	0.00317821
2.32657e-09	0.00274124
2.32745e-09	0.00230962
2.32834e-09	0.0018834
2.32922e-09	0.0014626
2.33011e-09	0.00104726
2.33099e-09	0.000637411
2.33188e-09	0.000233089
2.33276e-09	-0.000165679
2.33365e-09	-0.000558867
2.33453e-09	-0.000946449
2.33542e-09	-0.0013284
2.33631e-09	-0.00170471
2.33719e-09	-0.00207534
2.33808e-09	-0.00244028
2.33896e-09	-0.00279952
2.33985e-09	-0.00315304
2.34073e-09	-0.00350083
2.34162e-09	-0.00384288
2.3425e-09	-0.00417917
2.34339e-09	-0.0045097
2.34427e-09	-0.00483447
2.34516e-09	-0.00515346
2.34605e-09	-0.00546669
2.34693e-09	-0.00577413
2.34782e-09	-0.0060758
2.3487e-09	-0.0063717
2.34959e-09	-0.00666182
2.35047e-09	-0.00694618
2.35136e-09	-0.00722478
2.35224e-09	-0.00749763
2.35313e-09	-0.00776474
2.35402e-09	-0.00802611
2.3549e-09	-0.00828176
2.35579e-09	-0.0085317
2.35667e-09	-0.00877596
2.35756e-09	-0.00901453
2.35844e-09	-0.00924744
2.35933e-09	-0.00947472
2.36021e-09	-0.00969637
2.3611e-09	-0.00991242
2.36198e-09	-0.0101229
2.36287e-09	-0.0103278
2.36376e-09	-0.0105272
2.36464e-09	-0.0107211
2.36553e-09	-0.0109095
2.36641e-09	-0.0110924
2.3673e-09	-0.01127
2.36818e-09	-0.0114421
2.36907e-09	-0.0116089
2.36995e-09	-0.0117703
2.37084e-09	-0.0119265
2.37172e-09	-0.0120774
2.37261e-09	-0.012223
2.3735e-09	-0.0123635
2.37438e-09	-0.0124988
2.37527e-09	-0.012629
2.37615e-09	-0.0127542
2.37704e-09	-0.0128743
2.37792e-09	-0.0129894
2.37881e-09	-0.0130995
2.37969e-09	-0.0132047
2.38058e-09	-0.0133051
2.38146e-09	-0.0134006
2.38235e-09	-0.0134913
2.38324e-09	-0.0135773
2.38412e-09	-0.0136586
2.38501e-09	-0.0137352
2.38589e-09	-0.0138073
2.38678e-09	-0.0138748
2.38766e-09	-0.0139377
2.38855e-09	-0.0139962
2.38943e-09	-0.0140503
2.39032e-09	-0.0141001
2.3912e-09	-0.0141455
2.39209e-09	-0.0141867
2.39298e-09	-0.0142236
2.39386e-09	-0.0142564
2.39475e-09	-0.0142851
2.39563e-09	-0.0143097
2.39652e-09	-0.0143303
2.3974e-09	-0.014347
2.39829e-09	-0.0143597
2.39917e-09	-0.0143686
2.40006e-09	-0.0143737
2.40094e-09	-0.0143751
2.40183e-09	-0.0143728
2.40272e-09	-0.0143668
2.4036e-09	-0.0143573
2.40449e-09	-0.0143443
2.40537e-09	-0.0143278
2.40626e-09	-0.0143078
2.40714e-09	-0.0142846
2.40803e-09	-0.014258
2.40891e-09	-0.0142281
2.4098e-09	-0.0141951
2.41069e-09	-0.0141589
2.41157e-09	-0.0141197
2.41246e-09	-0.0140774
2.41334e-09	-0.0140322
2.41423e-09	-0.013984
2.41511e-09	-0.013933
2.416e-09	-0.0138792
2.41688e-09	-0.0138226
2.41777e-09	-0.0137634
2.41865e-09	-0.0137015
2.41954e-09	-0.013637
2.42043e-09	-0.01357
2.42131e-09	-0.0135006
2.4222e-09	-0.0134287
2.42308e-09	-0.0133544
2.42397e-09	-0.0132779
2.42485e-09	-0.0131991
2.42574e-09	-0.0131181
2.42662e-09	-0.0130349
2.42751e-09	-0.0129497
2.42839e-09	-0.0128624
2.42928e-09	-0.0127732
2.43017e-09	-0.012682
2.43105e-09	-0.012589
2.43194e-09	-0.0124941
2.43282e-09	-0.0123975
2.43371e-09	-0.0122991
2.43459e-09	-0.0121991
2.43548e-09	-0.0120975
2.43636e-09	-0.0119943
2.43725e-09	-0.0118896
2.43813e-09	-0.0117834
2.43902e-09	-0.0116758
2.43991e-09	-0.0115669
2.44079e-09	-0.0114567
2.44168e-09	-0.0113451
2.44256e-09	-0.0112324
2.44345e-09	-0.0111185
2.44433e-09	-0.0110035
2.44522e-09	-0.0108875
2.4461e-09	-0.0107704
2.44699e-09	-0.0106523
2.44787e-09	-0.0105333
2.44876e-09	-0.0104135
2.44965e-09	-0.0102928
2.45053e-09	-0.0101713
2.45142e-09	-0.010049
2.4523e-09	-0.00992609
2.45319e-09	-0.00980249
2.45407e-09	-0.00967828
2.45496e-09	-0.00955349
2.45584e-09	-0.00942817
2.45673e-09	-0.00930236
2.45761e-09	-0.00917611
2.4585e-09	-0.00904945
2.45939e-09	-0.00892242
2.46027e-09	-0.00879507
2.46116e-09	-0.00866743
2.46204e-09	-0.00853955
2.46293e-09	-0.00841145
2.46381e-09	-0.00828318
2.4647e-09	-0.00815478
2.46558e-09	-0.00802628
2.46647e-09	-0.00789772
2.46735e-09	-0.00776913
2.46824e-09	-0.00764056
2.46913e-09	-0.00751202
2.47001e-09	-0.00738356
2.4709e-09	-0.00725522
2.47178e-09	-0.00712701
2.47267e-09	-0.00699899
2.47355e-09	-0.00687117
2.47444e-09	-0.00674359
2.47532e-09	-0.00661628
2.47621e-09	-0.00648928
2.4771e-09	-0.0063626
2.47798e-09	-0.00623628
2.47887e-09	-0.00611036
2.47975e-09	-0.00598484
2.48064e-09	-0.00585977
2.48152e-09	-0.00573517
2.48241e-09	-0.00561107
2.48329e-09	-0.00548749
2.48418e-09	-0.00536446
2.48506e-09	-0.00524201
2.48595e-09	-0.00512015
2.48684e-09	-0.00499891
2.48772e-09	-0.00487831
2.48861e-09	-0.00475838
2.48949e-09	-0.00463914
2.49038e-09	-0.00452061
2.49126e-09	-0.00440281
2.49215e-09	-0.00428577
2.49303e-09	-0.00416949
2.49392e-09	-0.00405401
2.4948e-09	-0.00393933
2.49569e-09	-0.00382549
2.49658e-09	-0.00371249
2.49746e-09	-0.00360036
2.49835e-09	-0.0034891
2.49923e-09	-0.00337874
2.50012e-09	-0.0032693
2.501e-09	-0.00316078
2.50189e-09	-0.00305321
2.50277e-09	-0.00294659
2.50366e-09	-0.00284094
2.50454e-09	-0.00273628
2.50543e-09	-0.00263262
2.50632e-09	-0.00252996
2.5072e-09	-0.00242833
2.50809e-09	-0.00232772
2.50897e-09	-0.00222817
2.50986e-09	-0.00212966
2.51074e-09	-0.00203222
2.51163e-09	-0.00193586
2.51251e-09	-0.00184058
2.5134e-09	-0.00174638
2.51428e-09	-0.00165329
2.51517e-09	-0.00156131
2.51606e-09	-0.00147044
2.51694e-09	-0.00138069
2.51783e-09	-0.00129207
2.51871e-09	-0.00120459
2.5196e-09	-0.00111824
2.52048e-09	-0.00103304
2.52137e-09	-0.000948988
2.52225e-09	-0.000866091
2.52314e-09	-0.000784353
2.52402e-09	-0.000703776
2.52491e-09	-0.000624365
2.5258e-09	-0.000546121
2.52668e-09	-0.000469048
2.52757e-09	-0.000393147
2.52845e-09	-0.00031842
2.52934e-09	-0.00024487
2.53022e-09	-0.000172495
2.53111e-09	-0.000101298
2.53199e-09	-3.12786e-05
2.53288e-09	3.75634e-05
2.53376e-09	0.000105228
2.53465e-09	0.000171716
2.53554e-09	0.000237029
2.53642e-09	0.000301168
2.53731e-09	0.000364133
2.53819e-09	0.000425929
2.53908e-09	0.000486556
2.53996e-09	0.000546017
2.54085e-09	0.000604315
2.54173e-09	0.000661454
2.54262e-09	0.000717436
2.54351e-09	0.000772265
2.54439e-09	0.000825946
2.54528e-09	0.000878482
2.54616e-09	0.000929878
2.54705e-09	0.000980138
2.54793e-09	0.00102927
2.54882e-09	0.00107727
2.5497e-09	0.00112416
2.55059e-09	0.00116993
2.55147e-09	0.00121459
2.55236e-09	0.00125815
2.55325e-09	0.00130062
2.55413e-09	0.00134199
2.55502e-09	0.00138229
2.5559e-09	0.00142151
2.55679e-09	0.00145966
2.55767e-09	0.00149674
2.55856e-09	0.00153278
2.55944e-09	0.00156777
2.56033e-09	0.00160172
2.56121e-09	0.00163464
2.5621e-09	0.00166655
2.56299e-09	0.00169743
2.56387e-09	0.00172732
2.56476e-09	0.0017562
2.56564e-09	0.0017841
2.56653e-09	0.00181102
2.56741e-09	0.00183698
2.5683e-09	0.00186197
2.56918e-09	0.00188601
2.57007e-09	0.00190911
2.57095e-09	0.00193128
2.57184e-09	0.00195253
2.57273e-09	0.00197286
2.57361e-09	0.00199229
2.5745e-09	0.00201083
2.57538e-09	0.00202849
2.57627e-09	0.00204528
2.57715e-09	0.0020612
2.57804e-09	0.00207628
2.57892e-09	0.00209051
2.57981e-09	0.00210391
2.58069e-09	0.00211649
2.58158e-09	0.00212826
2.58247e-09	0.00213923
2.58335e-09	0.00214941
2.58424e-09	0.00215882
2.58512e-09	0.00216746
2.58601e-09	0.00217534
2.58689e-09	0.00218248
2.58778e-09	0.00218889
2.58866e-09	0.00219457
2.58955e-09	0.00219954
2.59043e-09	0.0022038
2.59132e-09	0.00220738
2.59221e-09	0.00221028
2.59309e-09	0.00221251
2.59398e-09	0.00221408
2.59486e-09	0.002215
2.59575e-09	0.00221529
2.59663e-09	0.00221496
2.59752e-09	0.00221401
2.5984e-09	0.00221246
2.59929e-09	0.00221032
2.60018e-09	0.0022076
2.60106e-09	0.00220431
2.60195e-09	0.00220046
2.60283e-09	0.00219606
2.60372e-09	0.00219113
2.6046e-09	0.00218567
2.60549e-09	0.0021797
2.60637e-09	0.00217322
2.60726e-09	0.00216625
2.60814e-09	0.00215879
2.60903e-09	0.00215087
2.60992e-09	0.00214248
2.6108e-09	0.00213364
2.61169e-09	0.00212436
2.61257e-09	0.00211465
2.61346e-09	0.00210452
2.61434e-09	0.00209398
2.61523e-09	0.00208305
2.61611e-09	0.00207172
2.617e-09	0.00206002
2.61788e-09	0.00204795
2.61877e-09	0.00203552
2.61966e-09	0.00202274
2.62054e-09	0.00200962
2.62143e-09	0.00199618
2.62231e-09	0.00198241
2.6232e-09	0.00196834
2.62408e-09	0.00195397
2.62497e-09	0.0019393
2.62585e-09	0.00192436
2.62674e-09	0.00190914
2.62762e-09	0.00189367
2.62851e-09	0.00187794
2.6294e-09	0.00186196
2.63028e-09	0.00184575
2.63117e-09	0.00182932
2.63205e-09	0.00181267
2.63294e-09	0.00179581
2.63382e-09	0.00177875
2.63471e-09	0.0017615
2.63559e-09	0.00174407
2.63648e-09	0.00172646
2.63736e-09	0.00170869
2.63825e-09	0.00169076
2.63914e-09	0.00167268
2.64002e-09	0.00165445
2.64091e-09	0.0016361
2.64179e-09	0.00161762
2.64268e-09	0.00159901
2.64356e-09	0.0015803
2.64445e-09	0.00156149
2.64533e-09	0.00154258
2.64622e-09	0.00152358
2.6471e-09	0.0015045
2.64799e-09	0.00148534
2.64888e-09	0.00146612
2.64976e-09	0.00144683
2.65065e-09	0.00142749
2.65153e-09	0.00140811
2.65242e-09	0.00138868
2.6533e-09	0.00136922
2.65419e-09	0.00134973
2.65507e-09	0.00133022
2.65596e-09	0.0013107
2.65684e-09	0.00129116
2.65773e-09	0.00127162
2.65862e-09	0.00125208
2.6595e-09	0.00123255
2.66039e-09	0.00121303
2.66127e-09	0.00119354
2.66216e-09	0.00117406
2.66304e-09	0.00115462
2.66393e-09	0.00113521
2.66481e-09	0.00111584
2.6657e-09	0.00109651
2.66659e-09	0.00107724
2.66747e-09	0.00105802
2.66836e-09	0.00103885
2.66924e-09	0.00101975
2.67013e-09	0.00100072
2.67101e-09	0.000981763
2.6719e-09	0.00096288
2.67278e-09	0.000944078
2.67367e-09	0.000925361
2.67455e-09	0.000906733
2.67544e-09	0.000888197
2.67633e-09	0.000869757
2.67721e-09	0.000851418
2.6781e-09	0.000833182
2.67898e-09	0.000815052
2.67987e-09	0.000797034
2.68075e-09	0.000779128
2.68164e-09	0.00076134
2.68252e-09	0.000743671
2.68341e-09	0.000726126
2.68429e-09	0.000708706
2.68518e-09	0.000691414
2.68607e-09	0.000674254
2.68695e-09	0.000657228
2.68784e-09	0.000640338
2.68872e-09	0.000623588
2.68961e-09	0.000606978
2.69049e-09	0.000590512
2.69138e-09	0.000574192
2.69226e-09	0.000558019
2.69315e-09	0.000541996
2.69403e-09	0.000526125
2.69492e-09	0.000510408
2.69581e-09	0.000494846
2.69669e-09	0.000479442
2.69758e-09	0.000464196
2.69846e-09	0.00044911
2.69935e-09	0.000434186
2.70023e-09	0.000419425
2.70112e-09	0.000404829
2.702e-09	0.000390398
2.70289e-09	0.000376134
2.70377e-09	0.000362038
2.70466e-09	0.000348111
2.70555e-09	0.000334354
2.70643e-09	0.000320767
2.70732e-09	0.000307352
2.7082e-09	0.000294109
2.70909e-09	0.00028104
2.70997e-09	0.000268144
2.71086e-09	0.000255422
2.71174e-09	0.000242874
2.71263e-09	0.000230502
2.71351e-09	0.000218305
2.7144e-09	0.000206283
2.71529e-09	0.000194438
2.71617e-09	0.000182768
2.71706e-09	0.000171275
2.71794e-09	0.000159958
2.71883e-09	0.000148817
2.71971e-09	0.000137853
2.7206e-09	0.000127065
2.72148e-09	0.000116452
2.72237e-09	0.000106016
2.72326e-09	9.57545e-05
2.72414e-09	8.56686e-05
2.72503e-09	7.57576e-05
2.72591e-09	6.60211e-05
2.7268e-09	5.64586e-05
2.72768e-09	4.70696e-05
2.72857e-09	3.78536e-05
2.72945e-09	2.88101e-05
2.73034e-09	1.99383e-05
2.73122e-09	1.12377e-05
2.73211e-09	2.70757e-06
2.733e-09	-5.65287e-06
2.73388e-09	-1.38444e-05
2.73477e-09	-2.18678e-05
2.73565e-09	-2.97239e-05
2.73654e-09	-3.74136e-05
2.73742e-09	-4.49379e-05
2.73831e-09	-5.22977e-05
2.73919e-09	-5.94939e-05
2.74008e-09	-6.65277e-05
2.74096e-09	-7.34e-05
2.74185e-09	-8.01119e-05
2.74274e-09	-8.66646e-05
2.74362e-09	-9.30591e-05
2.74451e-09	-9.92967e-05
2.74539e-09	-0.000105379
2.74628e-09	-0.000111306
2.74716e-09	-0.00011708
2.74805e-09	-0.000122702
2.74893e-09	-0.000128173
2.74982e-09	-0.000133494
2.7507e-09	-0.000138668
2.75159e-09	-0.000143695
2.75248e-09	-0.000148576
2.75336e-09	-0.000153313
2.75425e-09	-0.000157908
2.75513e-09	-0.000162362
2.75602e-09	-0.000166675
2.7569e-09	-0.000170851
2.75779e-09	-0.00017489
2.75867e-09	-0.000178793
2.75956e-09	-0.000182562
2.76044e-09	-0.0001862
2.76133e-09	-0.000189706
2.76222e-09	-0.000193083
2.7631e-09	-0.000196332
2.76399e-09	-0.000199456
2.76487e-09	-0.000202454
2.76576e-09	-0.00020533
2.76664e-09	-0.000208084
2.76753e-09	-0.000210718
2.76841e-09	-0.000213234
2.7693e-09	-0.000215633
2.77018e-09	-0.000217917
2.77107e-09	-0.000220087
2.77196e-09	-0.000222146
2.77284e-09	-0.000224095
2.77373e-09	-0.000225935
2.77461e-09	-0.000227667
2.7755e-09	-0.000229295
2.77638e-09	-0.000230818
2.77727e-09	-0.00023224
2.77815e-09	-0.000233561
2.77904e-09	-0.000234783
2.77992e-09	-0.000235908
2.78081e-09	-0.000236937
2.7817e-09	-0.000237872
2.78258e-09	-0.000238715
2.78347e-09	-0.000239467
2.78435e-09	-0.00024013
2.78524e-09	-0.000240705
2.78612e-09	-0.000241194
2.78701e-09	-0.000241599
2.78789e-09	-0.000241921
2.78878e-09	-0.000242162
2.78967e-09	-0.000242323
2.79055e-09	-0.000242406
2.79144e-09	-0.000242412
2.79232e-09	-0.000242344
2.79321e-09	-0.000242202
2.79409e-09	-0.000241989
2.79498e-09	-0.000241705
2.79586e-09	-0.000241352
2.79675e-09	-0.000240933
2.79763e-09	-0.000240447
2.79852e-09	-0.000239897
2.79941e-09	-0.000239285
2.80029e-09	-0.000238611
2.80118e-09	-0.000237877
2.80206e-09	-0.000237086
2.80295e-09	-0.000236237
2.80383e-09	-0.000235333
2.80472e-09	-0.000234374
2.8056e-09	-0.000233364
2.80649e-09	-0.000232302
2.80737e-09	-0.00023119
2.80826e-09	-0.00023003
2.80915e-09	-0.000228822
2.81003e-09	-0.000227569
2.81092e-09	-0.000226272
2.8118e-09	-0.000224932
2.81269e-09	-0.00022355
2.81357e-09	-0.000222127
2.81446e-09	-0.000220666
2.81534e-09	-0.000219166
2.81623e-09	-0.00021763
2.81711e-09	-0.000216059
2.818e-09	-0.000214453
2.81889e-09	-0.000212815
2.81977e-09	-0.000211145
2.82066e-09	-0.000209444
2.82154e-09	-0.000207714
2.82243e-09	-0.000205956
2.82331e-09	-0.000204171
2.8242e-09	-0.00020236
2.82508e-09	-0.000200525
2.82597e-09	-0.000198665
2.82685e-09	-0.000196783
2.82774e-09	-0.00019488
2.82863e-09	-0.000192956
2.82951e-09	-0.000191013
2.8304e-09	-0.000189051
2.83128e-09	-0.000187072
2.83217e-09	-0.000185077
2.83305e-09	-0.000183066
2.83394e-09	-0.000181041
2.83482e-09	-0.000179002
2.83571e-09	-0.000176951
2.83659e-09	-0.000174888
2.83748e-09	-0.000172814
2.83837e-09	-0.000170731
2.83925e-09	-0.000168638
2.84014e-09	-0.000166538
2.84102e-09	-0.00016443
2.84191e-09	-0.000162316
2.84279e-09	-0.000160196
2.84368e-09	-0.000158071
2.84456e-09	-0.000155942
2.84545e-09	-0.000153811
2.84633e-09	-0.000151676
2.84722e-09	-0.00014954
2.84811e-09	-0.000147403
2.84899e-09	-0.000145265
2.84988e-09	-0.000143128
2.85076e-09	-0.000140991
2.85165e-09	-0.000138857
2.85253e-09	-0.000136725
2.85342e-09	-0.000134595
2.8543e-09	-0.00013247
2.85519e-09	-0.000130348
2.85608e-09	-0.000128232
2.85696e-09	-0.000126121
2.85785e-09	-0.000124015
2.85873e-09	-0.000121917
2.85962e-09	-0.000119825
2.8605e-09	-0.000117741
2.86139e-09	-0.000115665
2.86227e-09	-0.000113597
2.86316e-09	-0.000111539
2.86404e-09	-0.00010949
2.86493e-09	-0.000107451
