% time-domain voltage integration by openEMS v0.0.36-15-g1ccf094 @Tue Aug 27 17:27:24 2024
% start-coordinates: (0.0005,0.03,0.0015) m -> [38,31,25]
% stop-coordinates: (0.0005,0.0305,0.0015) m -> [38,32,25]
% t/s	voltage
0	-0
3.54186962521e-11	-1.45745104874e-07
7.08373925041e-11	-1.76205759317e-07
1.06256088756e-10	-1.05594189392e-07
1.41674785008e-10	1.17775499575e-07
1.7709348126e-10	5.3141616263e-07
2.12512177512e-10	1.05192179944e-06
2.47930873765e-10	1.46966272041e-06
2.83349570017e-10	1.37667279887e-06
3.18768266269e-10	3.1349748042e-07
3.54186962521e-10	-2.01367515729e-06
3.89605658773e-10	-5.37332107342e-06
4.25024355025e-10	-8.68015104061e-06
4.60443051277e-10	-9.95580649032e-06
4.95861747529e-10	-6.8016224759e-06
5.31280443781e-10	2.51458345701e-06
5.66699140033e-10	1.75683544512e-05
6.02117836285e-10	3.44885120285e-05
6.37536532537e-10	4.58271460957e-05
6.72955228789e-10	4.23252422479e-05
7.08373925041e-10	1.67517900991e-05
7.43792621294e-10	-3.11938274535e-05
7.79211317546e-10	-9.10219023353e-05
8.14630013798e-10	-0.00014129691408
8.5004871005e-10	-0.000154988942086
8.85467406302e-10	-0.000110041270091
9.20886102554e-10	-1.83145129995e-06
9.56304798806e-10	0.000148014456499
9.91723495058e-10	0.000292200711556
1.02714219131e-09	0.000370628666133
1.06256088756e-09	0.000333091971697
1.09797958381e-09	0.000163778313436
1.13339828007e-09	-0.000103531878267
1.16881697632e-09	-0.000388796266634
1.20423567257e-09	-0.000589943141676
1.23965436882e-09	-0.000620910199359
1.27507306507e-09	-0.000448694860097
1.31049176133e-09	-0.000112891706522
1.34591045758e-09	0.000282880355371
1.38132915383e-09	0.000606587040238
1.41674785008e-09	0.000747127225623
1.45216654633e-09	0.00065715610981
1.48758524259e-09	0.000371169531718
1.52300393884e-09	-8.91116360435e-06
1.55842263509e-09	-0.000354295538273
1.59384133134e-09	-0.000558467465453
1.6292600276e-09	-0.000574320030864
1.66467872385e-09	-0.00042497474351
1.7000974201e-09	-0.000186211371329
1.73551611635e-09	4.92495055369e-05
1.7709348126e-09	0.000208806683077
1.80635350886e-09	0.000263022026047
1.84177220511e-09	0.000227381722652
1.87719090136e-09	0.000145691301441
1.91260959761e-09	6.54140530969e-05
1.94802829386e-09	1.69719569385e-05
1.98344699012e-09	5.11806865688e-06
2.01886568637e-09	1.36968446895e-05
2.05428438262e-09	1.89741622307e-05
2.08970307887e-09	3.82733924198e-06
2.12512177512e-09	-3.38106765412e-05
2.16054047138e-09	-8.11035642982e-05
2.19595916763e-09	-0.000117604606203
2.23137786388e-09	-0.000125380029203
2.26679656013e-09	-9.71662811935e-05
2.30221525638e-09	-3.9370781451e-05
2.33763395264e-09	3.06850270135e-05
2.37305264889e-09	9.15080672712e-05
2.40847134514e-09	0.000125159262097
2.44389004139e-09	0.000123042060295
2.47930873765e-09	8.79798244569e-05
2.5147274339e-09	3.23534950439e-05
2.55014613015e-09	-2.65818362095e-05
2.5855648264e-09	-7.23345583538e-05
2.62098352265e-09	-9.38941666391e-05
2.65640221891e-09	-8.82280364749e-05
2.69182091516e-09	-6.01397332503e-05
2.72723961141e-09	-1.99153400899e-05
2.76265830766e-09	2.02399605769e-05
2.79807700391e-09	4.97762921441e-05
2.83349570017e-09	6.23997257208e-05
2.86891439642e-09	5.71313794353e-05
2.90433309267e-09	3.77630931325e-05
2.93975178892e-09	1.13045916805e-05
2.97517048517e-09	-1.44263067341e-05
3.01058918143e-09	-3.29179893015e-05
3.04600787768e-09	-4.04077291023e-05
3.08142657393e-09	-3.64715888281e-05
3.11684527018e-09	-2.36529795075e-05
3.15226396643e-09	-6.43240719e-06
3.18768266269e-09	1.0174558156e-05
3.22310135894e-09	2.19619123527e-05
3.25852005519e-09	2.65086109721e-05
3.29393875144e-09	2.35686329688e-05
3.32935744769e-09	1.48657163663e-05
3.36477614395e-09	3.39966027241e-06
3.4001948402e-09	-7.48893262426e-06
3.43561353645e-09	-1.50322721311e-05
3.4710322327e-09	-1.76874582394e-05
3.50645092896e-09	-1.53845576278e-05
3.54186962521e-09	-9.36058131629e-06
3.57728832146e-09	-1.66500842624e-06
3.61270701771e-09	5.47809077034e-06
3.64812571396e-09	1.02788553704e-05
3.68354441022e-09	1.17909203254e-05
3.71896310647e-09	1.00483321148e-05
3.75438180272e-09	5.92557353229e-06
3.78980049897e-09	7.99301631105e-07
3.82521919522e-09	-3.87519685319e-06
3.86063789148e-09	-6.95001790518e-06
3.89605658773e-09	-7.84058374848e-06
3.93147528398e-09	-6.60001433062e-06
3.96689398023e-09	-3.82232110496e-06
4.00231267648e-09	-4.17936576014e-07
4.03773137274e-09	2.65969015345e-06
4.07315006899e-09	4.66458141091e-06
4.10856876524e-09	5.22050322616e-06
4.14398746149e-09	4.37076641902e-06
4.17940615774e-09	2.51311598731e-06
4.214824854e-09	2.50837217664e-07
4.25024355025e-09	-1.78570110165e-06
4.2856622465e-09	-3.10529708258e-06
4.32108094275e-09	-3.46380761584e-06
4.356499639e-09	-2.89364652417e-06
4.39191833526e-09	-1.66100073784e-06
4.42733703151e-09	-1.67255322481e-07
4.46275572776e-09	1.17312060866e-06
4.49817442401e-09	2.03789727493e-06
4.53359312027e-09	2.26942734116e-06
4.56901181652e-09	1.89304353171e-06
4.60443051277e-09	1.08581195946e-06
4.63984920902e-09	1.11423545945e-07
4.67526790527e-09	-7.59526585625e-07
4.71068660153e-09	-1.31922286073e-06
4.74610529778e-09	-1.46647778365e-06
4.78152399403e-09	-1.22016842852e-06
4.81694269028e-09	-6.96576933024e-07
4.85236138653e-09	-6.75338753808e-08
4.88778008279e-09	4.92698063681e-07
4.92319877904e-09	8.49847424433e-07
4.95861747529e-09	9.40275583616e-07
4.99403617154e-09	7.77898833348e-07
5.02945486779e-09	4.387323429e-07
5.06487356405e-09	3.36853531735e-08
5.1002922603e-09	-3.23632264099e-07
5.13571095655e-09	-5.4817127193e-07
5.1711296528e-09	-6.00666965056e-07
5.20654834905e-09	-4.90874697334e-07
5.24196704531e-09	-2.69833151378e-07
5.27738574156e-09	-9.79430225811e-09
5.31280443781e-09	2.16894406435e-07
5.34822313406e-09	3.55457643764e-07
5.38364183031e-09	3.83263852655e-07
5.41906052657e-09	3.07388006604e-07
5.45447922282e-09	1.61990854508e-07
5.48989791907e-09	-5.80103431957e-09
5.52531661532e-09	-1.48934518052e-07
5.56073531158e-09	-2.33880953715e-07
5.59615400783e-09	-2.46064502107e-07
5.63157270408e-09	-1.92467382476e-07
5.66699140033e-09	-9.52669552134e-08
5.70241009658e-09	1.38997435783e-08
5.73782879284e-09	1.04958800762e-07
5.77324748909e-09	1.5676852172e-07
5.80866618534e-09	1.60828776075e-07
5.84408488159e-09	1.21903667605e-07
5.87950357784e-09	5.60485204915e-08
5.9149222741e-09	-1.56880162194e-08
5.95034097035e-09	-7.42510266605e-08
5.9857596666e-09	-1.06457669347e-07
6.02117836285e-09	-1.06712754189e-07
6.0565970591e-09	-7.87839482541e-08
6.09201575536e-09	-3.39797381343e-08
6.12743445161e-09	1.38883393674e-08
6.16285314786e-09	5.19888203598e-08
6.19827184411e-09	7.23766646615e-08
6.23369054036e-09	7.10789578307e-08
6.26910923662e-09	5.18488434409e-08
6.30452793287e-09	2.12659756471e-08
6.33994662912e-09	-1.0656322047e-08
6.37536532537e-09	-3.61636480761e-08
6.41078402163e-09	-4.89844822482e-08
6.44620271788e-09	-4.76558312812e-08
6.48162141413e-09	-3.46731923173e-08
6.51704011038e-09	-1.37693199065e-08
6.55245880663e-09	7.54857865104e-09
6.58787750289e-09	2.44406024308e-08
6.62329619914e-09	3.30823510808e-08
6.65871489539e-09	3.20225765904e-08
6.69413359164e-09	2.315262293e-08
6.72955228789e-09	9.64575974649e-09
6.76497098415e-09	-5.00860153352e-09
6.8003896804e-09	-1.64134661418e-08
6.83580837665e-09	-2.18110116634e-08
6.8712270729e-09	-2.12469259964e-08
6.90664576915e-09	-1.55658241852e-08
6.94206446541e-09	-6.66820909601e-09
6.97748316166e-09	2.96355295859e-09
7.01290185791e-09	1.06177111547e-08
7.04832055416e-09	1.42132705605e-08
7.08373925041e-09	1.36724906952e-08
7.11915794667e-09	9.96553950472e-09
7.15457664292e-09	4.32497415659e-09
7.18999533917e-09	-1.64022750937e-09
7.22541403542e-09	-6.64108057435e-09
7.26083273167e-09	-9.11905573275e-09
7.29625142793e-09	-9.00443808405e-09
7.33167012418e-09	-6.54594956018e-09
7.36708882043e-09	-2.74464184713e-09
7.40250751668e-09	1.24113341826e-09
7.43792621294e-09	4.15939638287e-09
7.47334490919e-09	5.74077319015e-09
7.50876360544e-09	5.59887425311e-09
7.54418230169e-09	4.05108480095e-09
7.57960099794e-09	1.76936509888e-09
7.6150196942e-09	-7.74779351786e-10
7.65043839045e-09	-2.75078804179e-09
7.6858570867e-09	-3.5161953349e-09
7.72127578295e-09	-3.60729401905e-09
7.7566944792e-09	-2.46372877655e-09
7.79211317546e-09	-9.21726694969e-10
7.82753187171e-09	5.38229016911e-10
7.86295056796e-09	1.60225965828e-09
7.89836926421e-09	2.4670150367e-09
