% time-domain current integration by openEMS v0.0.36-16-g7d7688a @Mon Jan  6 14:57:21 2025
% start-coordinates: (-0.00252587,0.000702916,-2.6092e-05) m -> [38,70,22]
% stop-coordinates: (0.00179194,0.000702916,2.2079e-05) m -> [43,70,23]
% t/s	current
2.48613663453e-14	0
1.07028182117e-10	1.44136413915e-09
2.14031502867e-10	2.91425883425e-09
3.21034823617e-10	4.22417656409e-09
4.28038144367e-10	3.95353971783e-09
5.35041465117e-10	5.42642819568e-10
6.42044785867e-10	-6.67257538112e-09
7.49048106618e-10	-1.68274780776e-08
8.56051427368e-10	-2.65681148193e-08
9.63054748118e-10	-2.90816526416e-08
1.07005806887e-09	-1.63524784824e-08
1.17706138962e-09	1.73412466609e-08
1.28406471037e-09	6.97198672128e-08
1.39106803112e-09	1.2555541673e-07
1.49807135187e-09	1.5600754466e-07
1.60507467262e-09	1.25150819485e-07
1.71207799337e-09	6.00755356572e-09
1.81908131412e-09	-1.98717714284e-07
1.92608463487e-09	-4.3830056029e-07
2.03308795562e-09	-6.12141889178e-07
2.14009127637e-09	-5.93629124523e-07
2.24709459712e-09	-2.82106555005e-07
2.35409791787e-09	3.31098533479e-07
2.46110123862e-09	1.1108650142e-06
2.56810455937e-09	1.77544541202e-06
2.67510788012e-09	1.96732207769e-06
2.78211120087e-09	1.39317421599e-06
2.88911452162e-09	-9.0680316589e-09
2.99611784237e-09	-1.95052052732e-06
3.10312116312e-09	-3.79584071197e-06
3.21012448387e-09	-4.73444515592e-06
3.31712780462e-09	-4.0898557927e-06
3.42413112537e-09	-1.6617914298e-06
3.53113444612e-09	2.05233436645e-06
3.63813776687e-09	5.893308753e-06
3.74514108762e-09	8.38087999e-06
3.85214440837e-09	8.27315670904e-06
3.95914772912e-09	5.13561644766e-06
4.06615104987e-09	-3.34437117999e-07
4.17315437062e-09	-6.41616406938e-06
4.28015769137e-09	-1.09251741378e-05
4.38716101212e-09	-1.20420600069e-05
4.49416433287e-09	-9.08085530682e-06
4.60116765362e-09	-2.8588542591e-06
4.70817097437e-09	4.52592303191e-06
4.81517429512e-09	1.04571336124e-05
4.92217761587e-09	1.28090432554e-05
5.02918093662e-09	1.07861196739e-05
5.13618425738e-09	5.23607695868e-06
5.24318757813e-09	-1.70132227595e-06
5.35019089888e-09	-7.4620520536e-06
5.45719421963e-09	-1.00736197055e-05
5.56419754038e-09	-8.89287184691e-06
5.67120086113e-09	-4.76990044262e-06
5.77820418188e-09	4.01734496336e-07
5.88520750263e-09	4.5260353545e-06
5.99221082338e-09	6.1610735429e-06
6.09921414413e-09	5.03378942085e-06
6.20621746488e-09	2.02700107366e-06
6.31322078563e-09	-1.30946000354e-06
6.42022410638e-09	-3.47563377545e-06
6.52722742713e-09	-3.64524748875e-06
6.63423074788e-09	-1.94557628674e-06
6.74123406863e-09	6.89124362907e-07
6.84823738938e-09	2.98714826386e-06
6.95524071013e-09	3.90607328882e-06
7.06224403088e-09	3.05442608806e-06
7.16924735163e-09	8.10837150311e-07
7.27625067238e-09	-1.87882801583e-06
7.38325399313e-09	-3.91584671888e-06
7.49025731388e-09	-4.4927601266e-06
7.59726063463e-09	-3.39288453688e-06
7.70426395538e-09	-1.04360537989e-06
7.81126727613e-09	1.6755731167e-06
7.91827059688e-09	3.77924493478e-06
8.02527391763e-09	4.53817028756e-06
8.13227723838e-09	3.72653971681e-06
8.23928055913e-09	1.67571784004e-06
8.34628387988e-09	-8.69584994234e-07
8.45328720063e-09	-3.02890043713e-06
8.56029052138e-09	-4.09313679484e-06
8.66729384213e-09	-3.75529270968e-06
8.77429716288e-09	-2.19230150833e-06
8.88130048363e-09	1.97631955245e-08
8.98830380438e-09	2.11845986087e-06
9.09530712513e-09	3.41757117894e-06
9.20231044588e-09	3.52982374352e-06
9.30931376663e-09	2.47869320447e-06
9.41631708738e-09	6.68918346491e-07
9.52332040813e-09	-1.26663985611e-06
9.63032372888e-09	-2.68643293566e-06
9.73732704963e-09	-3.15232750836e-06
9.84433037038e-09	-2.56127509601e-06
9.95133369113e-09	-1.16195747069e-06
1.00583370119e-08	5.44932845514e-07
1.01653403326e-08	1.98450879907e-06
1.02723436534e-08	2.69967426902e-06
1.03793469741e-08	2.49427785093e-06
1.04863502949e-08	1.48385197463e-06
1.05933536156e-08	4.15687608779e-08
1.07003569364e-08	-1.33777632527e-06
1.08073602571e-08	-2.20590345634e-06
1.09143635779e-08	-2.30549358093e-06
1.10213668986e-08	-1.64433629379e-06
1.11283702194e-08	-4.78838728668e-07
1.12353735401e-08	7.83005702942e-07
1.13423768609e-08	1.72308409674e-06
1.14493801816e-08	2.05051878766e-06
1.15563835024e-08	1.69032227859e-06
1.16633868231e-08	7.96477195308e-07
1.17703901439e-08	-3.10348127641e-07
1.18773934646e-08	-1.25663814288e-06
1.19843967854e-08	-1.74102706296e-06
1.20914001061e-08	-1.62922799518e-06
1.21984034269e-08	-9.89146883512e-07
1.23054067476e-08	-5.80735992628e-08
1.24124100684e-08	8.4391422206e-07
1.25194133891e-08	1.4230782881e-06
1.26264167099e-08	1.50676589783e-06
1.27334200306e-08	1.09362247258e-06
1.28404233514e-08	3.44966451848e-07
1.29474266721e-08	-4.7648862278e-07
1.30544299929e-08	-1.0979979379e-06
1.31614333136e-08	-1.32661762109e-06
1.32684366344e-08	-1.10813971332e-06
1.33754399551e-08	-5.37567700576e-07
1.34824432759e-08	1.7982803513e-07
1.35894465966e-08	8.0147430026e-07
1.36964499174e-08	1.1289196209e-06
1.38034532381e-08	1.07040273178e-06
1.39104565589e-08	6.65362733798e-07
1.40174598796e-08	6.45876312433e-08
1.41244632004e-08	-5.24967902038e-07
1.42314665211e-08	-9.10892140382e-07
1.43384698419e-08	-9.7755025763e-07
1.44454731626e-08	-7.19888817002e-07
1.45524764834e-08	-2.39287572867e-07
1.46594798041e-08	2.95212061019e-07
1.47664831249e-08	7.05803984147e-07
1.48734864456e-08	8.64593857841e-07
1.49804897664e-08	7.32807052373e-07
1.50874930871e-08	3.68863425138e-07
1.51944964079e-08	-9.59115524779e-08
1.53014997286e-08	-5.04063905282e-07
1.54085030494e-08	-7.24963456378e-07
1.55155063701e-08	-6.96129404787e-07
1.56225096909e-08	-4.40111563194e-07
1.57295130116e-08	-5.26616474872e-08
1.58365163324e-08	3.32487417154e-07
1.59435196531e-08	5.8937320091e-07
1.60505229739e-08	6.40640507754e-07
1.61575262946e-08	4.80296193928e-07
1.62645296154e-08	1.71957282191e-07
1.63715329361e-08	-1.75673747549e-07
1.64785362569e-08	-4.46727085546e-07
1.65855395776e-08	-5.5649246633e-07
1.66925428984e-08	-4.77515072816e-07
1.67995462191e-08	-2.45551490252e-07
1.69065495399e-08	5.54148513743e-08
1.70135528606e-08	3.23246950984e-07
1.71205561814e-08	4.71998390594e-07
1.72275595021e-08	4.59234854588e-07
1.73345628229e-08	2.9760894904e-07
1.74415661436e-08	4.78609614163e-08
1.75485694644e-08	-2.03629753059e-07
1.76555727851e-08	-3.74444823592e-07
1.77625761059e-08	-4.12898572222e-07
1.78695794266e-08	-3.13362420457e-07
1.79765827474e-08	-1.15659943845e-07
1.80835860681e-08	1.10330162784e-07
1.81905893889e-08	2.89143315513e-07
1.82975927096e-08	3.64711553402e-07
1.84045960304e-08	3.17735640465e-07
1.85115993511e-08	1.70014160972e-07
1.86186026719e-08	-2.47898928052e-08
1.87256059926e-08	-2.00444119969e-07
1.88326093134e-08	-3.00441968193e-07
1.89396126341e-08	-2.96031402058e-07
1.90466159549e-08	-1.94132184106e-07
1.91536192756e-08	-3.32246905543e-08
1.92606225964e-08	1.30913434759e-07
1.93676259171e-08	2.44383926429e-07
1.94746292379e-08	2.72701981885e-07
1.95816325586e-08	2.11068737599e-07
1.96886358794e-08	8.43837923981e-08
1.97956392002e-08	-6.24621776524e-08
1.99026425209e-08	-1.80341828582e-07
2.00096458417e-08	-2.32180767057e-07
2.01166491624e-08	-2.04484877031e-07
2.02236524832e-08	-1.10493708405e-07
2.03306558039e-08	1.55387951395e-08
2.04376591247e-08	1.30673740273e-07
2.05446624454e-08	1.97793326606e-07
2.06516657662e-08	1.97445984895e-07
2.07586690869e-08	1.33288793336e-07
2.08656724077e-08	2.9677002189e-08
2.09726757284e-08	-7.74011539306e-08
2.10796790492e-08	-1.52707812617e-07
2.11866823699e-08	-1.73260318093e-07
2.12936856907e-08	-1.35205354468e-07
2.14006890114e-08	-5.40800400017e-08
2.15076923322e-08	4.12945624362e-08
2.16146956529e-08	1.18953295214e-07
2.17216989737e-08	1.54395678464e-07
2.18287022944e-08	1.38246548431e-07
2.19357056152e-08	7.84957379096e-08
2.20427089359e-08	-3.00459523928e-09
2.21497122567e-08	-7.84328335612e-08
2.22567155774e-08	-1.23414395148e-07
2.23637188982e-08	-1.24827323589e-07
2.24707222189e-08	-8.44887182438e-08
2.25777255397e-08	-1.78063164213e-08
2.26847288604e-08	5.20149114891e-08
2.27917321812e-08	1.01945708764e-07
2.28987355019e-08	1.16689932383e-07
2.30057388227e-08	9.3270081436e-08
2.31127421434e-08	4.1356035041e-08
2.32197454642e-08	-2.05599359759e-08
2.33267487849e-08	-7.16887385011e-08
2.34337521057e-08	-9.58545172125e-08
2.35407554264e-08	-8.65628848601e-08
2.36477587472e-08	-4.86128399757e-08
2.37547620679e-08	4.06465971992e-09
2.38617653887e-08	5.34565209875e-08
