% time-domain current integration by openEMS v0.0.36-16-g7d7688a @Mon Jan  6 18:30:18 2025
% start-coordinates: (-0.00252587,0.000702916,-2.6092e-05) m -> [39,70,22]
% stop-coordinates: (0.00120705,0.000702916,2.2079e-05) m -> [43,70,23]
% t/s	current
3.24399786755e-14	0
1.0701948965e-10	1.2829470819e-09
2.14006539322e-10	2.4909150298e-09
3.20993588994e-10	3.27213522944e-09
4.27980638666e-10	3.11149439547e-09
5.34967688338e-10	2.37484587551e-10
6.4195473801e-10	-5.6577453833e-09
7.48941787681e-10	-1.38039801811e-08
8.55928837353e-10	-2.13850022135e-08
9.62915887025e-10	-2.2999747884e-08
1.0699029367e-09	-1.22347438847e-08
1.17688998637e-09	1.51844172791e-08
1.28387703604e-09	5.71018716755e-08
1.39086408571e-09	1.01073055703e-07
1.49785113538e-09	1.23960674614e-07
1.60483818506e-09	9.74849996283e-08
1.71182523473e-09	9.75774128165e-10
1.8188122844e-09	-1.62337201459e-07
1.92579933407e-09	-3.51349655148e-07
2.03278638374e-09	-4.86051817461e-07
2.13977343341e-09	-4.67143934202e-07
2.24676048309e-09	-2.16871143266e-07
2.35374753276e-09	2.69367831152e-07
2.46073458243e-09	8.83444727151e-07
2.5677216321e-09	1.40336942422e-06
2.67470868177e-09	1.54968256538e-06
2.78169573145e-09	1.09479378807e-06
2.88868278112e-09	-7.47365902498e-09
2.99566983079e-09	-1.52985444402e-06
3.10265688046e-09	-2.97638121083e-06
3.20964393013e-09	-3.715713774e-06
3.3166309798e-09	-3.22096389027e-06
3.42361802948e-09	-1.33427226956e-06
3.53060507915e-09	1.56140731633e-06
3.63759212882e-09	4.56877569377e-06
3.74457917849e-09	6.53763663649e-06
3.85156622816e-09	6.49605681247e-06
3.95855327784e-09	4.09190124628e-06
4.06554032751e-09	-1.50990302927e-07
4.17252737718e-09	-4.90800175612e-06
4.27951442685e-09	-8.47933097248e-06
4.38650147652e-09	-9.42918359215e-06
4.49348852619e-09	-7.18846058589e-06
4.60047557587e-09	-2.35789366343e-06
4.70746262554e-09	3.44487148141e-06
4.81444967521e-09	8.16423562355e-06
4.92143672488e-09	1.00935822047e-05
5.02842377455e-09	8.5501887952e-06
5.13541082423e-09	4.15257864006e-06
5.2423978739e-09	-1.42268709169e-06
5.34938492357e-09	-6.10809956925e-06
5.45637197324e-09	-8.25910137792e-06
5.56335902291e-09	-7.2774223554e-06
5.67034607258e-09	-3.79334960598e-06
5.77733312226e-09	6.51965990528e-07
5.88432017193e-09	4.27133863923e-06
5.9913072216e-09	5.75377953282e-06
6.09829427127e-09	4.74635226055e-06
6.20528132094e-09	1.91621074919e-06
6.31226837062e-09	-1.40131896842e-06
6.41925542029e-09	-3.79372136194e-06
6.52624246996e-09	-4.34354387835e-06
6.63322951963e-09	-2.95413974527e-06
6.7402165693e-09	-3.21239753021e-07
6.84720361897e-09	2.40591180045e-06
6.95419066865e-09	4.11195378547e-06
7.06117771832e-09	4.1480402615e-06
7.16816476799e-09	2.54876476902e-06
7.27515181766e-09	-2.80473173575e-08
7.38213886733e-09	-2.58952286458e-06
7.48912591701e-09	-4.19573234467e-06
7.59611296668e-09	-4.29712326877e-06
7.70310001635e-09	-2.9055727282e-06
7.81008706602e-09	-5.54539951736e-07
7.91707411569e-09	1.91842127606e-06
8.02406116536e-09	3.67647749044e-06
8.13104821504e-09	4.16531611336e-06
8.23803526471e-09	3.28027635987e-06
8.34502231438e-09	1.37328277106e-06
8.45200936405e-09	-8.89712623575e-07
8.55899641372e-09	-2.76341665995e-06
8.6659834634e-09	-3.66785320693e-06
8.77297051307e-09	-3.36440780302e-06
8.87995756274e-09	-2.01206989914e-06
8.98694461241e-09	-9.4092257541e-08
9.09393166208e-09	1.75355967258e-06
9.20091871175e-09	2.9517866551e-06
9.30790576143e-09	3.15785314342e-06
9.4148928111e-09	2.36018331634e-06
9.52187986077e-09	8.63648779159e-07
9.62886691044e-09	-8.23264485916e-07
9.73585396011e-09	-2.16071225623e-06
9.84284100979e-09	-2.74725698546e-06
9.94982805946e-09	-2.43928843702e-06
1.00568151091e-08	-1.38191899168e-06
1.01638021588e-08	5.24173096039e-08
1.02707892085e-08	1.39328051318e-06
1.03777762581e-08	2.22493849833e-06
1.04847633078e-08	2.31389094552e-06
1.05917503575e-08	1.67255359429e-06
1.06987374072e-08	5.41773374607e-07
1.08057244568e-08	-6.97029406638e-07
1.09127115065e-08	-1.6492534769e-06
1.10196985562e-08	-2.03160880119e-06
1.11266856058e-08	-1.75497814325e-06
1.12336726555e-08	-9.41882660754e-07
1.13406597052e-08	1.23492029047e-07
1.14476467549e-08	1.09310917651e-06
1.15546338045e-08	1.66787788203e-06
1.16616208542e-08	1.68879785178e-06
1.17686079039e-08	1.17931506338e-06
1.18755949535e-08	3.28055989485e-07
1.19825820032e-08	-5.79309926252e-07
1.20895690529e-08	-1.25498320358e-06
1.21965561026e-08	-1.49949062234e-06
1.23035431522e-08	-1.25944291085e-06
1.24105302019e-08	-6.36438414858e-07
1.25175172516e-08	1.53273930437e-07
1.26245043013e-08	8.52815674079e-07
1.27314913509e-08	1.24754853914e-06
1.28384784006e-08	1.23010374864e-06
1.29454654503e-08	8.2829137682e-07
1.30524524999e-08	1.89043547039e-07
1.31594395496e-08	-4.74180808396e-07
1.32664265993e-08	-9.51940194227e-07
1.3373413649e-08	-1.10435235001e-06
1.34804006986e-08	-9.01203009107e-07
1.35873877483e-08	-4.25522898695e-07
1.3694374798e-08	1.58657343263e-07
1.38013618476e-08	6.62116860894e-07
1.39083488973e-08	9.31231909362e-07
1.4015335947e-08	8.9424622729e-07
1.41223229967e-08	5.79347954499e-07
1.42293100463e-08	1.00428778183e-07
1.4336297096e-08	-3.83340676535e-07
1.44432841457e-08	-7.19871877664e-07
1.45502711953e-08	-8.11535528555e-07
1.4657258245e-08	-6.42829149911e-07
1.47642452947e-08	-2.80800605879e-07
1.48712323444e-08	1.5045696955e-07
1.4978219394e-08	5.11860434926e-07
1.50852064437e-08	6.93769720783e-07
1.51921934934e-08	6.48825107419e-07
1.5299180543e-08	4.03424053275e-07
1.54061675927e-08	4.54319533105e-08
1.55131546424e-08	-3.06694431629e-07
1.56201416921e-08	-5.42769612366e-07
1.57271287417e-08	-5.95002347836e-07
1.58341157914e-08	-4.56950829175e-07
1.59411028411e-08	-1.82252520631e-07
1.60480898908e-08	1.35480732411e-07
1.61550769404e-08	3.94205045495e-07
1.62620639901e-08	5.15927069955e-07
1.63690510398e-08	4.69864176011e-07
1.64760380894e-08	2.79564687844e-07
1.65830251391e-08	1.25687567021e-08
1.66900121888e-08	-2.43186235593e-07
1.67969992385e-08	-4.08043490552e-07
1.69039862881e-08	-4.35190287362e-07
1.70109733378e-08	-3.23570873206e-07
1.71179603875e-08	-1.15727090133e-07
1.72249474371e-08	1.17892973606e-07
1.73319344868e-08	3.02580957623e-07
1.74389215365e-08	3.8303483052e-07
1.75459085862e-08	3.39640081393e-07
1.76528956358e-08	1.92738710325e-07
1.77598826855e-08	-5.97104277134e-09
1.78668697352e-08	-1.91313603182e-07
1.79738567848e-08	-3.05854257476e-07
1.80808438345e-08	-3.17479305068e-07
1.81878308842e-08	-2.28120583756e-07
1.82948179339e-08	-7.12858394536e-08
1.84018049835e-08	1.00144816884e-07
1.85087920332e-08	2.31581552157e-07
1.86157790829e-08	2.83948622837e-07
1.87227661325e-08	2.45088585871e-07
1.88297531822e-08	1.32144279519e-07
1.89367402319e-08	-1.54287107534e-08
1.90437272816e-08	-1.49438093899e-07
1.91507143312e-08	-2.28567387239e-07
1.92577013809e-08	-2.30957837744e-07
1.93646884306e-08	-1.60011779826e-07
1.94716754802e-08	-4.19701322585e-08
1.95786625299e-08	8.3570625975e-08
1.96856495796e-08	1.76806224772e-07
1.97926366293e-08	2.10226943409e-07
1.98996236789e-08	1.76588741851e-07
2.00066107286e-08	9.00763694744e-08
2.01135977783e-08	-1.92917255504e-08
2.0220584828e-08	-1.15959274183e-07
2.03275718776e-08	-1.70273594335e-07
2.04345589273e-08	-1.67483023006e-07
2.0541545977e-08	-1.11565512384e-07
2.06485330266e-08	-2.29360246351e-08
2.07555200763e-08	6.88085677325e-08
2.0862507126e-08	1.34715037348e-07
2.09694941757e-08	1.55496508114e-07
2.10764812253e-08	1.27076603462e-07
2.1183468275e-08	6.10394792488e-08
2.12904553247e-08	-1.98501961535e-08
2.13974423743e-08	-8.94079477121e-08
2.1504429424e-08	-1.26411634938e-07
2.16114164737e-08	-1.21016967114e-07
2.17184035234e-08	-7.7213464067e-08
2.1825390573e-08	-1.08284012867e-08
2.19323776227e-08	5.60827828622e-08
2.20393646724e-08	1.02490098186e-07
2.2146351722e-08	1.14945294172e-07
2.22533387717e-08	9.13770676902e-08
2.23603258214e-08	4.1131745121e-08
2.24673128711e-08	-1.85740596237e-08
2.25742999207e-08	-6.84943657348e-08
2.26812869704e-08	-9.34899588856e-08
2.27882740201e-08	-8.70672636211e-08
2.28952610697e-08	-5.29440669084e-08
2.30022481194e-08	-3.33217120563e-09
2.31092351691e-08	4.53627428953e-08
2.32162222188e-08	7.79088864533e-08
2.33232092684e-08	8.496466819e-08
2.34301963181e-08	6.56957084288e-08
2.35371833678e-08	2.75808229588e-08
2.36441704174e-08	-1.64022946336e-08
