% time-domain voltage integration by openEMS v0.0.36-16-g7d7688a @Sun Jan  5 10:38:20 2025
% start-coordinates: (0,-0.00911115,2.2079e-05) m -> [41,49,23]
% stop-coordinates: (0,-0.00687496,2.2079e-05) m -> [41,56,23]
% t/s	voltage
0	-0
1.0700332075e-10	3.17993670507e-07
2.140066415e-10	4.44734542526e-07
3.21009962251e-10	3.63629744982e-07
4.28013283001e-10	-9.07190731425e-08
5.35016603751e-10	-9.41438287327e-07
6.42019924501e-10	-2.07817566888e-06
7.49023245251e-10	-2.98442191138e-06
8.56026566001e-10	-2.83223050701e-06
9.63029886752e-10	-7.44813405618e-07
1.0700332075e-09	3.71361130647e-06
1.17703652825e-09	9.82023436791e-06
1.284039849e-09	1.52479825601e-05
1.39104316975e-09	1.62092968594e-05
1.4980464905e-09	8.68078018357e-06
1.60504981125e-09	-9.33626347432e-06
1.712053132e-09	-3.51839421455e-05
1.81905645275e-09	-5.9944129589e-05
1.9260597735e-09	-6.95020544299e-05
2.03306309425e-09	-4.92732201565e-05
2.140066415e-09	7.95636015027e-06
2.24706973575e-09	9.39303945415e-05
2.3540730565e-09	0.000180975150215
2.46107637725e-09	0.000226647147429
2.568079698e-09	0.000188577001609
2.67508301875e-09	4.62271618744e-05
2.7820863395e-09	-0.000179158249011
2.88908966025e-09	-0.000417754417867
2.99609298101e-09	-0.00056634923385
3.10309630176e-09	-0.000525889707205
3.21009962251e-09	-0.000250069504546
3.31710294326e-09	0.00021592757912
3.42410626401e-09	0.000728918064851
3.53110958476e-09	0.0010859053582
3.63811290551e-09	0.00110030586075
3.74511622626e-09	0.000688897911459
3.85211954701e-09	-6.94461487001e-05
3.95912286776e-09	-0.000936662137974
4.06612618851e-09	-0.00159013166558
4.17312950926e-09	-0.00174661837809
4.28013283001e-09	-0.00128631916596
4.38713615076e-09	-0.000321118030115
4.49413947151e-09	0.000829501106637
4.60114279226e-09	0.00175258847594
4.70814611301e-09	0.00210242831963
4.81514943376e-09	0.00174057282857
4.92215275451e-09	0.0007942105658
5.02915607526e-09	-0.000393511651055
5.13615939601e-09	-0.00140023966378
5.24316271676e-09	-0.00188926860574
5.35016603751e-09	-0.00173273813562
5.45716935826e-09	-0.00104424099845
5.56417267901e-09	-0.000113705908007
5.67117599976e-09	0.000720237127098
5.77817932051e-09	0.00120171147864
5.88518264126e-09	0.00123884287314
5.99218596201e-09	0.000908753791009
6.09918928276e-09	0.000396295894461
6.20619260351e-09	-9.68459526121e-05
6.31319592426e-09	-0.000429638574133
6.42019924501e-09	-0.000556552186026
6.52720256576e-09	-0.000514979801665
6.63420588651e-09	-0.000382419875677
6.74120920726e-09	-0.000230315001318
6.84821252801e-09	-9.66829693425e-05
6.95521584876e-09	1.46493930515e-05
7.06221916951e-09	0.000115404418466
7.16922249026e-09	0.00021037634906
7.27622581101e-09	0.000285498994344
7.38322913176e-09	0.000312440846756
7.49023245251e-09	0.000265588339971
7.59723577326e-09	0.000140696769449
7.70423909401e-09	-3.57420944965e-05
7.81124241476e-09	-0.000212018823731
7.91824573551e-09	-0.000329561495164
8.02524905626e-09	-0.000345960441337
8.13225237701e-09	-0.000252535714026
8.23925569776e-09	-7.8965920693e-05
8.34625901851e-09	0.00011684882611
8.45326233926e-09	0.000269515327091
8.56026566001e-09	0.000329343911289
8.66726898076e-09	0.000279339717963
8.77427230151e-09	0.000140108941196
8.88127562227e-09	-3.85469684261e-05
8.98827894302e-09	-0.000195736369278
9.09528226377e-09	-0.000280526728602
9.20228558452e-09	-0.000268563795544
9.30928890527e-09	-0.000168864615262
9.41629222602e-09	-1.9062749061e-05
9.52329554677e-09	0.000128653014144
9.63029886752e-09	0.000225754592975
9.73730218827e-09	0.000242959018578
9.84430550902e-09	0.000179072787432
9.95130882977e-09	5.98076726419e-05
1.00583121505e-08	-7.2295040809e-05
1.01653154713e-08	-0.000172937312527
1.0272318792e-08	-0.000210757725654
1.03793221128e-08	-0.000176889827344
1.04863254335e-08	-8.66372092787e-05
1.05933287543e-08	2.69803247193e-05
1.0700332075e-08	0.000125151184875
1.08073353958e-08	0.000176387631655
1.09143387165e-08	0.000166506330061
1.10213420373e-08	0.000102288499875
1.1128345358e-08	8.04400917787e-06
1.12353486788e-08	-8.34221000332e-05
1.13423519995e-08	-0.000142107395732
1.14493553203e-08	-0.000150547715748
1.1556358641e-08	-0.000108854495011
1.16633619618e-08	-3.36669240824e-05
1.17703652825e-08	4.82879545416e-05
1.18773686033e-08	0.000109592872832
1.1984371924e-08	0.00013122312339
1.20913752448e-08	0.000108334304059
1.21983785655e-08	5.104139791e-05
1.23053818863e-08	-1.97804845357e-05
1.2412385207e-08	-7.99973422545e-05
1.25193885278e-08	-0.000110362871965
1.26263918485e-08	-0.000102583901935
1.27333951693e-08	-6.14236537331e-05
1.284039849e-08	-2.381775289e-06
1.29474018108e-08	5.40425762665e-05
1.30544051315e-08	8.9391784968e-05
1.31614084523e-08	9.32250095502e-05
1.3268411773e-08	6.60953473925e-05
1.33754150938e-08	1.87339364857e-05
1.34824184145e-08	-3.20752792504e-05
1.35894217353e-08	-6.93779566063e-05
1.3696425056e-08	-8.16519986984e-05
1.38034283768e-08	-6.62922975607e-05
1.39104316975e-08	-2.99568393984e-05
1.40174350183e-08	1.41624334447e-05
1.4124438339e-08	5.10677227794e-05
1.42314416598e-08	6.90051938363e-05
1.43384449805e-08	6.31529446764e-05
1.44454483013e-08	3.68127084585e-05
1.4552451622e-08	-1.48528592092e-07
1.46594549428e-08	-3.49302517861e-05
1.47664582635e-08	-5.61880879104e-05
1.48734615843e-08	-5.76917645958e-05
1.4980464905e-08	-4.00835847358e-05
1.50874682258e-08	-1.02726681916e-05
1.51944715465e-08	2.12072422983e-05
1.53014748673e-08	4.38791494162e-05
1.5408478188e-08	5.07736408508e-05
1.55154815088e-08	4.05280811719e-05
1.56224848295e-08	1.75076893356e-05
1.57294881503e-08	-9.95861148567e-06
1.5836491471e-08	-3.25576659179e-05
1.59434947918e-08	-4.31176476923e-05
1.60504981125e-08	-3.88497746826e-05
1.61575014333e-08	-2.20170945795e-05
1.6264504754e-08	1.10600610981e-06
1.63715080748e-08	2.25309793223e-05
1.64785113955e-08	3.52912625203e-05
1.65855147163e-08	3.56779378308e-05
1.6692518037e-08	2.42768685439e-05
1.67995213578e-08	5.52753823513e-06
1.69065246785e-08	-1.39638785868e-05
1.70135279993e-08	-2.7726756116e-05
1.712053132e-08	-3.15526801842e-05
1.72275346408e-08	-2.47534740083e-05
1.73345379615e-08	-1.01830465837e-05
1.74415412823e-08	6.90537740411e-06
1.7548544603e-08	2.07313839837e-05
1.76555479238e-08	2.69240399575e-05
1.77625512445e-08	2.38806921971e-05
1.78695545653e-08	1.3138206441e-05
1.7976557886e-08	-1.31719343699e-06
1.80835612068e-08	-1.45054609675e-05
1.81905645275e-08	-2.21494863126e-05
1.82975678483e-08	-2.20491458549e-05
1.8404571169e-08	-1.46832577457e-05
1.85115744898e-08	-2.89980593493e-06
1.86185778105e-08	9.1604181307e-06
1.87255811313e-08	1.75044838215e-05
1.8832584452e-08	1.95954962692e-05
1.89395877728e-08	1.51040485434e-05
1.90465910935e-08	5.89069867374e-06
1.91535944143e-08	-4.7343866072e-06
1.9260597735e-08	-1.31853083758e-05
1.93676010558e-08	-1.68012738868e-05
1.94746043765e-08	-1.46682235709e-05
1.95816076973e-08	-7.82088244478e-06
1.9688611018e-08	1.21064479686e-06
1.97956143388e-08	9.32211275995e-06
1.99026176595e-08	1.38918896937e-05
2.00096209803e-08	1.36173113106e-05
2.0116624301e-08	8.86785971943e-06
2.02236276218e-08	1.46817313862e-06
2.03306309425e-08	-5.98931973173e-06
2.04376342633e-08	-1.10417123551e-05
2.0544637584e-08	-1.21617855484e-05
2.06516409048e-08	-9.20636171031e-06
2.07586442255e-08	-3.38587597071e-06
2.08656475463e-08	3.21598571418e-06
2.0972650867e-08	8.37645188767e-06
2.10796541878e-08	1.04773861267e-05
2.11866575085e-08	9.00198335785e-06
2.12936608293e-08	4.6431159717e-06
2.140066415e-08	-9.95648079538e-07
2.15076674708e-08	-5.98100160687e-06
2.16146707915e-08	-8.7068041239e-06
2.17216741123e-08	-8.40393408907e-06
2.1828677433e-08	-5.34741127467e-06
2.19356807538e-08	-7.03849103445e-07
2.20426840745e-08	3.90446189158e-06
2.21496873953e-08	6.95919788996e-06
