% time-domain current integration by openEMS v0.0.36-16-g7d7688a @Sun Jan  5 10:38:20 2025
% start-coordinates: (-0.00252587,-0.00810881,-2.6092e-05) m -> [38,52,22]
% stop-coordinates: (0.00179194,-0.00810881,2.2079e-05) m -> [44,52,23]
% t/s	current
2.48613663453e-14	0
1.07028182117e-10	2.90348278753e-09
2.14031502867e-10	5.12761122451e-09
3.21034823617e-10	6.83418477365e-09
4.28038144367e-10	6.13518835735e-09
5.35041465117e-10	-1.59808402622e-10
6.42044785867e-10	-1.23763248538e-08
7.49048106618e-10	-2.9240887045e-08
8.56051427368e-10	-4.44646701681e-08
9.63054748118e-10	-4.66111806929e-08
1.07005806887e-09	-2.27897771765e-08
1.17706138962e-09	3.55287568254e-08
1.28406471037e-09	1.22730313024e-07
1.39106803112e-09	2.11860566424e-07
1.49807135187e-09	2.54235004604e-07
1.60507467262e-09	1.91998523746e-07
1.71207799337e-09	-1.56645789673e-08
1.81908131412e-09	-3.57978990451e-07
1.92608463487e-09	-7.4512502124e-07
2.03308795562e-09	-1.00828799532e-06
2.14009127637e-09	-9.42412725635e-07
2.24709459712e-09	-3.93358732254e-07
2.35409791787e-09	6.35787216652e-07
2.46110123862e-09	1.90563150682e-06
2.56810455937e-09	2.94523169941e-06
2.67510788012e-09	3.17575904774e-06
2.78211120087e-09	2.14274496102e-06
2.88911452162e-09	-2.16891251625e-07
2.99611784237e-09	-3.39311213793e-06
3.10312116312e-09	-6.32869159745e-06
3.21012448387e-09	-7.71267150412e-06
3.31712780462e-09	-6.48755258226e-06
3.42413112537e-09	-2.39378073275e-06
3.53113444612e-09	3.69555800717e-06
3.63813776687e-09	9.86206396192e-06
3.74514108762e-09	1.37155375342e-05
3.85214440837e-09	1.33023413582e-05
3.95914772912e-09	8.00712950877e-06
4.06615104987e-09	-9.57588781603e-07
4.17315437062e-09	-1.07626547106e-05
4.28015769137e-09	-1.78890022653e-05
4.38716101212e-09	-1.94629719772e-05
4.49416433287e-09	-1.446983606e-05
4.60116765362e-09	-4.31089665653e-06
4.70817097437e-09	7.59076465329e-06
4.81517429512e-09	1.70352523128e-05
4.92217761587e-09	2.06617842196e-05
5.02918093662e-09	1.7270564058e-05
5.13618425738e-09	8.28924476082e-06
5.24318757813e-09	-2.82049722955e-06
5.35019089888e-09	-1.19666556202e-05
5.45719421963e-09	-1.60451054398e-05
5.56419754038e-09	-1.40943657243e-05
5.67120086113e-09	-7.52540654503e-06
5.77820418188e-09	6.23613743755e-07
5.88520750263e-09	7.04032663634e-06
5.99221082338e-09	9.49420154939e-06
6.09921414413e-09	7.62953368394e-06
6.20621746488e-09	2.90948560178e-06
6.31322078563e-09	-2.19177536565e-06
6.42022410638e-09	-5.34078844794e-06
6.52722742713e-09	-5.32345984539e-06
6.63423074788e-09	-2.45460114456e-06
6.74123406863e-09	1.69968905084e-06
6.84823738938e-09	5.10504469275e-06
6.95524071013e-09	6.17207433606e-06
7.06224403088e-09	4.40801704826e-06
7.16924735163e-09	5.61161755286e-07
7.27625067238e-09	-3.75656259166e-06
7.38325399313e-09	-6.77196749166e-06
7.49025731388e-09	-7.27108454157e-06
7.59726063463e-09	-5.05330990563e-06
7.70426395538e-09	-9.64902710621e-07
7.81126727613e-09	3.46782280758e-06
7.91827059688e-09	6.63730588712e-06
8.02527391763e-09	7.44675890019e-06
8.13227723838e-09	5.68082487007e-06
8.23928055913e-09	2.03828381018e-06
8.34628387988e-09	-2.15993350139e-06
8.45328720063e-09	-5.46214187125e-06
8.56029052138e-09	-6.79233744449e-06
8.66729384213e-09	-5.79682409807e-06
8.77429716288e-09	-2.92421577797e-06
8.88130048363e-09	7.70755036683e-07
8.98830380438e-09	4.01538272854e-06
9.09530712513e-09	5.75677040615e-06
9.20231044588e-09	5.50015738554e-06
9.30931376663e-09	3.44134400621e-06
9.41631708738e-09	3.62142174026e-07
9.52332040813e-09	-2.66241249847e-06
9.63032372888e-09	-4.63555261376e-06
9.73732704963e-09	-4.96689062857e-06
9.84433037038e-09	-3.64026800526e-06
9.95133369113e-09	-1.18812999972e-06
1.00583370119e-08	1.51560448103e-06
1.01653403326e-08	3.56495138476e-06
1.02723436534e-08	4.32208116763e-06
1.03793469741e-08	3.61149091077e-06
1.04863502949e-08	1.75218201548e-06
1.05933536156e-08	-5.76361117055e-07
1.07003569364e-08	-2.57924921243e-06
1.08073602571e-08	-3.61468687515e-06
1.09143635779e-08	-3.3971339235e-06
1.10213668986e-08	-2.07053994927e-06
1.11283702194e-08	-1.36335501111e-07
1.12353735401e-08	1.73272405846e-06
1.13423768609e-08	2.92402819468e-06
1.14493801816e-08	3.08377775582e-06
1.15563835024e-08	2.21871096073e-06
1.16633868231e-08	6.73187059874e-07
1.17703901439e-08	-1.00386864688e-06
1.18773934646e-08	-2.25182361646e-06
1.19843967854e-08	-2.6838897611e-06
1.20914001061e-08	-2.20466290557e-06
1.21984034269e-08	-1.02470301044e-06
1.23054067476e-08	4.26493670602e-07
1.24124100684e-08	1.65475921676e-06
1.25194133891e-08	2.26789461522e-06
1.26264167099e-08	2.09916584026e-06
1.27334200306e-08	1.24925986711e-06
1.28404233514e-08	3.77557043407e-08
1.29474266721e-08	-1.11500844469e-06
1.30544299929e-08	-1.83226211448e-06
1.31614333136e-08	-1.90259402189e-06
1.32684366344e-08	-1.34011963837e-06
1.33754399551e-08	-3.66797536344e-07
1.34824432759e-08	6.72733676765e-07
1.35894465966e-08	1.43184365697e-06
1.36964499174e-08	1.67637574577e-06
1.38034532381e-08	1.35535162826e-06
1.39104565589e-08	6.07236529504e-07
1.40174598796e-08	-2.9663812029e-07
1.41244632004e-08	-1.04922662558e-06
1.42314665211e-08	-1.41107557283e-06
1.43384698419e-08	-1.28539511479e-06
1.44454731626e-08	-7.41720327824e-07
1.45524764834e-08	1.65590385848e-08
1.46594798041e-08	7.27006863599e-07
1.47664831249e-08	1.15813247703e-06
1.48734864456e-08	1.18383297831e-06
1.49804897664e-08	8.19016975129e-07
1.50874930871e-08	2.06505831102e-07
1.51944964079e-08	-4.37435005551e-07
1.53014997286e-08	-8.98649602732e-07
1.54085030494e-08	-1.0355795439e-06
1.55155063701e-08	-8.21766377612e-07
1.56225096909e-08	-3.47931148781e-07
1.57295130116e-08	2.14672240872e-07
1.58365163324e-08	6.75407704875e-07
1.59435196531e-08	8.88211616257e-07
1.60505229739e-08	7.97198254077e-07
1.61575262946e-08	4.49894571375e-07
1.62645296154e-08	-2.43928663934e-08
1.63715329361e-08	-4.61941283447e-07
1.64785362569e-08	-7.20575599189e-07
1.65855395776e-08	-7.25326003703e-07
1.66925428984e-08	-4.89261708481e-07
1.67995462191e-08	-1.04116537614e-07
1.69065495399e-08	2.94520532407e-07
1.70135528606e-08	5.74400985442e-07
1.71205561814e-08	6.50085723919e-07
1.72275595021e-08	5.08387302034e-07
1.73345628229e-08	2.08559455928e-07
1.74415661436e-08	-1.41407326737e-07
1.75485694644e-08	-4.23205165134e-07
1.76555727851e-08	-5.47855336208e-07
1.77625761059e-08	-4.83296275888e-07
1.78695794266e-08	-2.61733589468e-07
1.79765827474e-08	3.47199780037e-08
1.80835860681e-08	3.0398467743e-07
1.81905893889e-08	4.58841185491e-07
1.82975927096e-08	4.5480859967e-07
1.84045960304e-08	3.02389423723e-07
1.85115993511e-08	6.03888494766e-08
1.86186026719e-08	-1.86224809795e-07
1.87256059926e-08	-3.55851739187e-07
1.88326093134e-08	-3.96999325858e-07
1.89396126341e-08	-3.03506624277e-07
1.90466159549e-08	-1.13965278103e-07
1.91536192756e-08	1.03591446532e-07
1.92606225964e-08	2.75787527926e-07
1.93676259171e-08	3.4847647612e-07
1.94746292379e-08	3.03410160996e-07
1.95816325586e-08	1.62236005963e-07
1.96886358794e-08	-2.29396768248e-08
1.97956392002e-08	-1.88522434996e-07
1.99026425209e-08	-2.81035028138e-07
2.00096458417e-08	-2.74192018423e-07
2.01166491624e-08	-1.75964800064e-07
2.02236524832e-08	-2.40179467426e-08
2.03306558039e-08	1.28438841784e-07
2.04376591247e-08	2.3110774805e-07
2.05446624454e-08	2.53002156114e-07
2.06516657662e-08	1.91555344031e-07
2.07586690869e-08	7.18382224818e-08
2.08656724077e-08	-6.33141539197e-08
2.09726757284e-08	-1.68444785231e-07
2.10796790492e-08	-2.10604852668e-07
2.11866823699e-08	-1.79536655764e-07
2.12936856907e-08	-8.97051535276e-08
2.14006890114e-08	2.58932431052e-08
2.15076923322e-08	1.27638827507e-07
2.16146956529e-08	1.82780510727e-07
2.17216989737e-08	1.75825576321e-07
2.18287022944e-08	1.12642894123e-07
2.19357056152e-08	1.73135319415e-08
2.20427089359e-08	-7.68807097984e-08
2.21497122567e-08	-1.38934964866e-07
