% time-domain current integration by openEMS v0.0.36-16-g7d7688a @Wed Jan  1 11:36:08 2025
% start-coordinates: (-0.00166667,-0.0113333,-1.16e-05) m -> [23,38,11]
% stop-coordinates: (0.001,-0.0113333,3.48e-05) m -> [28,38,15]
% t/s	current
6.88259538088e-15	0
1.07017475577e-10	1.57399711043e-08
2.14028068559e-10	2.31557795161e-08
3.21038661541e-10	2.2235406405e-08
4.28049254523e-10	4.83209117164e-09
5.35059847505e-10	-3.47267032907e-08
6.42070440487e-10	-9.28338792505e-08
7.49081033469e-10	-1.48721866822e-07
8.56091626451e-10	-1.63791881391e-07
9.63102219433e-10	-9.09174318053e-08
1.07011281241e-09	1.03441990973e-07
1.1771234054e-09	4.0490223796e-07
1.28413399838e-09	7.20984417057e-07
1.39114459136e-09	8.78368382473e-07
1.49815518434e-09	6.64539015816e-07
1.60516577732e-09	-7.20342399063e-08
1.71217637031e-09	-1.29164777718e-06
1.81918696329e-09	-2.65855851467e-06
1.92619755627e-09	-3.5404789287e-06
2.03320814925e-09	-3.17974217978e-06
2.14021874223e-09	-1.03301613308e-06
2.24722933522e-09	2.81738812191e-06
2.3542399282e-09	7.37613254387e-06
2.46125052118e-09	1.07923351607e-05
2.56826111416e-09	1.08976400952e-05
2.67527170714e-09	6.15327553533e-06
2.78228230013e-09	-3.31850696966e-06
2.88929289311e-09	-1.51256372192e-05
2.99630348609e-09	-2.48973847192e-05
3.10331407907e-09	-2.76529572147e-05
3.21032467205e-09	-1.99259538931e-05
3.31733526503e-09	-1.82790790859e-06
3.42434585802e-09	2.19798766921e-05
3.531356451e-09	4.31760854553e-05
3.63836704398e-09	5.25764990016e-05
3.74537763696e-09	4.39549075963e-05
3.85238822994e-09	1.73159605765e-05
3.95939882293e-09	-1.99998703465e-05
4.06640941591e-09	-5.52561032237e-05
4.17342000889e-09	-7.48839447624e-05
4.28043060187e-09	-6.99669690221e-05
4.38744119485e-09	-4.03132798965e-05
4.49445178784e-09	4.8065721785e-06
4.60146238082e-09	4.98220797454e-05
4.7084729738e-09	7.87710741861e-05
4.81548356678e-09	8.15197781776e-05
4.92249415976e-09	5.76573875151e-05
5.02950475275e-09	1.6427027731e-05
5.13651534573e-09	-2.71950539172e-05
5.24352593871e-09	-5.84876106586e-05
5.35053653169e-09	-6.84436454321e-05
5.45754712467e-09	-5.64936344745e-05
5.56455771765e-09	-2.96454727504e-05
5.67156831064e-09	1.19111655295e-06
5.77857890362e-09	2.58078034676e-05
5.8855894966e-09	3.82035759685e-05
5.99260008958e-09	3.77567666874e-05
6.09961068256e-09	2.80523090623e-05
6.20662127555e-09	1.43889938045e-05
6.31363186853e-09	1.35449170102e-06
6.42064246151e-09	-8.49003208714e-06
6.52765305449e-09	-1.45602043631e-05
6.63466364747e-09	-1.73166790773e-05
6.74167424046e-09	-1.72627096617e-05
6.84868483344e-09	-1.45105695992e-05
6.95569542642e-09	-9.05771594262e-06
7.0627060194e-09	-1.42312637763e-06
7.16971661238e-09	6.91493278282e-06
7.27672720537e-09	1.36880726131e-05
7.38373779835e-09	1.66243771673e-05
7.49074839133e-09	1.44759960676e-05
7.59775898431e-09	7.7402610259e-06
7.70476957729e-09	-1.34240804073e-06
7.81178017028e-09	-9.57377596933e-06
7.91879076326e-09	-1.40446181831e-05
8.02580135624e-09	-1.32952718559e-05
8.13281194922e-09	-7.88064244261e-06
8.2398225422e-09	-1.01522772411e-07
8.34683313518e-09	6.96783081366e-06
8.45384372817e-09	1.07265632323e-05
8.56085432115e-09	1.00433644548e-05
8.66786491413e-09	5.60526996196e-06
8.77487550711e-09	-4.86366900532e-07
8.88188610009e-09	-5.6619796851e-06
8.98889669308e-09	-7.95174491941e-06
9.09590728606e-09	-6.7326068347e-06
9.20291787904e-09	-2.87116290565e-06
9.30992847202e-09	1.75376840161e-06
9.416939065e-09	5.10956442668e-06
9.52394965799e-09	5.87100657867e-06
9.63096025097e-09	3.93209802496e-06
9.73797084395e-09	3.53269911102e-07
9.84498143693e-09	-3.15223655889e-06
9.95199202991e-09	-4.99687575939e-06
1.00590026229e-08	-4.40366329713e-06
1.01660132159e-08	-1.71231829427e-06
1.02730238089e-08	1.80750328127e-06
1.03800344018e-08	4.53496295449e-06
1.04870449948e-08	5.21412221133e-06
1.05940555878e-08	3.4986371702e-06
1.07010661808e-08	9.93459821075e-08
1.08080767738e-08	-3.52216306965e-06
1.09150873668e-08	-5.77799892199e-06
1.10220979597e-08	-5.63209778193e-06
1.11291085527e-08	-3.04883246827e-06
1.12361191457e-08	9.75836883299e-07
1.13431297387e-08	4.81127972307e-06
1.14501403317e-08	6.85657914801e-06
1.15571509246e-08	6.20005857854e-06
1.16641615176e-08	3.00526221508e-06
1.17711721106e-08	-1.53309338202e-06
1.18781827036e-08	-5.64912943446e-06
1.19851932966e-08	-7.69954658608e-06
1.20922038896e-08	-6.81702476868e-06
1.21992144825e-08	-3.2646244108e-06
1.23062250755e-08	1.64927234891e-06
1.24132356685e-08	6.06495905231e-06
1.25202462615e-08	8.28310476209e-06
1.26272568545e-08	7.41944222682e-06
1.27342674474e-08	3.7506629269e-06
1.28412780404e-08	-1.38174539188e-06
1.29482886334e-08	-6.07282663623e-06
1.30552992264e-08	-8.56909173308e-06
1.31623098194e-08	-7.92662376625e-06
1.32693204124e-08	-4.36457730757e-06
1.33763310053e-08	8.16874660359e-07
1.34833415983e-08	5.7200786614e-06
1.35903521913e-08	8.5526608018e-06
1.36973627843e-08	8.28573138278e-06
1.38043733773e-08	5.0261674005e-06
1.39113839702e-08	-3.20295328038e-08
1.40183945632e-08	-5.05276830154e-06
1.41254051562e-08	-8.23097707325e-06
1.42324157492e-08	-8.44505302666e-06
1.43394263422e-08	-5.65148911846e-06
1.44464369352e-08	-8.83692166553e-07
1.45534475281e-08	4.13619272877e-06
1.46604581211e-08	7.62543595556e-06
1.47674687141e-08	8.37648804008e-06
1.48744793071e-08	6.17424484517e-06
1.49814899001e-08	1.84994371466e-06
1.5088500493e-08	-3.03667161461e-06
1.5195511086e-08	-6.76508716424e-06
1.5302521679e-08	-8.06211482995e-06
1.5409532272e-08	-6.53573852105e-06
1.5516542865e-08	-2.78687480204e-06
1.5623553458e-08	1.8288726551e-06
1.57305640509e-08	5.69554686081e-06
1.58375746439e-08	7.50441495256e-06
1.59445852369e-08	6.69575592838e-06
1.60515958299e-08	3.6262656522e-06
1.61586064229e-08	-5.85426391808e-07
1.62656170158e-08	-4.46923741038e-06
1.63726276088e-08	-6.71829548082e-06
1.64796382018e-08	-6.62739194013e-06
1.65866487948e-08	-4.30880027125e-06
1.66936593878e-08	-6.21796118594e-07
1.68006699808e-08	3.14722046824e-06
1.69076805737e-08	5.7346524045e-06
1.70146911667e-08	6.32199817119e-06
1.71217017597e-08	4.79003620057e-06
1.72287123527e-08	1.72805562215e-06
1.73357229457e-08	-1.79268909051e-06
1.74427335386e-08	-4.59445345768e-06
1.75497441316e-08	-5.78537128604e-06
1.76567547246e-08	-5.03930777995e-06
1.77637653176e-08	-2.67660493591e-06
1.78707759106e-08	4.69820179205e-07
1.79777865036e-08	3.34841979566e-06
1.80847970965e-08	5.03872479385e-06
1.81918076895e-08	5.042003977e-06
1.82988182825e-08	3.42249518326e-06
1.84058288755e-08	7.61063688515e-07
1.85128394685e-08	-2.0524030333e-06
1.86198500614e-08	-4.11531709688e-06
1.87268606544e-08	-4.79849086332e-06
1.88338712474e-08	-3.93321124648e-06
1.89408818404e-08	-1.8456618136e-06
1.90478924334e-08	7.64941148645e-07
1.91549030264e-08	3.0590397273e-06
1.92619136193e-08	4.32381693827e-06
1.93689242123e-08	4.19071511715e-06
1.94759348053e-08	2.73877549262e-06
1.95829453983e-08	4.56625400602e-07
1.96899559913e-08	-1.920705472e-06
1.97969665842e-08	-3.64588481716e-06
1.99039771772e-08	-4.19095977122e-06
2.00109877702e-08	-3.40616475114e-06
2.01179983632e-08	-1.5590487692e-06
2.02250089562e-08	7.5525633747e-07
2.03320195492e-08	2.80355425275e-06
2.04390301421e-08	3.94424068872e-06
2.05460407351e-08	3.82609141525e-06
2.06530513281e-08	2.49594154411e-06
2.07600619211e-08	3.81540928629e-07
2.08670725141e-08	-1.84375505796e-06
2.09740831071e-08	-3.47337049789e-06
2.10810937e-08	-3.99010150431e-06
2.1188104293e-08	-3.23024119098e-06
2.1295114886e-08	-1.43621969073e-06
2.1402125479e-08	8.1892505932e-07
2.1509136072e-08	2.8125236895e-06
2.16161466649e-08	3.90299965147e-06
2.17231572579e-08	3.73599573322e-06
2.18301678509e-08	2.36053824665e-06
2.19371784439e-08	2.16503963202e-07
2.20441890369e-08	-2.0047673388e-06
2.21511996299e-08	-3.58214833796e-06
2.22582102228e-08	-3.99926511818e-06
2.23652208158e-08	-3.11405756293e-06
2.24722314088e-08	-1.20862762287e-06
2.25792420018e-08	1.09932750547e-06
2.26862525948e-08	3.05627509078e-06
2.27932631877e-08	4.01876559408e-06
2.29002737807e-08	3.66591393686e-06
2.30072843737e-08	2.1075757104e-06
2.31142949667e-08	-1.49020422668e-07
2.32213055597e-08	-2.36338019022e-06
2.33283161527e-08	-3.80549317924e-06
2.34353267456e-08	-3.99659074901e-06
2.35423373386e-08	-2.86949079964e-06
2.36493479316e-08	-7.92916807768e-07
2.37563585246e-08	1.54890255999e-06
2.38633691176e-08	3.38176914738e-06
2.39703797105e-08	4.09806307289e-06
2.40773903035e-08	3.4591853364e-06
2.41844008965e-08	1.67549569596e-06
2.42914114895e-08	-6.62487423142e-07
2.43984220825e-08	-2.77985850516e-06
2.45054326755e-08	-3.9746796574e-06
2.46124432684e-08	-3.85150769944e-06
2.47194538614e-08	-2.45273872679e-06
2.48264644544e-08	-2.44220416334e-07
2.49334750474e-08	2.03986223823e-06
2.50404856404e-08	3.64187735613e-06
2.51474962333e-08	4.03246895075e-06
2.52545068263e-08	3.08584162667e-06
2.53615174193e-08	1.12066072688e-06
2.54685280123e-08	-1.20755873922e-06
2.55755386053e-08	-3.12550287163e-06
2.56825491983e-08	-3.99949112762e-06
2.57895597912e-08	-3.54502026312e-06
2.58965703842e-08	-1.91971275854e-06
2.60035809772e-08	3.3163274793e-07
2.61105915702e-08	2.45988758252e-06
2.62176021632e-08	3.76136949853e-06
2.63246127561e-08	3.81080189982e-06
2.64316233491e-08	2.60023170995e-06
2.65386339421e-08	5.38794949989e-07
2.66456445351e-08	-1.68590349858e-06
2.67526551281e-08	-3.33747857439e-06
2.68596657211e-08	-3.87467116525e-06
2.6966676314e-08	-3.12892416332e-06
2.7073686907e-08	-1.35674065405e-06
2.71806975e-08	8.48640013373e-07
2.7287708093e-08	2.75606134892e-06
2.7394718686e-08	3.73909483642e-06
2.75017292789e-08	3.48180765286e-06
2.76087398719e-08	2.07982338907e-06
2.77157504649e-08	5.20264542558e-09
2.78227610579e-08	-2.05290598387e-06
2.79297716509e-08	-3.41718828167e-06
2.80367822439e-08	-3.64512084161e-06
2.81437928368e-08	-2.67223845185e-06
2.82508034298e-08	-8.29639020594e-07
2.83578140228e-08	1.26890461161e-06
2.84648246158e-08	2.93139669338e-06
2.85718352088e-08	3.61577758667e-06
2.86788458017e-08	3.10648852064e-06
2.87858563947e-08	1.58191699029e-06
2.88928669877e-08	-4.4788220066e-07
2.89998775807e-08	-2.31220042224e-06
2.91068881737e-08	-3.40099768437e-06
2.92138987667e-08	-3.36432981385e-06
2.93209093596e-08	-2.22471749112e-06
2.94279199526e-08	-3.65939683888e-07
2.95349305456e-08	1.59615319717e-06
2.96419411386e-08	3.0177093322e-06
2.97489517316e-08	3.43772467204e-06
2.98559623245e-08	2.72764759757e-06
2.99629729175e-08	1.13008616154e-06
3.00699835105e-08	-8.23862308152e-07
3.01769941035e-08	-2.4912274057e-06
3.02840046965e-08	-3.32855984198e-06
3.03910152895e-08	-3.06879974232e-06
3.04980258824e-08	-1.80625943358e-06
3.06050364754e-08	3.7380441853e-08
3.07120470684e-08	1.85373903605e-06
3.08190576614e-08	3.04852005684e-06
3.09260682544e-08	3.23565495819e-06
3.10330788474e-08	2.36197138292e-06
3.11400894403e-08	7.21700757822e-07
3.12471000333e-08	-1.14210661195e-06
3.13541106263e-08	-2.61782929556e-06
3.14611212193e-08	-3.22531923302e-06
3.15681318123e-08	-2.77218487099e-06
3.16751424052e-08	-1.41470070503e-06
3.17821529982e-08	3.96084800514e-07
3.18891635912e-08	2.06413756132e-06
3.19961741842e-08	3.04427044284e-06
3.21031847772e-08	3.02045646094e-06
3.22101953702e-08	2.0075096927e-06
3.23172059631e-08	3.44157371046e-07
3.24242165561e-08	-1.42059536756e-06
3.25312271491e-08	-2.70787245427e-06
3.26382377421e-08	-3.09933557219e-06
3.27452483351e-08	-2.47268872045e-06
3.2852258928e-08	-1.03997899714e-06
3.2959269521e-08	7.24110293504e-07
3.3066280114e-08	2.23922256737e-06
3.3173290707e-08	3.01056866192e-06
3.32803013e-08	2.79009395854e-06
3.3387311893e-08	1.6564112002e-06
3.34943224859e-08	-1.30389254949e-08
3.36013330789e-08	-1.66749180153e-06
3.37083436719e-08	-2.76470609606e-06
3.38153542649e-08	-2.94829987979e-06
3.39223648579e-08	-2.163820227e-06
3.40293754508e-08	-6.74616103424e-07
3.41363860438e-08	1.02642025013e-06
3.42433966368e-08	2.38011875808e-06
3.43504072298e-08	2.9444579468e-06
3.44574178228e-08	2.53929601968e-06
