% time-domain current integration by openEMS v0.0.36-16-g7d7688a @Fri Dec 27 13:33:07 2024
% start-coordinates: (-0.00166667,0.000333333,-1.16e-05) m -> [29,42,13]
% stop-coordinates: (0.001,0.000333333,3.48e-05) m -> [34,42,17]
% t/s	current
5.13392638452e-15	0
1.2913365035e-10	-1.76580228217e-09
2.58262166773e-10	4.02503896879e-09
3.87390683197e-10	5.72582159464e-09
5.1651919962e-10	6.56674137289e-09
6.45647716044e-10	3.94733490339e-09
7.74776232467e-10	-3.89737708772e-09
9.03904748891e-10	-1.19605125803e-08
1.03303326531e-09	-1.63943738585e-08
1.16216178174e-09	-1.38138585015e-08
1.29129029816e-09	-3.08859671172e-09
1.42041881459e-09	1.38737075162e-08
1.54954733101e-09	2.97913516079e-08
1.67867584743e-09	3.31032303791e-08
1.80780436386e-09	1.91581577269e-08
1.93693288028e-09	-9.2148875197e-09
2.0660613967e-09	-4.01987101384e-08
2.19518991313e-09	-5.80319863275e-08
2.32431842955e-09	-5.03991728351e-08
2.45344694597e-09	-1.40340468135e-08
2.5825754624e-09	4.05105886614e-08
2.71170397882e-09	8.87884823442e-08
2.84083249524e-09	1.02982660621e-07
2.96996101167e-09	6.48340119369e-08
3.09908952809e-09	-1.92136866417e-08
3.22821804451e-09	-1.1599422578e-07
3.35734656094e-09	-1.76027498355e-07
3.48647507736e-09	-1.56286404263e-07
3.61560359378e-09	-4.64812757173e-08
3.74473211021e-09	1.17981599601e-07
3.87386062663e-09	2.60997410351e-07
4.00298914306e-09	2.99369872891e-07
4.13211765948e-09	1.84871026931e-07
4.2612461759e-09	-5.8082456178e-08
4.39037469233e-09	-3.29604716853e-07
4.51950320875e-09	-4.89413935156e-07
4.64863172517e-09	-4.24354567485e-07
4.7777602416e-09	-1.17217567208e-07
4.90688875802e-09	3.23622458609e-07
5.03601727444e-09	6.92064986652e-07
5.16514579087e-09	7.75778630668e-07
5.29427430729e-09	4.67090984557e-07
5.42340282371e-09	-1.5453028368e-07
5.55253134014e-09	-8.26744894766e-07
5.68165985656e-09	-1.20542404147e-06
5.81078837298e-09	-1.03082913938e-06
5.93991688941e-09	-2.83543243995e-07
6.06904540583e-09	7.58679732371e-07
6.19817392225e-09	1.60872332344e-06
6.32730243868e-09	1.78806783424e-06
6.4564309551e-09	1.07844971353e-06
6.58555947153e-09	-3.14747012453e-07
6.71468798795e-09	-1.79448363724e-06
6.84381650437e-09	-2.61476816377e-06
6.9729450208e-09	-2.24178279495e-06
7.10207353722e-09	-6.67657843678e-07
7.23120205364e-09	1.50071252847e-06
7.36033057007e-09	3.25483188135e-06
7.48945908649e-09	3.64141851605e-06
7.61858760291e-09	2.25837629841e-06
7.74771611934e-09	-4.58166823591e-07
7.87684463576e-09	-3.33457114721e-06
8.00597315218e-09	-4.9532641242e-06
8.13510166861e-09	-4.33589366367e-06
8.26423018503e-09	-1.49559878082e-06
8.39335870145e-09	2.44338366429e-06
8.52248721788e-09	5.6704166127e-06
8.6516157343e-09	6.51107984595e-06
8.78074425073e-09	4.2764081627e-06
8.90987276715e-09	-2.85532081534e-07
9.03900128357e-09	-5.20312187291e-06
9.1681298e-09	-8.12609050627e-06
9.29725831642e-09	-7.44002181818e-06
9.42638683284e-09	-3.12747943099e-06
9.55551534927e-09	3.0773171602e-06
9.68464386569e-09	8.3753529907e-06
9.81377238211e-09	1.01658588392e-05
9.94290089854e-09	7.31494264983e-06
1.0072029415e-08	8.09897812815e-07
1.02011579314e-08	-6.55843496133e-06
1.03302864478e-08	-1.13997448352e-05
1.04594149642e-08	-1.12894094855e-05
1.05885434807e-08	-5.96866539126e-06
1.07176719971e-08	2.41189604822e-06
1.08468005135e-08	1.01695168269e-05
1.09759290299e-08	1.37227534651e-05
1.11050575463e-08	1.12500783871e-05
1.12341860628e-08	3.59805153494e-06
1.13633145792e-08	-6.00457542532e-06
1.14924430956e-08	-1.33318026201e-05
1.1621571612e-08	-1.50365067384e-05
1.17507001285e-08	-1.01757368611e-05
1.18798286449e-08	-6.89774310558e-07
1.20089571613e-08	9.39641176956e-06
1.21380856777e-08	1.57043541549e-05
1.22672141942e-08	1.54105182446e-05
1.23963427106e-08	8.49322168506e-06
1.2525471227e-08	-2.22360836233e-06
1.26545997434e-08	-1.22496066979e-05
1.27837282599e-08	-1.73225980689e-05
1.29128567763e-08	-1.5211317077e-05
1.30419852927e-08	-6.67099993734e-06
1.31711138091e-08	4.846696811e-06
1.33002423255e-08	1.4600981558e-05
1.3429370842e-08	1.85084463737e-05
1.35584993584e-08	1.48320013977e-05
1.36876278748e-08	4.92755907544e-06
1.38167563912e-08	-7.25977133698e-06
1.39458849077e-08	-1.67596699612e-05
1.40750134241e-08	-1.95860702661e-05
1.42041419405e-08	-1.4393019228e-05
1.43332704569e-08	-3.09935762743e-06
1.44623989734e-08	9.80048753263e-06
1.45915274898e-08	1.90059545275e-05
1.47206560062e-08	2.05765263672e-05
1.48497845226e-08	1.36195476443e-05
1.49789130391e-08	7.7821209743e-07
1.51080415555e-08	-1.27439770949e-05
1.52371700719e-08	-2.12801060115e-05
1.53662985883e-08	-2.10847520066e-05
1.54954271047e-08	-1.20003223856e-05
1.56245556212e-08	2.34849744629e-06
1.57536841376e-08	1.59839564731e-05
1.5882812654e-08	2.30785753956e-05
1.60119411704e-08	2.04799507628e-05
1.61410696869e-08	9.14809061214e-06
1.62701982033e-08	-6.16984425506e-06
1.63993267197e-08	-1.89365764527e-05
1.65284552361e-08	-2.3652712116e-05
