% time-domain voltage integration by openEMS v0.0.36-16-g7d7688a @Fri Dec 27 13:33:07 2024
% start-coordinates: (-0.000333333,0,1.16e-05) m -> [32,41,15]
% stop-coordinates: (-0.000333333,0.001,1.16e-05) m -> [32,44,15]
% t/s	voltage
0	-0
1.29128516424e-10	-3.50574033803e-07
2.58257032847e-10	1.15752246899e-07
3.87385549271e-10	8.92548428055e-07
5.16514065694e-10	1.34457735612e-06
6.45642582118e-10	1.16637647807e-06
7.74771098541e-10	3.42887247484e-07
9.03899614965e-10	-9.98135050168e-07
1.03302813139e-09	-2.20782021643e-06
1.16215664781e-09	-2.51757057868e-06
1.29128516424e-09	-1.43417827303e-06
1.42041368066e-09	8.09217226561e-07
1.54954219708e-09	3.29112003783e-06
1.67867071351e-09	4.74929242955e-06
1.80779922993e-09	3.9344824927e-06
1.93692774635e-09	5.43749251847e-07
2.06605626278e-09	-4.32207343692e-06
2.1951847792e-09	-8.28927250041e-06
2.32431329562e-09	-8.70134135766e-06
2.45344181205e-09	-4.19324226186e-06
2.58257032847e-09	4.13511475017e-06
2.71169884489e-09	1.2663029338e-05
2.84082736132e-09	1.65466954059e-05
2.96995587774e-09	1.22119427033e-05
3.09908439416e-09	-3.34996279605e-07
3.22821291059e-09	-1.63678578247e-05
3.35734142701e-09	-2.78174238701e-05
3.48646994343e-09	-2.69182555712e-05
3.61559845986e-09	-1.0676377542e-05
3.74472697628e-09	1.60159543157e-05
3.87385549271e-09	4.11010896642e-05
4.00298400913e-09	5.01030881424e-05
4.13211252555e-09	3.3744789107e-05
4.26124104198e-09	-5.58091392122e-06
4.3903695584e-09	-5.19988116139e-05
4.51949807482e-09	-8.16292686068e-05
4.64862659125e-09	-7.38508388167e-05
4.77775510767e-09	-2.36081978073e-05
4.90688362409e-09	5.1832279496e-05
5.03601214052e-09	0.00011712714695
5.16514065694e-09	0.000134009686008
5.29426917336e-09	8.18880816951e-05
5.42339768979e-09	-2.67402119789e-05
5.55252620621e-09	-0.000145486061228
5.68165472263e-09	-0.000211962833419
5.81078323906e-09	-0.000178515369043
5.93991175548e-09	-4.15472895838e-05
6.06904027191e-09	0.000146918231621
6.19816878833e-09	0.000295898636978
6.32729730475e-09	0.000316842335451
6.45642582118e-09	0.000172413929249
6.5855543376e-09	-9.29121670197e-05
6.71468285402e-09	-0.00036063206062
6.84381137045e-09	-0.00048786206753
6.97293988687e-09	-0.000379890756449
7.10206840329e-09	-5.03198862134e-05
7.23119691972e-09	0.000366052539903
7.36032543614e-09	0.000663588434691
7.48945395256e-09	0.000663350758259
7.61858246899e-09	0.000313678130624
7.74771098541e-09	-0.000260196480667
7.87683950183e-09	-0.000792963051936
8.00596801826e-09	-0.000997172290226
8.13509653468e-09	-0.000712511726306
8.2642250511e-09	-1.12252791951e-05
8.39335356753e-09	0.000803605013061
8.52248208395e-09	0.00132290043985
8.65161060038e-09	0.00123158589122
8.7807391168e-09	0.000488540972583
8.90986763322e-09	-0.000612145842751
9.03899614965e-09	-0.00154834118439
9.16812466607e-09	-0.0018120855093
9.29725318249e-09	-0.00117748306366
9.42638169892e-09	0.000144052075484
9.55551021534e-09	0.00155763520161
9.68463873176e-09	0.00234647089383
9.81376724819e-09	0.00202955317218
9.94289576461e-09	0.000639543606667
1.0072024281e-08	-0.00123411868117
1.02011527975e-08	-0.00268679251894
1.03302813139e-08	-0.00293082778808
1.04594098303e-08	-0.00171422027051
1.05885383467e-08	0.000493590719998
1.07176668632e-08	0.00266946852207
1.08467953796e-08	0.00370657118037
1.0975923896e-08	0.00297305022832
1.11050524124e-08	0.000679070173646
1.12341809288e-08	-0.00215466693044
1.13633094453e-08	-0.00414635182824
1.14924379617e-08	-0.00422532879747
1.16215664781e-08	-0.00220082938904
1.17506949945e-08	0.00107256430783
1.1879823511e-08	0.00404854456428
1.20089520274e-08	0.00521987490356
1.21380805438e-08	0.0038809486432
1.22672090602e-08	0.000536217557965
1.23963375767e-08	-0.00327620166354
1.25254660931e-08	-0.00569306896068
1.26545946095e-08	-0.00543996843044
1.27837231259e-08	-0.00250051455805
1.29128516424e-08	0.00180989905493
1.30419801588e-08	0.00543362169992
1.31711086752e-08	0.0065591300372
1.33002371916e-08	0.00453060516156
1.3429365708e-08	0.000219628040213
1.35584942245e-08	-0.00434815976769
1.36876227409e-08	-0.00695258332416
1.38167512573e-08	-0.00626642093994
1.39458797737e-08	-0.00253396242624
1.40750082902e-08	0.00250777427573
1.42041368066e-08	0.00644531007856
1.4333265323e-08	0.00735512888059
1.44623938394e-08	0.00475120591
1.45915223559e-08	-0.000157299251441
1.47206508723e-08	-0.00503415649291
1.48497793887e-08	-0.00754016591236
1.49789079051e-08	-0.00646645389497
1.51080364216e-08	-0.00232233927818
1.5237164938e-08	0.00291038956493
1.53662934544e-08	0.00673645921052
1.54954219708e-08	0.0073499167338
1.56245504872e-08	0.00449469860177
1.57536790037e-08	-0.000430860731285
1.58828075201e-08	-0.00506692670751
1.60119360365e-08	-0.00723519339226
1.61410645529e-08	-0.0059725374449
1.62701930694e-08	-0.00196006230544
1.63993215858e-08	0.00284394912887
1.65284501022e-08	0.00616930006072
